**********2022-05-23 14:10:44**********
91810.844 91977.333 0.181 13.195 13.195 
0 6 4 3 1 9
0 261.8 0 2085.1 382.8 0 6374.0 0 0 4592.3 0 0 0
0 5 12 11 7
0 0 0 0 0 4465.0 0 1088.3 0 0 0 5423.4 2719.2
0 10 8 2
0 0 0.0 0 0 0 0 0 4.3 0 13691.7 0 0
**********2022-05-23 14:10:54**********
91810.844 91926.953 0.126 23.134 23.134 
0 3 6 11
0 0 0 2048.4 0 0 6261.6 0 0 0 0 5386.0 0
0 4 1 9 7 5 12
0 263.7 0 0 385.5 4545.7 0 1108.0 0 4624.7 0 0 2768.4
0 10 8 2
0 0 0.0 0 0 0 0 0 4.3 0 13691.7 0 0
**********2022-05-23 14:11:04**********
91810.844 91902.383 0.1 33.083 33.083 
0 10
0 0.0 0.0 0.0 0.0 0.0 0.0 0.0 0.0 0.0 13696.0 0.0 0.0
0 2 9 12 6
0 0 0.0 0 0 0 6365.0 0 0 4585.9 0 0 2745.1
0 3 5 1 11 7 8 4
0 259.0 0 2062.4 378.6 4464.5 0 1088.2 20.6 0 0 5422.8 0
**********2022-05-23 14:11:12**********
91810.844 91902.383 0.1 33.083 41.168 
0 10
0 0.0 0.0 0.0 0.0 0.0 0.0 0.0 0.0 0.0 13696.0 0.0 0.0
0 2 9 12 6
0 0 0.0 0 0 0 6365.0 0 0 4585.9 0 0 2745.1
0 3 5 1 11 7 8 4
0 259.0 0 2062.4 378.6 4464.5 0 1088.2 20.6 0 0 5422.8 0
**********2022-05-23 14:11:20**********
91810.844 91880.5 0.076 49.076 49.076 
0 2 10
0 0 0.0 0 0 0 0 0 0 0 13696.0 0 0
0 5 12 1 6
0 258.0 0 0 0 4448.0 6281.0 0 0 0 0 0 2708.9
0 4 9 3 7 8 11
0 0.0 0.0 2090.0 383.7 0.0 0.0 1102.8 20.9 4603.1 0.0 5495.6 0.0
**********2022-05-23 14:11:28**********
91810.844 91880.5 0.076 49.076 57.008 
0 2 10
0 0 0.0 0 0 0 0 0 0 0 13696.0 0 0
0 5 12 1 6
0 258.0 0 0 0 4448.0 6281.0 0 0 0 0 0 2708.9
0 4 9 3 7 8 11
0 0.0 0.0 2090.0 383.7 0.0 0.0 1102.8 20.9 4603.1 0.0 5495.6 0.0
**********2022-05-23 14:11:35**********
91811.984 91870.918 0.064 64.461 64.461 
0 2 10
0 0 0.0 0 0 0 0 0 0 0 13696.0 0 0
0 12 7 5 11
0 0 0 0 0 4465.0 0 1088.3 0 0 0 5423.4 2719.2
0 4 9 3 8 1 6
0 261.4 0.0 2082.0 382.2 0.0 6364.3 0.0 20.8 4585.3 0.0 0.0 0.0
**********2022-05-23 14:11:44**********
91811.984 91870.918 0.064 64.461 73.906 
0 2 10
0 0 0.0 0 0 0 0 0 0 0 13696.0 0 0
0 12 7 5 11
0 0 0 0 0 4465.0 0 1088.3 0 0 0 5423.4 2719.2
0 4 9 3 8 1 6
0 261.4 0.0 2082.0 382.2 0.0 6364.3 0.0 20.8 4585.3 0.0 0.0 0.0
**********2022-05-23 14:11:52**********
91811.984 91870.918 0.064 64.461 81.105 
0 2 10
0 0 0.0 0 0 0 0 0 0 0 13696.0 0 0
0 12 7 5 11
0 0 0 0 0 4465.0 0 1088.3 0 0 0 5423.4 2719.2
0 4 9 3 8 1 6
0 261.4 0.0 2082.0 382.2 0.0 6364.3 0.0 20.8 4585.3 0.0 0.0 0.0
**********2022-05-23 14:11:57**********
91812.506 91870.918 0.064 64.461 86.926 
0 2 10
0 0 0.0 0 0 0 0 0 0 0 13696.0 0 0
0 12 7 5 11
0 0 0 0 0 4465.0 0 1088.3 0 0 0 5423.4 2719.2
0 4 9 3 8 1 6
0 261.4 0.0 2082.0 382.2 0.0 6364.3 0.0 20.8 4585.3 0.0 0.0 0.0
**********2022-05-23 14:12:05**********
91812.506 91870.918 0.064 64.461 94.165 
0 2 10
0 0 0.0 0 0 0 0 0 0 0 13696.0 0 0
0 12 7 5 11
0 0 0 0 0 4465.0 0 1088.3 0 0 0 5423.4 2719.2
0 4 9 3 8 1 6
0 261.4 0.0 2082.0 382.2 0.0 6364.3 0.0 20.8 4585.3 0.0 0.0 0.0
**********2022-05-23 14:12:11**********
91813.048 91870.918 0.063 64.461 100.644 
0 2 10
0 0 0.0 0 0 0 0 0 0 0 13696.0 0 0
0 12 7 5 11
0 0 0 0 0 4465.0 0 1088.3 0 0 0 5423.4 2719.2
0 4 9 3 8 1 6
0 261.4 0.0 2082.0 382.2 0.0 6364.3 0.0 20.8 4585.3 0.0 0.0 0.0
**********2022-05-23 14:12:22**********
91813.048 91870.918 0.063 64.461 111.004 
0 2 10
0 0 0.0 0 0 0 0 0 0 0 13696.0 0 0
0 12 7 5 11
0 0 0 0 0 4465.0 0 1088.3 0 0 0 5423.4 2719.2
0 4 9 3 8 1 6
0 261.4 0.0 2082.0 382.2 0.0 6364.3 0.0 20.8 4585.3 0.0 0.0 0.0
**********2022-05-23 14:12:28**********
91813.841 91870.918 0.062 64.461 116.998 
0 2 10
0 0 0.0 0 0 0 0 0 0 0 13696.0 0 0
0 12 7 5 11
0 0 0 0 0 4465.0 0 1088.3 0 0 0 5423.4 2719.2
0 4 9 3 8 1 6
0 261.4 0.0 2082.0 382.2 0.0 6364.3 0.0 20.8 4585.3 0.0 0.0 0.0
**********2022-05-23 14:12:33**********
91814.394 91868.777 0.059 122.9 122.9 
0 2 10
0 0 0.0 0 0 0 0 0 0 0 13696.0 0 0
0 4 11 6 7 8 1
0 263.3 0.0 0.0 384.8 0.0 6408.4 1106.2 20.9 0.0 0.0 5512.4 0.0
0 5 12 3 9
0 0 0 2048.6 0 4434.7 0 0 0 4511.8 0 0 2700.8
**********2022-05-23 14:12:41**********
91814.394 91868.777 0.059 122.9 130.681 
0 2 10
0 0 0.0 0 0 0 0 0 0 0 13696.0 0 0
0 4 11 6 7 8 1
0 263.3 0.0 0.0 384.8 0.0 6408.4 1106.2 20.9 0.0 0.0 5512.4 0.0
0 5 12 3 9
0 0 0 2048.6 0 4434.7 0 0 0 4511.8 0 0 2700.8
**********2022-05-23 14:12:50**********
91814.394 91868.777 0.059 122.9 139.256 
0 2 10
0 0 0.0 0 0 0 0 0 0 0 13696.0 0 0
0 4 11 6 7 8 1
0 263.3 0.0 0.0 384.8 0.0 6408.4 1106.2 20.9 0.0 0.0 5512.4 0.0
0 5 12 3 9
0 0 0 2048.6 0 4434.7 0 0 0 4511.8 0 0 2700.8
**********2022-05-23 14:12:58**********
91815.137 91868.777 0.058 122.9 147.339 
0 2 10
0 0 0.0 0 0 0 0 0 0 0 13696.0 0 0
0 4 11 6 7 8 1
0 263.3 0.0 0.0 384.8 0.0 6408.4 1106.2 20.9 0.0 0.0 5512.4 0.0
0 5 12 3 9
0 0 0 2048.6 0 4434.7 0 0 0 4511.8 0 0 2700.8
**********2022-05-23 14:13:05**********
91815.137 91868.777 0.058 122.9 154.293 
0 2 10
0 0 0.0 0 0 0 0 0 0 0 13696.0 0 0
0 4 11 6 7 8 1
0 263.3 0.0 0.0 384.8 0.0 6408.4 1106.2 20.9 0.0 0.0 5512.4 0.0
0 5 12 3 9
0 0 0 2048.6 0 4434.7 0 0 0 4511.8 0 0 2700.8
**********2022-05-23 14:13:11**********
91815.645 91868.777 0.058 122.9 160.804 
0 2 10
0 0 0.0 0 0 0 0 0 0 0 13696.0 0 0
0 4 11 6 7 8 1
0 263.3 0.0 0.0 384.8 0.0 6408.4 1106.2 20.9 0.0 0.0 5512.4 0.0
0 5 12 3 9
0 0 0 2048.6 0 4434.7 0 0 0 4511.8 0 0 2700.8
**********2022-05-23 14:13:18**********
91815.645 91868.777 0.058 122.9 167.3 
0 2 10
0 0 0.0 0 0 0 0 0 0 0 13696.0 0 0
0 4 11 6 7 8 1
0 263.3 0.0 0.0 384.8 0.0 6408.4 1106.2 20.9 0.0 0.0 5512.4 0.0
0 5 12 3 9
0 0 0 2048.6 0 4434.7 0 0 0 4511.8 0 0 2700.8
**********2022-05-23 14:13:24**********
91815.707 91868.777 0.058 122.9 173.74 
0 2 10
0 0 0.0 0 0 0 0 0 0 0 13696.0 0 0
0 4 11 6 7 8 1
0 263.3 0.0 0.0 384.8 0.0 6408.4 1106.2 20.9 0.0 0.0 5512.4 0.0
0 5 12 3 9
0 0 0 2048.6 0 4434.7 0 0 0 4511.8 0 0 2700.8
**********2022-05-23 14:13:32**********
91815.707 91868.777 0.058 122.9 181.219 
0 2 10
0 0 0.0 0 0 0 0 0 0 0 13696.0 0 0
0 4 11 6 7 8 1
0 263.3 0.0 0.0 384.8 0.0 6408.4 1106.2 20.9 0.0 0.0 5512.4 0.0
0 5 12 3 9
0 0 0 2048.6 0 4434.7 0 0 0 4511.8 0 0 2700.8
**********2022-05-23 14:13:38**********
91816.141 91868.777 0.057 122.9 187.935 
0 2 10
0 0 0.0 0 0 0 0 0 0 0 13696.0 0 0
0 4 11 6 7 8 1
0 263.3 0.0 0.0 384.8 0.0 6408.4 1106.2 20.9 0.0 0.0 5512.4 0.0
0 5 12 3 9
0 0 0 2048.6 0 4434.7 0 0 0 4511.8 0 0 2700.8
**********2022-05-23 14:13:45**********
91816.685 91868.777 0.057 122.9 194.88 
0 2 10
0 0 0.0 0 0 0 0 0 0 0 13696.0 0 0
0 4 11 6 7 8 1
0 263.3 0.0 0.0 384.8 0.0 6408.4 1106.2 20.9 0.0 0.0 5512.4 0.0
0 5 12 3 9
0 0 0 2048.6 0 4434.7 0 0 0 4511.8 0 0 2700.8
**********2022-05-23 14:13:51**********
91816.685 91868.777 0.057 122.9 200.768 
0 2 10
0 0 0.0 0 0 0 0 0 0 0 13696.0 0 0
0 4 11 6 7 8 1
0 263.3 0.0 0.0 384.8 0.0 6408.4 1106.2 20.9 0.0 0.0 5512.4 0.0
0 5 12 3 9
0 0 0 2048.6 0 4434.7 0 0 0 4511.8 0 0 2700.8
**********2022-05-23 14:13:57**********
91816.685 91868.777 0.057 122.9 206.93 
0 2 10
0 0 0.0 0 0 0 0 0 0 0 13696.0 0 0
0 4 11 6 7 8 1
0 263.3 0.0 0.0 384.8 0.0 6408.4 1106.2 20.9 0.0 0.0 5512.4 0.0
0 5 12 3 9
0 0 0 2048.6 0 4434.7 0 0 0 4511.8 0 0 2700.8
**********2022-05-23 14:14:03**********
91816.685 91868.777 0.057 122.9 212.52 
0 2 10
0 0 0.0 0 0 0 0 0 0 0 13696.0 0 0
0 4 11 6 7 8 1
0 263.3 0.0 0.0 384.8 0.0 6408.4 1106.2 20.9 0.0 0.0 5512.4 0.0
0 5 12 3 9
0 0 0 2048.6 0 4434.7 0 0 0 4511.8 0 0 2700.8
**********2022-05-23 14:14:10**********
91816.76 91868.777 0.057 122.9 219.154 
0 2 10
0 0 0.0 0 0 0 0 0 0 0 13696.0 0 0
0 4 11 6 7 8 1
0 263.3 0.0 0.0 384.8 0.0 6408.4 1106.2 20.9 0.0 0.0 5512.4 0.0
0 5 12 3 9
0 0 0 2048.6 0 4434.7 0 0 0 4511.8 0 0 2700.8
**********2022-05-23 14:14:14**********
91817.697 91868.777 0.056 122.9 223.934 
0 2 10
0 0 0.0 0 0 0 0 0 0 0 13696.0 0 0
0 4 11 6 7 8 1
0 263.3 0.0 0.0 384.8 0.0 6408.4 1106.2 20.9 0.0 0.0 5512.4 0.0
0 5 12 3 9
0 0 0 2048.6 0 4434.7 0 0 0 4511.8 0 0 2700.8
**********2022-05-23 14:14:21**********
91817.697 91868.777 0.056 122.9 230.112 
0 2 10
0 0 0.0 0 0 0 0 0 0 0 13696.0 0 0
0 4 11 6 7 8 1
0 263.3 0.0 0.0 384.8 0.0 6408.4 1106.2 20.9 0.0 0.0 5512.4 0.0
0 5 12 3 9
0 0 0 2048.6 0 4434.7 0 0 0 4511.8 0 0 2700.8
**********2022-05-23 14:14:26**********
91817.697 91868.777 0.056 122.9 235.398 
0 2 10
0 0 0.0 0 0 0 0 0 0 0 13696.0 0 0
0 4 11 6 7 8 1
0 263.3 0.0 0.0 384.8 0.0 6408.4 1106.2 20.9 0.0 0.0 5512.4 0.0
0 5 12 3 9
0 0 0 2048.6 0 4434.7 0 0 0 4511.8 0 0 2700.8
**********2022-05-23 14:14:31**********
91817.697 91868.777 0.056 122.9 240.847 
0 2 10
0 0 0.0 0 0 0 0 0 0 0 13696.0 0 0
0 4 11 6 7 8 1
0 263.3 0.0 0.0 384.8 0.0 6408.4 1106.2 20.9 0.0 0.0 5512.4 0.0
0 5 12 3 9
0 0 0 2048.6 0 4434.7 0 0 0 4511.8 0 0 2700.8
**********2022-05-23 14:14:39**********
91817.792 91868.777 0.055 122.9 247.982 
0 2 10
0 0 0.0 0 0 0 0 0 0 0 13696.0 0 0
0 4 11 6 7 8 1
0 263.3 0.0 0.0 384.8 0.0 6408.4 1106.2 20.9 0.0 0.0 5512.4 0.0
0 5 12 3 9
0 0 0 2048.6 0 4434.7 0 0 0 4511.8 0 0 2700.8
**********2022-05-23 14:14:45**********
91817.792 91868.777 0.055 122.9 254.857 
0 2 10
0 0 0.0 0 0 0 0 0 0 0 13696.0 0 0
0 4 11 6 7 8 1
0 263.3 0.0 0.0 384.8 0.0 6408.4 1106.2 20.9 0.0 0.0 5512.4 0.0
0 5 12 3 9
0 0 0 2048.6 0 4434.7 0 0 0 4511.8 0 0 2700.8
**********2022-05-23 14:14:51**********
91817.792 91868.777 0.055 122.9 260.504 
0 2 10
0 0 0.0 0 0 0 0 0 0 0 13696.0 0 0
0 4 11 6 7 8 1
0 263.3 0.0 0.0 384.8 0.0 6408.4 1106.2 20.9 0.0 0.0 5512.4 0.0
0 5 12 3 9
0 0 0 2048.6 0 4434.7 0 0 0 4511.8 0 0 2700.8
**********2022-05-23 14:14:57**********
91817.886 91868.777 0.055 122.9 266.925 
0 2 10
0 0 0.0 0 0 0 0 0 0 0 13696.0 0 0
0 4 11 6 7 8 1
0 263.3 0.0 0.0 384.8 0.0 6408.4 1106.2 20.9 0.0 0.0 5512.4 0.0
0 5 12 3 9
0 0 0 2048.6 0 4434.7 0 0 0 4511.8 0 0 2700.8
**********2022-05-23 14:15:03**********
91817.942 91868.777 0.055 122.9 272.553 
0 2 10
0 0 0.0 0 0 0 0 0 0 0 13696.0 0 0
0 4 11 6 7 8 1
0 263.3 0.0 0.0 384.8 0.0 6408.4 1106.2 20.9 0.0 0.0 5512.4 0.0
0 5 12 3 9
0 0 0 2048.6 0 4434.7 0 0 0 4511.8 0 0 2700.8
**********2022-05-23 14:15:10**********
91817.942 91868.777 0.055 122.9 278.992 
0 2 10
0 0 0.0 0 0 0 0 0 0 0 13696.0 0 0
0 4 11 6 7 8 1
0 263.3 0.0 0.0 384.8 0.0 6408.4 1106.2 20.9 0.0 0.0 5512.4 0.0
0 5 12 3 9
0 0 0 2048.6 0 4434.7 0 0 0 4511.8 0 0 2700.8
**********2022-05-23 14:15:15**********
91817.942 91868.777 0.055 122.9 284.19 
0 2 10
0 0 0.0 0 0 0 0 0 0 0 13696.0 0 0
0 4 11 6 7 8 1
0 263.3 0.0 0.0 384.8 0.0 6408.4 1106.2 20.9 0.0 0.0 5512.4 0.0
0 5 12 3 9
0 0 0 2048.6 0 4434.7 0 0 0 4511.8 0 0 2700.8
**********2022-05-23 14:15:20**********
91818.06 91857.775 0.043 289.944 289.944 
0 2 10
0 0 0.0 0 0 0 0 0 0 0 13696.0 0 0
0 5 12 1 6
0 258.0 0 0 0 4448.0 6281.0 0 0 0 0 0 2708.9
0 3 8 7 9 4 11
0 0.0 0.0 2090.0 383.7 0.0 0.0 1102.8 20.9 4603.1 0.0 5495.6 0.0
**********2022-05-23 14:15:27**********
91818.398 91857.775 0.043 289.944 296.265 
0 2 10
0 0 0.0 0 0 0 0 0 0 0 13696.0 0 0
0 5 12 1 6
0 258.0 0 0 0 4448.0 6281.0 0 0 0 0 0 2708.9
0 3 8 7 9 4 11
0 0.0 0.0 2090.0 383.7 0.0 0.0 1102.8 20.9 4603.1 0.0 5495.6 0.0
**********2022-05-23 14:15:34**********
91819.039 91857.775 0.042 289.944 303.813 
0 2 10
0 0 0.0 0 0 0 0 0 0 0 13696.0 0 0
0 5 12 1 6
0 258.0 0 0 0 4448.0 6281.0 0 0 0 0 0 2708.9
0 3 8 7 9 4 11
0 0.0 0.0 2090.0 383.7 0.0 0.0 1102.8 20.9 4603.1 0.0 5495.6 0.0
**********2022-05-23 14:15:42**********
91819.279 91857.775 0.042 289.944 311.393 
0 2 10
0 0 0.0 0 0 0 0 0 0 0 13696.0 0 0
0 5 12 1 6
0 258.0 0 0 0 4448.0 6281.0 0 0 0 0 0 2708.9
0 3 8 7 9 4 11
0 0.0 0.0 2090.0 383.7 0.0 0.0 1102.8 20.9 4603.1 0.0 5495.6 0.0
**********2022-05-23 14:15:47**********
91819.293 91857.775 0.042 289.944 316.166 
0 2 10
0 0 0.0 0 0 0 0 0 0 0 13696.0 0 0
0 5 12 1 6
0 258.0 0 0 0 4448.0 6281.0 0 0 0 0 0 2708.9
0 3 8 7 9 4 11
0 0.0 0.0 2090.0 383.7 0.0 0.0 1102.8 20.9 4603.1 0.0 5495.6 0.0
**********2022-05-23 14:15:52**********
91819.293 91857.775 0.042 289.944 321.331 
0 2 10
0 0 0.0 0 0 0 0 0 0 0 13696.0 0 0
0 5 12 1 6
0 258.0 0 0 0 4448.0 6281.0 0 0 0 0 0 2708.9
0 3 8 7 9 4 11
0 0.0 0.0 2090.0 383.7 0.0 0.0 1102.8 20.9 4603.1 0.0 5495.6 0.0
**********2022-05-23 14:15:57**********
91819.293 91857.775 0.042 289.944 326.056 
0 2 10
0 0 0.0 0 0 0 0 0 0 0 13696.0 0 0
0 5 12 1 6
0 258.0 0 0 0 4448.0 6281.0 0 0 0 0 0 2708.9
0 3 8 7 9 4 11
0 0.0 0.0 2090.0 383.7 0.0 0.0 1102.8 20.9 4603.1 0.0 5495.6 0.0
**********2022-05-23 14:16:02**********
91819.293 91857.775 0.042 289.944 331.058 
0 2 10
0 0 0.0 0 0 0 0 0 0 0 13696.0 0 0
0 5 12 1 6
0 258.0 0 0 0 4448.0 6281.0 0 0 0 0 0 2708.9
0 3 8 7 9 4 11
0 0.0 0.0 2090.0 383.7 0.0 0.0 1102.8 20.9 4603.1 0.0 5495.6 0.0
**********2022-05-23 14:16:07**********
91819.293 91857.775 0.042 289.944 336.566 
0 2 10
0 0 0.0 0 0 0 0 0 0 0 13696.0 0 0
0 5 12 1 6
0 258.0 0 0 0 4448.0 6281.0 0 0 0 0 0 2708.9
0 3 8 7 9 4 11
0 0.0 0.0 2090.0 383.7 0.0 0.0 1102.8 20.9 4603.1 0.0 5495.6 0.0
**********2022-05-23 14:16:12**********
91819.293 91857.775 0.042 289.944 341.619 
0 2 10
0 0 0.0 0 0 0 0 0 0 0 13696.0 0 0
0 5 12 1 6
0 258.0 0 0 0 4448.0 6281.0 0 0 0 0 0 2708.9
0 3 8 7 9 4 11
0 0.0 0.0 2090.0 383.7 0.0 0.0 1102.8 20.9 4603.1 0.0 5495.6 0.0
**********2022-05-23 14:16:18**********
91819.293 91857.775 0.042 289.944 347.238 
0 2 10
0 0 0.0 0 0 0 0 0 0 0 13696.0 0 0
0 5 12 1 6
0 258.0 0 0 0 4448.0 6281.0 0 0 0 0 0 2708.9
0 3 8 7 9 4 11
0 0.0 0.0 2090.0 383.7 0.0 0.0 1102.8 20.9 4603.1 0.0 5495.6 0.0
**********2022-05-23 14:16:22**********
91819.567 91857.775 0.042 289.944 351.348 
0 2 10
0 0 0.0 0 0 0 0 0 0 0 13696.0 0 0
0 5 12 1 6
0 258.0 0 0 0 4448.0 6281.0 0 0 0 0 0 2708.9
0 3 8 7 9 4 11
0 0.0 0.0 2090.0 383.7 0.0 0.0 1102.8 20.9 4603.1 0.0 5495.6 0.0
**********2022-05-23 14:16:27**********
91819.646 91857.775 0.042 289.944 356.821 
0 2 10
0 0 0.0 0 0 0 0 0 0 0 13696.0 0 0
0 5 12 1 6
0 258.0 0 0 0 4448.0 6281.0 0 0 0 0 0 2708.9
0 3 8 7 9 4 11
0 0.0 0.0 2090.0 383.7 0.0 0.0 1102.8 20.9 4603.1 0.0 5495.6 0.0
**********2022-05-23 14:16:31**********
91820.109 91857.775 0.041 289.944 360.669 
0 2 10
0 0 0.0 0 0 0 0 0 0 0 13696.0 0 0
0 5 12 1 6
0 258.0 0 0 0 4448.0 6281.0 0 0 0 0 0 2708.9
0 3 8 7 9 4 11
0 0.0 0.0 2090.0 383.7 0.0 0.0 1102.8 20.9 4603.1 0.0 5495.6 0.0
**********2022-05-23 14:16:37**********
91820.367 91857.775 0.041 289.944 366.033 
0 2 10
0 0 0.0 0 0 0 0 0 0 0 13696.0 0 0
0 5 12 1 6
0 258.0 0 0 0 4448.0 6281.0 0 0 0 0 0 2708.9
0 3 8 7 9 4 11
0 0.0 0.0 2090.0 383.7 0.0 0.0 1102.8 20.9 4603.1 0.0 5495.6 0.0
**********2022-05-23 14:16:43**********
91820.687 91857.775 0.04 289.944 372.565 
0 2 10
0 0 0.0 0 0 0 0 0 0 0 13696.0 0 0
0 5 12 1 6
0 258.0 0 0 0 4448.0 6281.0 0 0 0 0 0 2708.9
0 3 8 7 9 4 11
0 0.0 0.0 2090.0 383.7 0.0 0.0 1102.8 20.9 4603.1 0.0 5495.6 0.0
**********2022-05-23 14:16:50**********
91820.7 91857.775 0.04 289.944 379.347 
0 2 10
0 0 0.0 0 0 0 0 0 0 0 13696.0 0 0
0 5 12 1 6
0 258.0 0 0 0 4448.0 6281.0 0 0 0 0 0 2708.9
0 3 8 7 9 4 11
0 0.0 0.0 2090.0 383.7 0.0 0.0 1102.8 20.9 4603.1 0.0 5495.6 0.0
**********2022-05-23 14:16:55**********
91820.716 91857.775 0.04 289.944 384.09 
0 2 10
0 0 0.0 0 0 0 0 0 0 0 13696.0 0 0
0 5 12 1 6
0 258.0 0 0 0 4448.0 6281.0 0 0 0 0 0 2708.9
0 3 8 7 9 4 11
0 0.0 0.0 2090.0 383.7 0.0 0.0 1102.8 20.9 4603.1 0.0 5495.6 0.0
**********2022-05-23 14:17:02**********
91820.716 91857.775 0.04 289.944 391.337 
0 2 10
0 0 0.0 0 0 0 0 0 0 0 13696.0 0 0
0 5 12 1 6
0 258.0 0 0 0 4448.0 6281.0 0 0 0 0 0 2708.9
0 3 8 7 9 4 11
0 0.0 0.0 2090.0 383.7 0.0 0.0 1102.8 20.9 4603.1 0.0 5495.6 0.0
**********2022-05-23 14:17:08**********
91820.716 91857.775 0.04 289.944 397.547 
0 2 10
0 0 0.0 0 0 0 0 0 0 0 13696.0 0 0
0 5 12 1 6
0 258.0 0 0 0 4448.0 6281.0 0 0 0 0 0 2708.9
0 3 8 7 9 4 11
0 0.0 0.0 2090.0 383.7 0.0 0.0 1102.8 20.9 4603.1 0.0 5495.6 0.0
**********2022-05-23 14:17:14**********
91820.752 91854.836 0.037 403.89 403.891 
0 2 10
0 0 0.0 0 0 0 0 0 0 0 13696.0 0 0
0 7 12 5 11
0 0 0 0 0 4465.0 0 1088.3 0 0 0 5423.4 2719.2
0 4 9 1 8 3 6
0 261.4 0.0 2082.0 382.2 0.0 6364.3 0.0 20.8 4585.3 0.0 0.0 0.0
**********2022-05-23 14:17:18**********
91820.752 91854.836 0.037 403.89 407.472 
0 2 10
0 0 0.0 0 0 0 0 0 0 0 13696.0 0 0
0 7 12 5 11
0 0 0 0 0 4465.0 0 1088.3 0 0 0 5423.4 2719.2
0 4 9 1 8 3 6
0 261.4 0.0 2082.0 382.2 0.0 6364.3 0.0 20.8 4585.3 0.0 0.0 0.0
**********2022-05-23 14:17:22**********
91820.752 91854.836 0.037 403.89 411.623 
0 2 10
0 0 0.0 0 0 0 0 0 0 0 13696.0 0 0
0 7 12 5 11
0 0 0 0 0 4465.0 0 1088.3 0 0 0 5423.4 2719.2
0 4 9 1 8 3 6
0 261.4 0.0 2082.0 382.2 0.0 6364.3 0.0 20.8 4585.3 0.0 0.0 0.0
**********2022-05-23 14:17:27**********
91820.77 91854.836 0.037 403.89 416.029 
0 2 10
0 0 0.0 0 0 0 0 0 0 0 13696.0 0 0
0 7 12 5 11
0 0 0 0 0 4465.0 0 1088.3 0 0 0 5423.4 2719.2
0 4 9 1 8 3 6
0 261.4 0.0 2082.0 382.2 0.0 6364.3 0.0 20.8 4585.3 0.0 0.0 0.0
**********2022-05-23 14:17:34**********
91820.77 91854.836 0.037 403.89 423.402 
0 2 10
0 0 0.0 0 0 0 0 0 0 0 13696.0 0 0
0 7 12 5 11
0 0 0 0 0 4465.0 0 1088.3 0 0 0 5423.4 2719.2
0 4 9 1 8 3 6
0 261.4 0.0 2082.0 382.2 0.0 6364.3 0.0 20.8 4585.3 0.0 0.0 0.0
**********2022-05-23 14:17:40**********
91820.77 91854.836 0.037 403.89 429.816 
0 2 10
0 0 0.0 0 0 0 0 0 0 0 13696.0 0 0
0 7 12 5 11
0 0 0 0 0 4465.0 0 1088.3 0 0 0 5423.4 2719.2
0 4 9 1 8 3 6
0 261.4 0.0 2082.0 382.2 0.0 6364.3 0.0 20.8 4585.3 0.0 0.0 0.0
**********2022-05-23 14:17:47**********
91820.77 91854.836 0.037 403.89 436.884 
0 2 10
0 0 0.0 0 0 0 0 0 0 0 13696.0 0 0
0 7 12 5 11
0 0 0 0 0 4465.0 0 1088.3 0 0 0 5423.4 2719.2
0 4 9 1 8 3 6
0 261.4 0.0 2082.0 382.2 0.0 6364.3 0.0 20.8 4585.3 0.0 0.0 0.0
**********2022-05-23 14:17:54**********
91820.77 91854.836 0.037 403.89 443.902 
0 2 10
0 0 0.0 0 0 0 0 0 0 0 13696.0 0 0
0 7 12 5 11
0 0 0 0 0 4465.0 0 1088.3 0 0 0 5423.4 2719.2
0 4 9 1 8 3 6
0 261.4 0.0 2082.0 382.2 0.0 6364.3 0.0 20.8 4585.3 0.0 0.0 0.0
**********2022-05-23 14:18:00**********
91820.77 91854.836 0.037 403.89 449.812 
0 2 10
0 0 0.0 0 0 0 0 0 0 0 13696.0 0 0
0 7 12 5 11
0 0 0 0 0 4465.0 0 1088.3 0 0 0 5423.4 2719.2
0 4 9 1 8 3 6
0 261.4 0.0 2082.0 382.2 0.0 6364.3 0.0 20.8 4585.3 0.0 0.0 0.0
**********2022-05-23 14:18:05**********
91821.031 91854.836 0.037 403.89 454.589 
0 2 10
0 0 0.0 0 0 0 0 0 0 0 13696.0 0 0
0 7 12 5 11
0 0 0 0 0 4465.0 0 1088.3 0 0 0 5423.4 2719.2
0 4 9 1 8 3 6
0 261.4 0.0 2082.0 382.2 0.0 6364.3 0.0 20.8 4585.3 0.0 0.0 0.0
**********2022-05-23 14:18:11**********
91821.138 91854.836 0.037 403.89 460.554 
0 2 10
0 0 0.0 0 0 0 0 0 0 0 13696.0 0 0
0 7 12 5 11
0 0 0 0 0 4465.0 0 1088.3 0 0 0 5423.4 2719.2
0 4 9 1 8 3 6
0 261.4 0.0 2082.0 382.2 0.0 6364.3 0.0 20.8 4585.3 0.0 0.0 0.0
**********2022-05-23 14:18:16**********
91821.138 91854.836 0.037 403.89 465.099 
0 2 10
0 0 0.0 0 0 0 0 0 0 0 13696.0 0 0
0 7 12 5 11
0 0 0 0 0 4465.0 0 1088.3 0 0 0 5423.4 2719.2
0 4 9 1 8 3 6
0 261.4 0.0 2082.0 382.2 0.0 6364.3 0.0 20.8 4585.3 0.0 0.0 0.0
**********2022-05-23 14:18:21**********
91821.49 91854.836 0.036 403.89 470.808 
0 2 10
0 0 0.0 0 0 0 0 0 0 0 13696.0 0 0
0 7 12 5 11
0 0 0 0 0 4465.0 0 1088.3 0 0 0 5423.4 2719.2
0 4 9 1 8 3 6
0 261.4 0.0 2082.0 382.2 0.0 6364.3 0.0 20.8 4585.3 0.0 0.0 0.0
**********2022-05-23 14:18:28**********
91821.641 91854.836 0.036 403.89 477.345 
0 2 10
0 0 0.0 0 0 0 0 0 0 0 13696.0 0 0
0 7 12 5 11
0 0 0 0 0 4465.0 0 1088.3 0 0 0 5423.4 2719.2
0 4 9 1 8 3 6
0 261.4 0.0 2082.0 382.2 0.0 6364.3 0.0 20.8 4585.3 0.0 0.0 0.0
**********2022-05-23 14:18:35**********
91821.694 91854.836 0.036 403.89 483.97 
0 2 10
0 0 0.0 0 0 0 0 0 0 0 13696.0 0 0
0 7 12 5 11
0 0 0 0 0 4465.0 0 1088.3 0 0 0 5423.4 2719.2
0 4 9 1 8 3 6
0 261.4 0.0 2082.0 382.2 0.0 6364.3 0.0 20.8 4585.3 0.0 0.0 0.0
**********2022-05-23 14:18:39**********
91821.713 91854.836 0.036 403.89 488.686 
0 2 10
0 0 0.0 0 0 0 0 0 0 0 13696.0 0 0
0 7 12 5 11
0 0 0 0 0 4465.0 0 1088.3 0 0 0 5423.4 2719.2
0 4 9 1 8 3 6
0 261.4 0.0 2082.0 382.2 0.0 6364.3 0.0 20.8 4585.3 0.0 0.0 0.0
**********2022-05-23 14:18:44**********
91821.713 91854.836 0.036 403.89 493.78 
0 2 10
0 0 0.0 0 0 0 0 0 0 0 13696.0 0 0
0 7 12 5 11
0 0 0 0 0 4465.0 0 1088.3 0 0 0 5423.4 2719.2
0 4 9 1 8 3 6
0 261.4 0.0 2082.0 382.2 0.0 6364.3 0.0 20.8 4585.3 0.0 0.0 0.0
**********2022-05-23 14:18:49**********
91821.882 91854.836 0.036 403.89 498.359 
0 2 10
0 0 0.0 0 0 0 0 0 0 0 13696.0 0 0
0 7 12 5 11
0 0 0 0 0 4465.0 0 1088.3 0 0 0 5423.4 2719.2
0 4 9 1 8 3 6
0 261.4 0.0 2082.0 382.2 0.0 6364.3 0.0 20.8 4585.3 0.0 0.0 0.0
**********2022-05-23 14:18:54**********
91821.971 91854.836 0.036 403.89 503.837 
0 2 10
0 0 0.0 0 0 0 0 0 0 0 13696.0 0 0
0 7 12 5 11
0 0 0 0 0 4465.0 0 1088.3 0 0 0 5423.4 2719.2
0 4 9 1 8 3 6
0 261.4 0.0 2082.0 382.2 0.0 6364.3 0.0 20.8 4585.3 0.0 0.0 0.0
**********2022-05-23 14:19:01**********
91822.251 91854.836 0.035 403.89 510.798 
0 2 10
0 0 0.0 0 0 0 0 0 0 0 13696.0 0 0
0 7 12 5 11
0 0 0 0 0 4465.0 0 1088.3 0 0 0 5423.4 2719.2
0 4 9 1 8 3 6
0 261.4 0.0 2082.0 382.2 0.0 6364.3 0.0 20.8 4585.3 0.0 0.0 0.0
**********2022-05-23 14:19:06**********
91822.251 91854.836 0.035 403.89 515.916 
0 2 10
0 0 0.0 0 0 0 0 0 0 0 13696.0 0 0
0 7 12 5 11
0 0 0 0 0 4465.0 0 1088.3 0 0 0 5423.4 2719.2
0 4 9 1 8 3 6
0 261.4 0.0 2082.0 382.2 0.0 6364.3 0.0 20.8 4585.3 0.0 0.0 0.0
**********2022-05-23 14:19:12**********
91822.653 91854.836 0.035 403.89 521.853 
0 2 10
0 0 0.0 0 0 0 0 0 0 0 13696.0 0 0
0 7 12 5 11
0 0 0 0 0 4465.0 0 1088.3 0 0 0 5423.4 2719.2
0 4 9 1 8 3 6
0 261.4 0.0 2082.0 382.2 0.0 6364.3 0.0 20.8 4585.3 0.0 0.0 0.0
**********2022-05-23 14:19:18**********
91822.653 91854.836 0.035 403.89 527.697 
0 2 10
0 0 0.0 0 0 0 0 0 0 0 13696.0 0 0
0 7 12 5 11
0 0 0 0 0 4465.0 0 1088.3 0 0 0 5423.4 2719.2
0 4 9 1 8 3 6
0 261.4 0.0 2082.0 382.2 0.0 6364.3 0.0 20.8 4585.3 0.0 0.0 0.0
**********2022-05-23 14:19:22**********
91822.712 91854.836 0.035 403.89 531.865 
0 2 10
0 0 0.0 0 0 0 0 0 0 0 13696.0 0 0
0 7 12 5 11
0 0 0 0 0 4465.0 0 1088.3 0 0 0 5423.4 2719.2
0 4 9 1 8 3 6
0 261.4 0.0 2082.0 382.2 0.0 6364.3 0.0 20.8 4585.3 0.0 0.0 0.0
**********2022-05-23 14:19:27**********
91822.712 91854.836 0.035 403.89 536.755 
0 2 10
0 0 0.0 0 0 0 0 0 0 0 13696.0 0 0
0 7 12 5 11
0 0 0 0 0 4465.0 0 1088.3 0 0 0 5423.4 2719.2
0 4 9 1 8 3 6
0 261.4 0.0 2082.0 382.2 0.0 6364.3 0.0 20.8 4585.3 0.0 0.0 0.0
**********2022-05-23 14:19:33**********
91822.755 91854.836 0.035 403.89 542.02 
0 2 10
0 0 0.0 0 0 0 0 0 0 0 13696.0 0 0
0 7 12 5 11
0 0 0 0 0 4465.0 0 1088.3 0 0 0 5423.4 2719.2
0 4 9 1 8 3 6
0 261.4 0.0 2082.0 382.2 0.0 6364.3 0.0 20.8 4585.3 0.0 0.0 0.0
**********2022-05-23 14:19:38**********
91822.755 91854.836 0.035 403.89 547.4 
0 2 10
0 0 0.0 0 0 0 0 0 0 0 13696.0 0 0
0 7 12 5 11
0 0 0 0 0 4465.0 0 1088.3 0 0 0 5423.4 2719.2
0 4 9 1 8 3 6
0 261.4 0.0 2082.0 382.2 0.0 6364.3 0.0 20.8 4585.3 0.0 0.0 0.0
**********2022-05-23 14:19:41**********
91822.847 91854.836 0.035 403.89 550.793 
0 2 10
0 0 0.0 0 0 0 0 0 0 0 13696.0 0 0
0 7 12 5 11
0 0 0 0 0 4465.0 0 1088.3 0 0 0 5423.4 2719.2
0 4 9 1 8 3 6
0 261.4 0.0 2082.0 382.2 0.0 6364.3 0.0 20.8 4585.3 0.0 0.0 0.0
**********2022-05-23 14:19:46**********
91822.859 91854.836 0.035 403.89 555.511 
0 2 10
0 0 0.0 0 0 0 0 0 0 0 13696.0 0 0
0 7 12 5 11
0 0 0 0 0 4465.0 0 1088.3 0 0 0 5423.4 2719.2
0 4 9 1 8 3 6
0 261.4 0.0 2082.0 382.2 0.0 6364.3 0.0 20.8 4585.3 0.0 0.0 0.0
**********2022-05-23 14:19:50**********
91823.041 91854.836 0.035 403.89 559.029 
0 2 10
0 0 0.0 0 0 0 0 0 0 0 13696.0 0 0
0 7 12 5 11
0 0 0 0 0 4465.0 0 1088.3 0 0 0 5423.4 2719.2
0 4 9 1 8 3 6
0 261.4 0.0 2082.0 382.2 0.0 6364.3 0.0 20.8 4585.3 0.0 0.0 0.0
**********2022-05-23 14:19:54**********
91823.041 91854.836 0.035 403.89 563.81 
0 2 10
0 0 0.0 0 0 0 0 0 0 0 13696.0 0 0
0 7 12 5 11
0 0 0 0 0 4465.0 0 1088.3 0 0 0 5423.4 2719.2
0 4 9 1 8 3 6
0 261.4 0.0 2082.0 382.2 0.0 6364.3 0.0 20.8 4585.3 0.0 0.0 0.0
**********2022-05-23 14:20:00**********
91823.041 91854.836 0.035 403.89 569.226 
0 2 10
0 0 0.0 0 0 0 0 0 0 0 13696.0 0 0
0 7 12 5 11
0 0 0 0 0 4465.0 0 1088.3 0 0 0 5423.4 2719.2
0 4 9 1 8 3 6
0 261.4 0.0 2082.0 382.2 0.0 6364.3 0.0 20.8 4585.3 0.0 0.0 0.0
**********2022-05-23 14:20:05**********
91823.163 91854.836 0.034 403.89 574.239 
0 2 10
0 0 0.0 0 0 0 0 0 0 0 13696.0 0 0
0 7 12 5 11
0 0 0 0 0 4465.0 0 1088.3 0 0 0 5423.4 2719.2
0 4 9 1 8 3 6
0 261.4 0.0 2082.0 382.2 0.0 6364.3 0.0 20.8 4585.3 0.0 0.0 0.0
**********2022-05-23 14:20:10**********
91823.163 91854.836 0.034 403.89 579.766 
0 2 10
0 0 0.0 0 0 0 0 0 0 0 13696.0 0 0
0 7 12 5 11
0 0 0 0 0 4465.0 0 1088.3 0 0 0 5423.4 2719.2
0 4 9 1 8 3 6
0 261.4 0.0 2082.0 382.2 0.0 6364.3 0.0 20.8 4585.3 0.0 0.0 0.0
**********2022-05-23 14:20:17**********
91823.165 91854.836 0.034 403.89 586.779 
0 2 10
0 0 0.0 0 0 0 0 0 0 0 13696.0 0 0
0 7 12 5 11
0 0 0 0 0 4465.0 0 1088.3 0 0 0 5423.4 2719.2
0 4 9 1 8 3 6
0 261.4 0.0 2082.0 382.2 0.0 6364.3 0.0 20.8 4585.3 0.0 0.0 0.0
**********2022-05-23 14:20:22**********
91823.165 91854.836 0.034 403.89 591.137 
0 2 10
0 0 0.0 0 0 0 0 0 0 0 13696.0 0 0
0 7 12 5 11
0 0 0 0 0 4465.0 0 1088.3 0 0 0 5423.4 2719.2
0 4 9 1 8 3 6
0 261.4 0.0 2082.0 382.2 0.0 6364.3 0.0 20.8 4585.3 0.0 0.0 0.0
**********2022-05-23 14:20:28**********
91823.165 91854.836 0.034 403.89 596.977 
0 2 10
0 0 0.0 0 0 0 0 0 0 0 13696.0 0 0
0 7 12 5 11
0 0 0 0 0 4465.0 0 1088.3 0 0 0 5423.4 2719.2
0 4 9 1 8 3 6
0 261.4 0.0 2082.0 382.2 0.0 6364.3 0.0 20.8 4585.3 0.0 0.0 0.0
**********2022-05-23 14:20:32**********
91823.165 91854.836 0.034 403.89 601.884 
0 2 10
0 0 0.0 0 0 0 0 0 0 0 13696.0 0 0
0 7 12 5 11
0 0 0 0 0 4465.0 0 1088.3 0 0 0 5423.4 2719.2
0 4 9 1 8 3 6
0 261.4 0.0 2082.0 382.2 0.0 6364.3 0.0 20.8 4585.3 0.0 0.0 0.0
**********2022-05-23 14:20:38**********
91823.234 91854.836 0.034 403.89 607.181 
0 2 10
0 0 0.0 0 0 0 0 0 0 0 13696.0 0 0
0 7 12 5 11
0 0 0 0 0 4465.0 0 1088.3 0 0 0 5423.4 2719.2
0 4 9 1 8 3 6
0 261.4 0.0 2082.0 382.2 0.0 6364.3 0.0 20.8 4585.3 0.0 0.0 0.0
**********2022-05-23 14:20:43**********
91823.444 91854.836 0.034 403.89 612.438 
0 2 10
0 0 0.0 0 0 0 0 0 0 0 13696.0 0 0
0 7 12 5 11
0 0 0 0 0 4465.0 0 1088.3 0 0 0 5423.4 2719.2
0 4 9 1 8 3 6
0 261.4 0.0 2082.0 382.2 0.0 6364.3 0.0 20.8 4585.3 0.0 0.0 0.0
**********2022-05-23 14:20:48**********
91823.496 91854.836 0.034 403.89 617.887 
0 2 10
0 0 0.0 0 0 0 0 0 0 0 13696.0 0 0
0 7 12 5 11
0 0 0 0 0 4465.0 0 1088.3 0 0 0 5423.4 2719.2
0 4 9 1 8 3 6
0 261.4 0.0 2082.0 382.2 0.0 6364.3 0.0 20.8 4585.3 0.0 0.0 0.0
**********2022-05-23 14:20:55**********
91823.522 91854.836 0.034 403.89 624.005 
0 2 10
0 0 0.0 0 0 0 0 0 0 0 13696.0 0 0
0 7 12 5 11
0 0 0 0 0 4465.0 0 1088.3 0 0 0 5423.4 2719.2
0 4 9 1 8 3 6
0 261.4 0.0 2082.0 382.2 0.0 6364.3 0.0 20.8 4585.3 0.0 0.0 0.0
**********2022-05-23 14:21:00**********
91823.522 91854.836 0.034 403.89 629.159 
0 2 10
0 0 0.0 0 0 0 0 0 0 0 13696.0 0 0
0 7 12 5 11
0 0 0 0 0 4465.0 0 1088.3 0 0 0 5423.4 2719.2
0 4 9 1 8 3 6
0 261.4 0.0 2082.0 382.2 0.0 6364.3 0.0 20.8 4585.3 0.0 0.0 0.0
**********2022-05-23 14:21:05**********
91823.599 91854.836 0.034 403.89 634.498 
0 2 10
0 0 0.0 0 0 0 0 0 0 0 13696.0 0 0
0 7 12 5 11
0 0 0 0 0 4465.0 0 1088.3 0 0 0 5423.4 2719.2
0 4 9 1 8 3 6
0 261.4 0.0 2082.0 382.2 0.0 6364.3 0.0 20.8 4585.3 0.0 0.0 0.0
**********2022-05-23 14:21:11**********
91823.599 91854.836 0.034 403.89 640.122 
0 2 10
0 0 0.0 0 0 0 0 0 0 0 13696.0 0 0
0 7 12 5 11
0 0 0 0 0 4465.0 0 1088.3 0 0 0 5423.4 2719.2
0 4 9 1 8 3 6
0 261.4 0.0 2082.0 382.2 0.0 6364.3 0.0 20.8 4585.3 0.0 0.0 0.0
**********2022-05-23 14:21:16**********
91823.657 91854.836 0.034 403.89 645.223 
0 2 10
0 0 0.0 0 0 0 0 0 0 0 13696.0 0 0
0 7 12 5 11
0 0 0 0 0 4465.0 0 1088.3 0 0 0 5423.4 2719.2
0 4 9 1 8 3 6
0 261.4 0.0 2082.0 382.2 0.0 6364.3 0.0 20.8 4585.3 0.0 0.0 0.0
**********2022-05-23 14:21:22**********
91823.668 91854.836 0.034 403.89 651.174 
0 2 10
0 0 0.0 0 0 0 0 0 0 0 13696.0 0 0
0 7 12 5 11
0 0 0 0 0 4465.0 0 1088.3 0 0 0 5423.4 2719.2
0 4 9 1 8 3 6
0 261.4 0.0 2082.0 382.2 0.0 6364.3 0.0 20.8 4585.3 0.0 0.0 0.0
**********2022-05-23 14:21:26**********
91823.734 91854.836 0.034 403.89 655.546 
0 2 10
0 0 0.0 0 0 0 0 0 0 0 13696.0 0 0
0 7 12 5 11
0 0 0 0 0 4465.0 0 1088.3 0 0 0 5423.4 2719.2
0 4 9 1 8 3 6
0 261.4 0.0 2082.0 382.2 0.0 6364.3 0.0 20.8 4585.3 0.0 0.0 0.0
**********2022-05-23 14:21:31**********
91823.829 91854.836 0.034 403.89 660.235 
0 2 10
0 0 0.0 0 0 0 0 0 0 0 13696.0 0 0
0 7 12 5 11
0 0 0 0 0 4465.0 0 1088.3 0 0 0 5423.4 2719.2
0 4 9 1 8 3 6
0 261.4 0.0 2082.0 382.2 0.0 6364.3 0.0 20.8 4585.3 0.0 0.0 0.0
**********2022-05-23 14:21:36**********
91823.949 91854.836 0.034 403.89 665.86 
0 2 10
0 0 0.0 0 0 0 0 0 0 0 13696.0 0 0
0 7 12 5 11
0 0 0 0 0 4465.0 0 1088.3 0 0 0 5423.4 2719.2
0 4 9 1 8 3 6
0 261.4 0.0 2082.0 382.2 0.0 6364.3 0.0 20.8 4585.3 0.0 0.0 0.0
**********2022-05-23 14:21:41**********
91823.949 91854.836 0.034 403.89 670.155 
0 2 10
0 0 0.0 0 0 0 0 0 0 0 13696.0 0 0
0 7 12 5 11
0 0 0 0 0 4465.0 0 1088.3 0 0 0 5423.4 2719.2
0 4 9 1 8 3 6
0 261.4 0.0 2082.0 382.2 0.0 6364.3 0.0 20.8 4585.3 0.0 0.0 0.0
**********2022-05-23 14:21:47**********
91824.0 91854.836 0.034 403.89 676.131 
0 2 10
0 0 0.0 0 0 0 0 0 0 0 13696.0 0 0
0 7 12 5 11
0 0 0 0 0 4465.0 0 1088.3 0 0 0 5423.4 2719.2
0 4 9 1 8 3 6
0 261.4 0.0 2082.0 382.2 0.0 6364.3 0.0 20.8 4585.3 0.0 0.0 0.0
**********2022-05-23 14:21:54**********
91824.0 91854.836 0.034 403.89 683.038 
0 2 10
0 0 0.0 0 0 0 0 0 0 0 13696.0 0 0
0 7 12 5 11
0 0 0 0 0 4465.0 0 1088.3 0 0 0 5423.4 2719.2
0 4 9 1 8 3 6
0 261.4 0.0 2082.0 382.2 0.0 6364.3 0.0 20.8 4585.3 0.0 0.0 0.0
**********2022-05-23 14:22:02**********
91824.216 91854.836 0.033 403.89 691.34 
0 2 10
0 0 0.0 0 0 0 0 0 0 0 13696.0 0 0
0 7 12 5 11
0 0 0 0 0 4465.0 0 1088.3 0 0 0 5423.4 2719.2
0 4 9 1 8 3 6
0 261.4 0.0 2082.0 382.2 0.0 6364.3 0.0 20.8 4585.3 0.0 0.0 0.0
**********2022-05-23 14:22:08**********
91824.216 91854.836 0.033 403.89 697.496 
0 2 10
0 0 0.0 0 0 0 0 0 0 0 13696.0 0 0
0 7 12 5 11
0 0 0 0 0 4465.0 0 1088.3 0 0 0 5423.4 2719.2
0 4 9 1 8 3 6
0 261.4 0.0 2082.0 382.2 0.0 6364.3 0.0 20.8 4585.3 0.0 0.0 0.0
**********2022-05-23 14:22:14**********
91824.253 91854.836 0.033 403.89 703.354 
0 2 10
0 0 0.0 0 0 0 0 0 0 0 13696.0 0 0
0 7 12 5 11
0 0 0 0 0 4465.0 0 1088.3 0 0 0 5423.4 2719.2
0 4 9 1 8 3 6
0 261.4 0.0 2082.0 382.2 0.0 6364.3 0.0 20.8 4585.3 0.0 0.0 0.0
**********2022-05-23 14:22:18**********
91824.499 91854.836 0.033 403.89 707.884 
0 2 10
0 0 0.0 0 0 0 0 0 0 0 13696.0 0 0
0 7 12 5 11
0 0 0 0 0 4465.0 0 1088.3 0 0 0 5423.4 2719.2
0 4 9 1 8 3 6
0 261.4 0.0 2082.0 382.2 0.0 6364.3 0.0 20.8 4585.3 0.0 0.0 0.0
**********2022-05-23 14:22:24**********
91824.499 91854.836 0.033 403.89 713.87 
0 2 10
0 0 0.0 0 0 0 0 0 0 0 13696.0 0 0
0 7 12 5 11
0 0 0 0 0 4465.0 0 1088.3 0 0 0 5423.4 2719.2
0 4 9 1 8 3 6
0 261.4 0.0 2082.0 382.2 0.0 6364.3 0.0 20.8 4585.3 0.0 0.0 0.0
**********2022-05-23 14:22:31**********
91824.503 91854.836 0.033 403.89 720.302 
0 2 10
0 0 0.0 0 0 0 0 0 0 0 13696.0 0 0
0 7 12 5 11
0 0 0 0 0 4465.0 0 1088.3 0 0 0 5423.4 2719.2
0 4 9 1 8 3 6
0 261.4 0.0 2082.0 382.2 0.0 6364.3 0.0 20.8 4585.3 0.0 0.0 0.0
**********2022-05-23 14:22:34**********
91824.503 91854.836 0.033 403.89 723.629 
0 2 10
0 0 0.0 0 0 0 0 0 0 0 13696.0 0 0
0 7 12 5 11
0 0 0 0 0 4465.0 0 1088.3 0 0 0 5423.4 2719.2
0 4 9 1 8 3 6
0 261.4 0.0 2082.0 382.2 0.0 6364.3 0.0 20.8 4585.3 0.0 0.0 0.0
**********2022-05-23 14:22:40**********
91824.546 91854.836 0.033 403.89 729.234 
0 2 10
0 0 0.0 0 0 0 0 0 0 0 13696.0 0 0
0 7 12 5 11
0 0 0 0 0 4465.0 0 1088.3 0 0 0 5423.4 2719.2
0 4 9 1 8 3 6
0 261.4 0.0 2082.0 382.2 0.0 6364.3 0.0 20.8 4585.3 0.0 0.0 0.0
**********2022-05-23 14:22:45**********
91824.75 91854.836 0.033 403.89 734.496 
0 2 10
0 0 0.0 0 0 0 0 0 0 0 13696.0 0 0
0 7 12 5 11
0 0 0 0 0 4465.0 0 1088.3 0 0 0 5423.4 2719.2
0 4 9 1 8 3 6
0 261.4 0.0 2082.0 382.2 0.0 6364.3 0.0 20.8 4585.3 0.0 0.0 0.0
**********2022-05-23 14:22:50**********
91824.812 91854.836 0.033 403.89 739.01 
0 2 10
0 0 0.0 0 0 0 0 0 0 0 13696.0 0 0
0 7 12 5 11
0 0 0 0 0 4465.0 0 1088.3 0 0 0 5423.4 2719.2
0 4 9 1 8 3 6
0 261.4 0.0 2082.0 382.2 0.0 6364.3 0.0 20.8 4585.3 0.0 0.0 0.0
**********2022-05-23 14:22:53**********
91824.901 91854.836 0.033 403.89 742.387 
0 2 10
0 0 0.0 0 0 0 0 0 0 0 13696.0 0 0
0 7 12 5 11
0 0 0 0 0 4465.0 0 1088.3 0 0 0 5423.4 2719.2
0 4 9 1 8 3 6
0 261.4 0.0 2082.0 382.2 0.0 6364.3 0.0 20.8 4585.3 0.0 0.0 0.0
**********2022-05-23 14:22:58**********
91824.901 91854.836 0.033 403.89 747.315 
0 2 10
0 0 0.0 0 0 0 0 0 0 0 13696.0 0 0
0 7 12 5 11
0 0 0 0 0 4465.0 0 1088.3 0 0 0 5423.4 2719.2
0 4 9 1 8 3 6
0 261.4 0.0 2082.0 382.2 0.0 6364.3 0.0 20.8 4585.3 0.0 0.0 0.0
**********2022-05-23 14:23:03**********
91824.902 91854.836 0.033 403.89 752.337 
0 2 10
0 0 0.0 0 0 0 0 0 0 0 13696.0 0 0
0 7 12 5 11
0 0 0 0 0 4465.0 0 1088.3 0 0 0 5423.4 2719.2
0 4 9 1 8 3 6
0 261.4 0.0 2082.0 382.2 0.0 6364.3 0.0 20.8 4585.3 0.0 0.0 0.0
**********2022-05-23 14:23:10**********
91824.886 91854.836 0.033 403.89 759.076 
0 2 10
0 0 0.0 0 0 0 0 0 0 0 13696.0 0 0
0 7 12 5 11
0 0 0 0 0 4465.0 0 1088.3 0 0 0 5423.4 2719.2
0 4 9 1 8 3 6
0 261.4 0.0 2082.0 382.2 0.0 6364.3 0.0 20.8 4585.3 0.0 0.0 0.0
**********2022-05-23 14:23:14**********
91824.941 91854.836 0.033 403.89 763.78 
0 2 10
0 0 0.0 0 0 0 0 0 0 0 13696.0 0 0
0 7 12 5 11
0 0 0 0 0 4465.0 0 1088.3 0 0 0 5423.4 2719.2
0 4 9 1 8 3 6
0 261.4 0.0 2082.0 382.2 0.0 6364.3 0.0 20.8 4585.3 0.0 0.0 0.0
**********2022-05-23 14:23:19**********
91824.941 91854.836 0.033 403.89 768.282 
0 2 10
0 0 0.0 0 0 0 0 0 0 0 13696.0 0 0
0 7 12 5 11
0 0 0 0 0 4465.0 0 1088.3 0 0 0 5423.4 2719.2
0 4 9 1 8 3 6
0 261.4 0.0 2082.0 382.2 0.0 6364.3 0.0 20.8 4585.3 0.0 0.0 0.0
**********2022-05-23 14:23:23**********
91825.067 91854.836 0.032 403.89 772.826 
0 2 10
0 0 0.0 0 0 0 0 0 0 0 13696.0 0 0
0 7 12 5 11
0 0 0 0 0 4465.0 0 1088.3 0 0 0 5423.4 2719.2
0 4 9 1 8 3 6
0 261.4 0.0 2082.0 382.2 0.0 6364.3 0.0 20.8 4585.3 0.0 0.0 0.0
**********2022-05-23 14:23:30**********
91825.067 91854.836 0.032 403.89 779.882 
0 2 10
0 0 0.0 0 0 0 0 0 0 0 13696.0 0 0
0 7 12 5 11
0 0 0 0 0 4465.0 0 1088.3 0 0 0 5423.4 2719.2
0 4 9 1 8 3 6
0 261.4 0.0 2082.0 382.2 0.0 6364.3 0.0 20.8 4585.3 0.0 0.0 0.0
**********2022-05-23 14:23:35**********
91825.319 91854.836 0.032 403.89 784.794 
0 2 10
0 0 0.0 0 0 0 0 0 0 0 13696.0 0 0
0 7 12 5 11
0 0 0 0 0 4465.0 0 1088.3 0 0 0 5423.4 2719.2
0 4 9 1 8 3 6
0 261.4 0.0 2082.0 382.2 0.0 6364.3 0.0 20.8 4585.3 0.0 0.0 0.0
**********2022-05-23 14:23:41**********
91825.446 91854.836 0.032 403.89 790.601 
0 2 10
0 0 0.0 0 0 0 0 0 0 0 13696.0 0 0
0 7 12 5 11
0 0 0 0 0 4465.0 0 1088.3 0 0 0 5423.4 2719.2
0 4 9 1 8 3 6
0 261.4 0.0 2082.0 382.2 0.0 6364.3 0.0 20.8 4585.3 0.0 0.0 0.0
**********2022-05-23 14:23:47**********
91825.446 91854.836 0.032 403.89 796.628 
0 2 10
0 0 0.0 0 0 0 0 0 0 0 13696.0 0 0
0 7 12 5 11
0 0 0 0 0 4465.0 0 1088.3 0 0 0 5423.4 2719.2
0 4 9 1 8 3 6
0 261.4 0.0 2082.0 382.2 0.0 6364.3 0.0 20.8 4585.3 0.0 0.0 0.0
**********2022-05-23 14:23:52**********
91825.446 91854.836 0.032 403.89 801.633 
0 2 10
0 0 0.0 0 0 0 0 0 0 0 13696.0 0 0
0 7 12 5 11
0 0 0 0 0 4465.0 0 1088.3 0 0 0 5423.4 2719.2
0 4 9 1 8 3 6
0 261.4 0.0 2082.0 382.2 0.0 6364.3 0.0 20.8 4585.3 0.0 0.0 0.0
**********2022-05-23 14:24:01**********
91825.446 91854.836 0.032 403.89 809.981 
0 2 10
0 0 0.0 0 0 0 0 0 0 0 13696.0 0 0
0 7 12 5 11
0 0 0 0 0 4465.0 0 1088.3 0 0 0 5423.4 2719.2
0 4 9 1 8 3 6
0 261.4 0.0 2082.0 382.2 0.0 6364.3 0.0 20.8 4585.3 0.0 0.0 0.0
**********2022-05-23 14:24:07**********
91825.536 91854.836 0.032 403.89 816.0 
0 2 10
0 0 0.0 0 0 0 0 0 0 0 13696.0 0 0
0 7 12 5 11
0 0 0 0 0 4465.0 0 1088.3 0 0 0 5423.4 2719.2
0 4 9 1 8 3 6
0 261.4 0.0 2082.0 382.2 0.0 6364.3 0.0 20.8 4585.3 0.0 0.0 0.0
**********2022-05-23 14:24:12**********
91825.536 91854.836 0.032 403.89 821.176 
0 2 10
0 0 0.0 0 0 0 0 0 0 0 13696.0 0 0
0 7 12 5 11
0 0 0 0 0 4465.0 0 1088.3 0 0 0 5423.4 2719.2
0 4 9 1 8 3 6
0 261.4 0.0 2082.0 382.2 0.0 6364.3 0.0 20.8 4585.3 0.0 0.0 0.0
**********2022-05-23 14:24:16**********
91825.536 91854.836 0.032 403.89 825.541 
0 2 10
0 0 0.0 0 0 0 0 0 0 0 13696.0 0 0
0 7 12 5 11
0 0 0 0 0 4465.0 0 1088.3 0 0 0 5423.4 2719.2
0 4 9 1 8 3 6
0 261.4 0.0 2082.0 382.2 0.0 6364.3 0.0 20.8 4585.3 0.0 0.0 0.0
**********2022-05-23 14:24:21**********
91825.536 91854.836 0.032 403.89 830.047 
0 2 10
0 0 0.0 0 0 0 0 0 0 0 13696.0 0 0
0 7 12 5 11
0 0 0 0 0 4465.0 0 1088.3 0 0 0 5423.4 2719.2
0 4 9 1 8 3 6
0 261.4 0.0 2082.0 382.2 0.0 6364.3 0.0 20.8 4585.3 0.0 0.0 0.0
**********2022-05-23 14:24:25**********
91825.55 91854.836 0.032 403.89 834.743 
0 2 10
0 0 0.0 0 0 0 0 0 0 0 13696.0 0 0
0 7 12 5 11
0 0 0 0 0 4465.0 0 1088.3 0 0 0 5423.4 2719.2
0 4 9 1 8 3 6
0 261.4 0.0 2082.0 382.2 0.0 6364.3 0.0 20.8 4585.3 0.0 0.0 0.0
**********2022-05-23 14:24:30**********
91825.697 91854.836 0.032 403.89 839.412 
0 2 10
0 0 0.0 0 0 0 0 0 0 0 13696.0 0 0
0 7 12 5 11
0 0 0 0 0 4465.0 0 1088.3 0 0 0 5423.4 2719.2
0 4 9 1 8 3 6
0 261.4 0.0 2082.0 382.2 0.0 6364.3 0.0 20.8 4585.3 0.0 0.0 0.0
**********2022-05-23 14:24:35**********
91825.708 91854.836 0.032 403.89 844.27 
0 2 10
0 0 0.0 0 0 0 0 0 0 0 13696.0 0 0
0 7 12 5 11
0 0 0 0 0 4465.0 0 1088.3 0 0 0 5423.4 2719.2
0 4 9 1 8 3 6
0 261.4 0.0 2082.0 382.2 0.0 6364.3 0.0 20.8 4585.3 0.0 0.0 0.0
**********2022-05-23 14:24:40**********
91825.71 91854.836 0.032 403.89 849.474 
0 2 10
0 0 0.0 0 0 0 0 0 0 0 13696.0 0 0
0 7 12 5 11
0 0 0 0 0 4465.0 0 1088.3 0 0 0 5423.4 2719.2
0 4 9 1 8 3 6
0 261.4 0.0 2082.0 382.2 0.0 6364.3 0.0 20.8 4585.3 0.0 0.0 0.0
**********2022-05-23 14:24:44**********
91825.71 91854.836 0.032 403.89 852.991 
0 2 10
0 0 0.0 0 0 0 0 0 0 0 13696.0 0 0
0 7 12 5 11
0 0 0 0 0 4465.0 0 1088.3 0 0 0 5423.4 2719.2
0 4 9 1 8 3 6
0 261.4 0.0 2082.0 382.2 0.0 6364.3 0.0 20.8 4585.3 0.0 0.0 0.0
**********2022-05-23 14:24:47**********
91825.736 91854.836 0.032 403.89 856.781 
0 2 10
0 0 0.0 0 0 0 0 0 0 0 13696.0 0 0
0 7 12 5 11
0 0 0 0 0 4465.0 0 1088.3 0 0 0 5423.4 2719.2
0 4 9 1 8 3 6
0 261.4 0.0 2082.0 382.2 0.0 6364.3 0.0 20.8 4585.3 0.0 0.0 0.0
**********2022-05-23 14:24:52**********
91825.736 91854.836 0.032 403.89 861.311 
0 2 10
0 0 0.0 0 0 0 0 0 0 0 13696.0 0 0
0 7 12 5 11
0 0 0 0 0 4465.0 0 1088.3 0 0 0 5423.4 2719.2
0 4 9 1 8 3 6
0 261.4 0.0 2082.0 382.2 0.0 6364.3 0.0 20.8 4585.3 0.0 0.0 0.0
**********2022-05-23 14:24:57**********
91825.75 91854.836 0.032 403.89 866.428 
0 2 10
0 0 0.0 0 0 0 0 0 0 0 13696.0 0 0
0 7 12 5 11
0 0 0 0 0 4465.0 0 1088.3 0 0 0 5423.4 2719.2
0 4 9 1 8 3 6
0 261.4 0.0 2082.0 382.2 0.0 6364.3 0.0 20.8 4585.3 0.0 0.0 0.0
**********2022-05-23 14:25:03**********
91825.753 91854.836 0.032 871.979 871.979 
0 2 10
0 0 0.0 0 0 0 0 0 0 0 13696.0 0 0
0 7 12 5 11
0 0 0 0 0 4465.0 0 1088.3 0 0 0 5423.4 2719.2
0 4 9 1 8 3 6
0 261.4 0.0 2082.0 382.2 0.0 6364.3 0.0 20.8 4585.3 0.0 0.0 0.0
**********2022-05-23 14:25:08**********
91825.766 91854.836 0.032 871.979 876.987 
0 2 10
0 0 0.0 0 0 0 0 0 0 0 13696.0 0 0
0 7 12 5 11
0 0 0 0 0 4465.0 0 1088.3 0 0 0 5423.4 2719.2
0 4 9 1 8 3 6
0 261.4 0.0 2082.0 382.2 0.0 6364.3 0.0 20.8 4585.3 0.0 0.0 0.0
**********2022-05-23 14:25:11**********
91825.766 91854.836 0.032 871.979 880.883 
0 2 10
0 0 0.0 0 0 0 0 0 0 0 13696.0 0 0
0 7 12 5 11
0 0 0 0 0 4465.0 0 1088.3 0 0 0 5423.4 2719.2
0 4 9 1 8 3 6
0 261.4 0.0 2082.0 382.2 0.0 6364.3 0.0 20.8 4585.3 0.0 0.0 0.0
**********2022-05-23 14:25:15**********
91825.793 91854.836 0.032 871.979 884.754 
0 2 10
0 0 0.0 0 0 0 0 0 0 0 13696.0 0 0
0 7 12 5 11
0 0 0 0 0 4465.0 0 1088.3 0 0 0 5423.4 2719.2
0 4 9 1 8 3 6
0 261.4 0.0 2082.0 382.2 0.0 6364.3 0.0 20.8 4585.3 0.0 0.0 0.0
**********2022-05-23 14:25:20**********
91825.813 91854.836 0.032 871.979 889.742 
0 2 10
0 0 0.0 0 0 0 0 0 0 0 13696.0 0 0
0 7 12 5 11
0 0 0 0 0 4465.0 0 1088.3 0 0 0 5423.4 2719.2
0 4 9 1 8 3 6
0 261.4 0.0 2082.0 382.2 0.0 6364.3 0.0 20.8 4585.3 0.0 0.0 0.0
**********2022-05-23 14:25:24**********
91825.893 91854.836 0.032 871.979 893.4 
0 2 10
0 0 0.0 0 0 0 0 0 0 0 13696.0 0 0
0 7 12 5 11
0 0 0 0 0 4465.0 0 1088.3 0 0 0 5423.4 2719.2
0 4 9 1 8 3 6
0 261.4 0.0 2082.0 382.2 0.0 6364.3 0.0 20.8 4585.3 0.0 0.0 0.0
**********2022-05-23 14:25:28**********
91825.893 91854.836 0.032 871.979 897.129 
0 2 10
0 0 0.0 0 0 0 0 0 0 0 13696.0 0 0
0 7 12 5 11
0 0 0 0 0 4465.0 0 1088.3 0 0 0 5423.4 2719.2
0 4 9 1 8 3 6
0 261.4 0.0 2082.0 382.2 0.0 6364.3 0.0 20.8 4585.3 0.0 0.0 0.0
**********2022-05-23 14:25:32**********
91825.893 91854.836 0.032 871.979 901.187 
0 2 10
0 0 0.0 0 0 0 0 0 0 0 13696.0 0 0
0 7 12 5 11
0 0 0 0 0 4465.0 0 1088.3 0 0 0 5423.4 2719.2
0 4 9 1 8 3 6
0 261.4 0.0 2082.0 382.2 0.0 6364.3 0.0 20.8 4585.3 0.0 0.0 0.0
**********2022-05-23 14:25:36**********
91825.96 91854.836 0.031 871.979 905.135 
0 2 10
0 0 0.0 0 0 0 0 0 0 0 13696.0 0 0
0 7 12 5 11
0 0 0 0 0 4465.0 0 1088.3 0 0 0 5423.4 2719.2
0 4 9 1 8 3 6
0 261.4 0.0 2082.0 382.2 0.0 6364.3 0.0 20.8 4585.3 0.0 0.0 0.0
**********2022-05-23 14:25:41**********
91825.963 91854.836 0.031 871.979 910.947 
0 2 10
0 0 0.0 0 0 0 0 0 0 0 13696.0 0 0
0 7 12 5 11
0 0 0 0 0 4465.0 0 1088.3 0 0 0 5423.4 2719.2
0 4 9 1 8 3 6
0 261.4 0.0 2082.0 382.2 0.0 6364.3 0.0 20.8 4585.3 0.0 0.0 0.0
**********2022-05-23 14:25:47**********
91825.963 91854.836 0.031 871.979 916.952 
0 2 10
0 0 0.0 0 0 0 0 0 0 0 13696.0 0 0
0 7 12 5 11
0 0 0 0 0 4465.0 0 1088.3 0 0 0 5423.4 2719.2
0 4 9 1 8 3 6
0 261.4 0.0 2082.0 382.2 0.0 6364.3 0.0 20.8 4585.3 0.0 0.0 0.0
**********2022-05-23 14:25:52**********
91826.036 91854.836 0.031 871.979 921.524 
0 2 10
0 0 0.0 0 0 0 0 0 0 0 13696.0 0 0
0 7 12 5 11
0 0 0 0 0 4465.0 0 1088.3 0 0 0 5423.4 2719.2
0 4 9 1 8 3 6
0 261.4 0.0 2082.0 382.2 0.0 6364.3 0.0 20.8 4585.3 0.0 0.0 0.0
**********2022-05-23 14:25:55**********
91826.12 91854.836 0.031 871.979 924.584 
0 2 10
0 0 0.0 0 0 0 0 0 0 0 13696.0 0 0
0 7 12 5 11
0 0 0 0 0 4465.0 0 1088.3 0 0 0 5423.4 2719.2
0 4 9 1 8 3 6
0 261.4 0.0 2082.0 382.2 0.0 6364.3 0.0 20.8 4585.3 0.0 0.0 0.0
**********2022-05-23 14:26:00**********
91826.177 91854.836 0.031 871.979 929.495 
0 2 10
0 0 0.0 0 0 0 0 0 0 0 13696.0 0 0
0 7 12 5 11
0 0 0 0 0 4465.0 0 1088.3 0 0 0 5423.4 2719.2
0 4 9 1 8 3 6
0 261.4 0.0 2082.0 382.2 0.0 6364.3 0.0 20.8 4585.3 0.0 0.0 0.0
**********2022-05-23 14:26:04**********
91826.177 91854.836 0.031 871.979 933.258 
0 2 10
0 0 0.0 0 0 0 0 0 0 0 13696.0 0 0
0 7 12 5 11
0 0 0 0 0 4465.0 0 1088.3 0 0 0 5423.4 2719.2
0 4 9 1 8 3 6
0 261.4 0.0 2082.0 382.2 0.0 6364.3 0.0 20.8 4585.3 0.0 0.0 0.0
**********2022-05-23 14:26:10**********
91826.177 91854.836 0.031 871.979 939.058 
0 2 10
0 0 0.0 0 0 0 0 0 0 0 13696.0 0 0
0 7 12 5 11
0 0 0 0 0 4465.0 0 1088.3 0 0 0 5423.4 2719.2
0 4 9 1 8 3 6
0 261.4 0.0 2082.0 382.2 0.0 6364.3 0.0 20.8 4585.3 0.0 0.0 0.0
**********2022-05-23 14:26:15**********
91826.2 91854.836 0.031 871.979 944.429 
0 2 10
0 0 0.0 0 0 0 0 0 0 0 13696.0 0 0
0 7 12 5 11
0 0 0 0 0 4465.0 0 1088.3 0 0 0 5423.4 2719.2
0 4 9 1 8 3 6
0 261.4 0.0 2082.0 382.2 0.0 6364.3 0.0 20.8 4585.3 0.0 0.0 0.0
**********2022-05-23 14:26:19**********
91826.242 91854.836 0.031 871.979 948.817 
0 2 10
0 0 0.0 0 0 0 0 0 0 0 13696.0 0 0
0 7 12 5 11
0 0 0 0 0 4465.0 0 1088.3 0 0 0 5423.4 2719.2
0 4 9 1 8 3 6
0 261.4 0.0 2082.0 382.2 0.0 6364.3 0.0 20.8 4585.3 0.0 0.0 0.0
**********2022-05-23 14:26:24**********
91826.242 91854.836 0.031 871.979 953.024 
0 2 10
0 0 0.0 0 0 0 0 0 0 0 13696.0 0 0
0 7 12 5 11
0 0 0 0 0 4465.0 0 1088.3 0 0 0 5423.4 2719.2
0 4 9 1 8 3 6
0 261.4 0.0 2082.0 382.2 0.0 6364.3 0.0 20.8 4585.3 0.0 0.0 0.0
**********2022-05-23 14:26:27**********
91826.242 91854.836 0.031 871.979 956.44 
0 2 10
0 0 0.0 0 0 0 0 0 0 0 13696.0 0 0
0 7 12 5 11
0 0 0 0 0 4465.0 0 1088.3 0 0 0 5423.4 2719.2
0 4 9 1 8 3 6
0 261.4 0.0 2082.0 382.2 0.0 6364.3 0.0 20.8 4585.3 0.0 0.0 0.0
**********2022-05-23 14:26:28**********
91826.242 91854.836 0.031 871.979 957.599 
0 2 10
0 0 0.0 0 0 0 0 0 0 0 13696.0 0 0
0 7 12 5 11
0 0 0 0 0 4465.0 0 1088.3 0 0 0 5423.4 2719.2
0 4 9 1 8 3 6
0 261.4 0.0 2082.0 382.2 0.0 6364.3 0.0 20.8 4585.3 0.0 0.0 0.0
**********2022-05-23 14:26:32**********
91826.313 91854.836 0.031 871.979 960.967 
0 2 10
0 0 0.0 0 0 0 0 0 0 0 13696.0 0 0
0 7 12 5 11
0 0 0 0 0 4465.0 0 1088.3 0 0 0 5423.4 2719.2
0 4 9 1 8 3 6
0 261.4 0.0 2082.0 382.2 0.0 6364.3 0.0 20.8 4585.3 0.0 0.0 0.0
**********2022-05-23 14:26:35**********
91826.346 91854.836 0.031 871.979 964.341 
0 2 10
0 0 0.0 0 0 0 0 0 0 0 13696.0 0 0
0 7 12 5 11
0 0 0 0 0 4465.0 0 1088.3 0 0 0 5423.4 2719.2
0 4 9 1 8 3 6
0 261.4 0.0 2082.0 382.2 0.0 6364.3 0.0 20.8 4585.3 0.0 0.0 0.0
**********2022-05-23 14:26:38**********
91826.346 91854.836 0.031 871.979 967.218 
0 2 10
0 0 0.0 0 0 0 0 0 0 0 13696.0 0 0
0 7 12 5 11
0 0 0 0 0 4465.0 0 1088.3 0 0 0 5423.4 2719.2
0 4 9 1 8 3 6
0 261.4 0.0 2082.0 382.2 0.0 6364.3 0.0 20.8 4585.3 0.0 0.0 0.0
**********2022-05-23 14:26:41**********
91826.363 91854.836 0.031 871.979 970.899 
0 2 10
0 0 0.0 0 0 0 0 0 0 0 13696.0 0 0
0 7 12 5 11
0 0 0 0 0 4465.0 0 1088.3 0 0 0 5423.4 2719.2
0 4 9 1 8 3 6
0 261.4 0.0 2082.0 382.2 0.0 6364.3 0.0 20.8 4585.3 0.0 0.0 0.0
**********2022-05-23 14:26:45**********
91826.407 91854.836 0.031 871.979 974.866 
0 2 10
0 0 0.0 0 0 0 0 0 0 0 13696.0 0 0
0 7 12 5 11
0 0 0 0 0 4465.0 0 1088.3 0 0 0 5423.4 2719.2
0 4 9 1 8 3 6
0 261.4 0.0 2082.0 382.2 0.0 6364.3 0.0 20.8 4585.3 0.0 0.0 0.0
**********2022-05-23 14:26:50**********
91826.407 91854.836 0.031 871.979 979.385 
0 2 10
0 0 0.0 0 0 0 0 0 0 0 13696.0 0 0
0 7 12 5 11
0 0 0 0 0 4465.0 0 1088.3 0 0 0 5423.4 2719.2
0 4 9 1 8 3 6
0 261.4 0.0 2082.0 382.2 0.0 6364.3 0.0 20.8 4585.3 0.0 0.0 0.0
**********2022-05-23 14:26:56**********
91826.407 91854.836 0.031 871.979 985.502 
0 2 10
0 0 0.0 0 0 0 0 0 0 0 13696.0 0 0
0 7 12 5 11
0 0 0 0 0 4465.0 0 1088.3 0 0 0 5423.4 2719.2
0 4 9 1 8 3 6
0 261.4 0.0 2082.0 382.2 0.0 6364.3 0.0 20.8 4585.3 0.0 0.0 0.0
**********2022-05-23 14:27:01**********
91826.407 91854.836 0.031 871.979 990.327 
0 2 10
0 0 0.0 0 0 0 0 0 0 0 13696.0 0 0
0 7 12 5 11
0 0 0 0 0 4465.0 0 1088.3 0 0 0 5423.4 2719.2
0 4 9 1 8 3 6
0 261.4 0.0 2082.0 382.2 0.0 6364.3 0.0 20.8 4585.3 0.0 0.0 0.0
**********2022-05-23 14:27:04**********
91826.407 91854.836 0.031 871.979 993.661 
0 2 10
0 0 0.0 0 0 0 0 0 0 0 13696.0 0 0
0 7 12 5 11
0 0 0 0 0 4465.0 0 1088.3 0 0 0 5423.4 2719.2
0 4 9 1 8 3 6
0 261.4 0.0 2082.0 382.2 0.0 6364.3 0.0 20.8 4585.3 0.0 0.0 0.0
**********2022-05-23 14:27:08**********
91826.407 91854.836 0.031 871.979 997.901 
0 2 10
0 0 0.0 0 0 0 0 0 0 0 13696.0 0 0
0 7 12 5 11
0 0 0 0 0 4465.0 0 1088.3 0 0 0 5423.4 2719.2
0 4 9 1 8 3 6
0 261.4 0.0 2082.0 382.2 0.0 6364.3 0.0 20.8 4585.3 0.0 0.0 0.0
**********2022-05-23 14:27:14**********
91826.452 91854.836 0.031 871.979 1003.235 
0 2 10
0 0 0.0 0 0 0 0 0 0 0 13696.0 0 0
0 7 12 5 11
0 0 0 0 0 4465.0 0 1088.3 0 0 0 5423.4 2719.2
0 4 9 1 8 3 6
0 261.4 0.0 2082.0 382.2 0.0 6364.3 0.0 20.8 4585.3 0.0 0.0 0.0
**********2022-05-23 14:27:18**********
91826.454 91854.836 0.031 871.979 1007.641 
0 2 10
0 0 0.0 0 0 0 0 0 0 0 13696.0 0 0
0 7 12 5 11
0 0 0 0 0 4465.0 0 1088.3 0 0 0 5423.4 2719.2
0 4 9 1 8 3 6
0 261.4 0.0 2082.0 382.2 0.0 6364.3 0.0 20.8 4585.3 0.0 0.0 0.0
