**********2022-05-24 23:07:38**********
46295.134 46479.363 0.396 13.688 13.688 
0 5 11 4
0 0 0 0 393.8 928.6 0 0 0 0 0 1181.6 0
0 2 7 1 8 12
0 902.2 0.1 0 0 0 0 539.0 745.6 0 0 0 317.0
0 9 6 3 10
0 0 0 1381.8 0 0 531.7 0 0 67.5 522.9 0 0
**********2022-05-24 23:07:43**********
46295.134 46446.637 0.326 19.194 19.194 
0 1 10 6 7
0 924.8 0 0 0 0 517.7 552.5 0 0 509.1 0 0
0 11 4 5
0 0 0 0 393.8 928.6 0 0 0 0 0 1181.6 0
0 12 2 3 8 9
0 0 0.1 1347.2 0 0 0 0 765.4 65.8 0 0 325.4
**********2022-05-24 23:07:49**********
46295.134 46427.047 0.284 24.712 24.712 
0 1 4 11
0 920.0 0 0 396.0 0 0 0 0 0 0 1188.0 0
0 2 7 6 5 10
0 0 0.1 0 0 933.3 514.8 549.5 0 0 506.3 0 0
0 9 8 3 12
0 0 0 1347.3 0 0 0 0 765.4 65.8 0 0 325.5
**********2022-05-24 23:07:55**********
46296.084 46427.047 0.282 24.712 31.321 
0 1 4 11
0 920.0 0 0 396.0 0 0 0 0 0 0 1188.0 0
0 2 7 6 5 10
0 0 0.1 0 0 933.3 514.8 549.5 0 0 506.3 0 0
0 9 8 3 12
0 0 0 1347.3 0 0 0 0 765.4 65.8 0 0 325.5
**********2022-05-24 23:08:01**********
46296.084 46427.047 0.282 24.712 37.23 
0 1 4 11
0 920.0 0 0 396.0 0 0 0 0 0 0 1188.0 0
0 2 7 6 5 10
0 0 0.1 0 0 933.3 514.8 549.5 0 0 506.3 0 0
0 9 8 3 12
0 0 0 1347.3 0 0 0 0 765.4 65.8 0 0 325.5
**********2022-05-24 23:08:07**********
46296.084 46427.047 0.282 24.712 43.078 
0 1 4 11
0 920.0 0 0 396.0 0 0 0 0 0 0 1188.0 0
0 2 7 6 5 10
0 0 0.1 0 0 933.3 514.8 549.5 0 0 506.3 0 0
0 9 8 3 12
0 0 0 1347.3 0 0 0 0 765.4 65.8 0 0 325.5
**********2022-05-24 23:08:13**********
46296.084 46427.047 0.282 24.712 48.683 
0 1 4 11
0 920.0 0 0 396.0 0 0 0 0 0 0 1188.0 0
0 2 7 6 5 10
0 0 0.1 0 0 933.3 514.8 549.5 0 0 506.3 0 0
0 9 8 3 12
0 0 0 1347.3 0 0 0 0 765.4 65.8 0 0 325.5
**********2022-05-24 23:08:18**********
46296.084 46422.507 0.272 54.36 54.36 
0 7 2 6 1 10
0 924.7 0.1 0 0 0 517.6 552.5 0 0 509.1 0 0
0 3 4 8
0 0 0 1343.4 397.4 0 0 0 763.2 0 0 0 0
0 9 5 12 11
0 0 0 0 0 931.2 0 0 0 65.2 0 1185.0 322.5
**********2022-05-24 23:08:24**********
46296.084 46420.544 0.268 60.234 60.234 
0 4 8 3
0 0 0 1343.4 397.4 0 0 0 763.2 0 0 0 0
0 7 10 9 1 6
0 901.1 0 0 0 0 504.4 538.4 0 64.0 496.1 0 0
0 5 12 2 11
0 0 0.1 0 0 956.1 0 0 0 0 0 1216.7 331.1
**********2022-05-24 23:08:30**********
46296.297 46420.544 0.268 60.234 66.366 
0 4 8 3
0 0 0 1343.4 397.4 0 0 0 763.2 0 0 0 0
0 7 10 9 1 6
0 901.1 0 0 0 0 504.4 538.4 0 64.0 496.1 0 0
0 5 12 2 11
0 0 0.1 0 0 956.1 0 0 0 0 0 1216.7 331.1
**********2022-05-24 23:08:38**********
46296.297 46420.544 0.268 60.234 73.656 
0 4 8 3
0 0 0 1343.4 397.4 0 0 0 763.2 0 0 0 0
0 7 10 9 1 6
0 901.1 0 0 0 0 504.4 538.4 0 64.0 496.1 0 0
0 5 12 2 11
0 0 0.1 0 0 956.1 0 0 0 0 0 1216.7 331.1
**********2022-05-24 23:08:45**********
46296.297 46420.544 0.268 60.234 81.512 
0 4 8 3
0 0 0 1343.4 397.4 0 0 0 763.2 0 0 0 0
0 7 10 9 1 6
0 901.1 0 0 0 0 504.4 538.4 0 64.0 496.1 0 0
0 5 12 2 11
0 0 0.1 0 0 956.1 0 0 0 0 0 1216.7 331.1
**********2022-05-24 23:08:55**********
46296.297 46420.544 0.268 60.234 91.362 
0 4 8 3
0 0 0 1343.4 397.4 0 0 0 763.2 0 0 0 0
0 7 10 9 1 6
0 901.1 0 0 0 0 504.4 538.4 0 64.0 496.1 0 0
0 5 12 2 11
0 0 0.1 0 0 956.1 0 0 0 0 0 1216.7 331.1
**********2022-05-24 23:09:02**********
46296.297 46420.544 0.268 60.234 98.601 
0 4 8 3
0 0 0 1343.4 397.4 0 0 0 763.2 0 0 0 0
0 7 10 9 1 6
0 901.1 0 0 0 0 504.4 538.4 0 64.0 496.1 0 0
0 5 12 2 11
0 0 0.1 0 0 956.1 0 0 0 0 0 1216.7 331.1
**********2022-05-24 23:09:08**********
46296.611 46407.017 0.238 103.762 103.762 
0 6 7 5 10
0 0.0 0.0 0.0 0.0 933.3 514.9 549.5 0.0 0.0 506.3 0.0 0.0
0 4 1 11
0 920.0 0 0 396.0 0 0 0 0 0 0 1188.0 0
0 9 8 2 3 12
0 0 0.1 1347.2 0 0 0 0 765.4 65.8 0 0 325.4
**********2022-05-24 23:09:13**********
46296.611 46407.017 0.238 103.762 109.003 
0 6 7 5 10
0 0.0 0.0 0.0 0.0 933.3 514.9 549.5 0.0 0.0 506.3 0.0 0.0
0 4 1 11
0 920.0 0 0 396.0 0 0 0 0 0 0 1188.0 0
0 9 8 2 3 12
0 0 0.1 1347.2 0 0 0 0 765.4 65.8 0 0 325.4
**********2022-05-24 23:09:17**********
46296.908 46392.605 0.206 113.206 113.206 
0 4 8 3
0 0 0 1343.4 397.4 0 0 0 763.2 0 0 0 0
0 5 12 2 11
0 0 0.1 0 0 956.1 0 0 0 0 0 1216.7 331.1
0 6 7 9 1 10
0 901.1 0 0 0 0 504.4 538.4 0 64.0 496.1 0 0
**********2022-05-24 23:09:22**********
46297.069 46392.605 0.206 113.206 118.044 
0 4 8 3
0 0 0 1343.4 397.4 0 0 0 763.2 0 0 0 0
0 5 12 2 11
0 0 0.1 0 0 956.1 0 0 0 0 0 1216.7 331.1
0 6 7 9 1 10
0 901.1 0 0 0 0 504.4 538.4 0 64.0 496.1 0 0
**********2022-05-24 23:09:30**********
46297.069 46392.605 0.206 113.206 125.657 
0 4 8 3
0 0 0 1343.4 397.4 0 0 0 763.2 0 0 0 0
0 5 12 2 11
0 0 0.1 0 0 956.1 0 0 0 0 0 1216.7 331.1
0 6 7 9 1 10
0 901.1 0 0 0 0 504.4 538.4 0 64.0 496.1 0 0
**********2022-05-24 23:09:34**********
46297.069 46392.605 0.206 113.206 130.644 
0 4 8 3
0 0 0 1343.4 397.4 0 0 0 763.2 0 0 0 0
0 5 12 2 11
0 0 0.1 0 0 956.1 0 0 0 0 0 1216.7 331.1
0 6 7 9 1 10
0 901.1 0 0 0 0 504.4 538.4 0 64.0 496.1 0 0
**********2022-05-24 23:09:40**********
46297.075 46392.605 0.206 113.206 135.791 
0 4 8 3
0 0 0 1343.4 397.4 0 0 0 763.2 0 0 0 0
0 5 12 2 11
0 0 0.1 0 0 956.1 0 0 0 0 0 1216.7 331.1
0 6 7 9 1 10
0 901.1 0 0 0 0 504.4 538.4 0 64.0 496.1 0 0
**********2022-05-24 23:09:44**********
46297.129 46392.605 0.206 113.206 140.25 
0 4 8 3
0 0 0 1343.4 397.4 0 0 0 763.2 0 0 0 0
0 5 12 2 11
0 0 0.1 0 0 956.1 0 0 0 0 0 1216.7 331.1
0 6 7 9 1 10
0 901.1 0 0 0 0 504.4 538.4 0 64.0 496.1 0 0
**********2022-05-24 23:09:51**********
46297.129 46392.605 0.206 113.206 146.999 
0 4 8 3
0 0 0 1343.4 397.4 0 0 0 763.2 0 0 0 0
0 5 12 2 11
0 0 0.1 0 0 956.1 0 0 0 0 0 1216.7 331.1
0 6 7 9 1 10
0 901.1 0 0 0 0 504.4 538.4 0 64.0 496.1 0 0
**********2022-05-24 23:09:57**********
46297.129 46392.605 0.206 113.206 152.903 
0 4 8 3
0 0 0 1343.4 397.4 0 0 0 763.2 0 0 0 0
0 5 12 2 11
0 0 0.1 0 0 956.1 0 0 0 0 0 1216.7 331.1
0 6 7 9 1 10
0 901.1 0 0 0 0 504.4 538.4 0 64.0 496.1 0 0
**********2022-05-24 23:10:03**********
46297.129 46392.605 0.206 113.206 159.477 
0 4 8 3
0 0 0 1343.4 397.4 0 0 0 763.2 0 0 0 0
0 5 12 2 11
0 0 0.1 0 0 956.1 0 0 0 0 0 1216.7 331.1
0 6 7 9 1 10
0 901.1 0 0 0 0 504.4 538.4 0 64.0 496.1 0 0
**********2022-05-24 23:10:09**********
46297.175 46392.605 0.206 113.206 164.649 
0 4 8 3
0 0 0 1343.4 397.4 0 0 0 763.2 0 0 0 0
0 5 12 2 11
0 0 0.1 0 0 956.1 0 0 0 0 0 1216.7 331.1
0 6 7 9 1 10
0 901.1 0 0 0 0 504.4 538.4 0 64.0 496.1 0 0
**********2022-05-24 23:10:13**********
46297.37 46392.605 0.205 113.206 168.925 
0 4 8 3
0 0 0 1343.4 397.4 0 0 0 763.2 0 0 0 0
0 5 12 2 11
0 0 0.1 0 0 956.1 0 0 0 0 0 1216.7 331.1
0 6 7 9 1 10
0 901.1 0 0 0 0 504.4 538.4 0 64.0 496.1 0 0
**********2022-05-24 23:10:17**********
46297.37 46392.605 0.205 113.206 173.476 
0 4 8 3
0 0 0 1343.4 397.4 0 0 0 763.2 0 0 0 0
0 5 12 2 11
0 0 0.1 0 0 956.1 0 0 0 0 0 1216.7 331.1
0 6 7 9 1 10
0 901.1 0 0 0 0 504.4 538.4 0 64.0 496.1 0 0
**********2022-05-24 23:10:24**********
46297.444 46392.605 0.205 113.206 179.675 
0 4 8 3
0 0 0 1343.4 397.4 0 0 0 763.2 0 0 0 0
0 5 12 2 11
0 0 0.1 0 0 956.1 0 0 0 0 0 1216.7 331.1
0 6 7 9 1 10
0 901.1 0 0 0 0 504.4 538.4 0 64.0 496.1 0 0
**********2022-05-24 23:10:29**********
46297.444 46392.605 0.205 113.206 185.423 
0 4 8 3
0 0 0 1343.4 397.4 0 0 0 763.2 0 0 0 0
0 5 12 2 11
0 0 0.1 0 0 956.1 0 0 0 0 0 1216.7 331.1
0 6 7 9 1 10
0 901.1 0 0 0 0 504.4 538.4 0 64.0 496.1 0 0
**********2022-05-24 23:10:35**********
46297.593 46392.605 0.205 113.206 190.826 
0 4 8 3
0 0 0 1343.4 397.4 0 0 0 763.2 0 0 0 0
0 5 12 2 11
0 0 0.1 0 0 956.1 0 0 0 0 0 1216.7 331.1
0 6 7 9 1 10
0 901.1 0 0 0 0 504.4 538.4 0 64.0 496.1 0 0
**********2022-05-24 23:10:41**********
46297.593 46392.605 0.205 113.206 196.819 
0 4 8 3
0 0 0 1343.4 397.4 0 0 0 763.2 0 0 0 0
0 5 12 2 11
0 0 0.1 0 0 956.1 0 0 0 0 0 1216.7 331.1
0 6 7 9 1 10
0 901.1 0 0 0 0 504.4 538.4 0 64.0 496.1 0 0
**********2022-05-24 23:10:49**********
46297.593 46392.605 0.205 113.206 204.684 
0 4 8 3
0 0 0 1343.4 397.4 0 0 0 763.2 0 0 0 0
0 5 12 2 11
0 0 0.1 0 0 956.1 0 0 0 0 0 1216.7 331.1
0 6 7 9 1 10
0 901.1 0 0 0 0 504.4 538.4 0 64.0 496.1 0 0
**********2022-05-24 23:10:53**********
46297.699 46392.605 0.205 113.206 209.544 
0 4 8 3
0 0 0 1343.4 397.4 0 0 0 763.2 0 0 0 0
0 5 12 2 11
0 0 0.1 0 0 956.1 0 0 0 0 0 1216.7 331.1
0 6 7 9 1 10
0 901.1 0 0 0 0 504.4 538.4 0 64.0 496.1 0 0
**********2022-05-24 23:10:58**********
46297.783 46392.605 0.204 113.206 213.745 
0 4 8 3
0 0 0 1343.4 397.4 0 0 0 763.2 0 0 0 0
0 5 12 2 11
0 0 0.1 0 0 956.1 0 0 0 0 0 1216.7 331.1
0 6 7 9 1 10
0 901.1 0 0 0 0 504.4 538.4 0 64.0 496.1 0 0
**********2022-05-24 23:11:03**********
46297.783 46392.605 0.204 113.206 218.848 
0 4 8 3
0 0 0 1343.4 397.4 0 0 0 763.2 0 0 0 0
0 5 12 2 11
0 0 0.1 0 0 956.1 0 0 0 0 0 1216.7 331.1
0 6 7 9 1 10
0 901.1 0 0 0 0 504.4 538.4 0 64.0 496.1 0 0
**********2022-05-24 23:11:08**********
46297.947 46392.605 0.204 113.206 223.808 
0 4 8 3
0 0 0 1343.4 397.4 0 0 0 763.2 0 0 0 0
0 5 12 2 11
0 0 0.1 0 0 956.1 0 0 0 0 0 1216.7 331.1
0 6 7 9 1 10
0 901.1 0 0 0 0 504.4 538.4 0 64.0 496.1 0 0
**********2022-05-24 23:11:12**********
46298.026 46392.605 0.204 113.206 227.912 
0 4 8 3
0 0 0 1343.4 397.4 0 0 0 763.2 0 0 0 0
0 5 12 2 11
0 0 0.1 0 0 956.1 0 0 0 0 0 1216.7 331.1
0 6 7 9 1 10
0 901.1 0 0 0 0 504.4 538.4 0 64.0 496.1 0 0
**********2022-05-24 23:11:16**********
46298.026 46392.605 0.204 113.206 232.201 
0 4 8 3
0 0 0 1343.4 397.4 0 0 0 763.2 0 0 0 0
0 5 12 2 11
0 0 0.1 0 0 956.1 0 0 0 0 0 1216.7 331.1
0 6 7 9 1 10
0 901.1 0 0 0 0 504.4 538.4 0 64.0 496.1 0 0
**********2022-05-24 23:11:20**********
46298.071 46392.605 0.204 113.206 236.374 
0 4 8 3
0 0 0 1343.4 397.4 0 0 0 763.2 0 0 0 0
0 5 12 2 11
0 0 0.1 0 0 956.1 0 0 0 0 0 1216.7 331.1
0 6 7 9 1 10
0 901.1 0 0 0 0 504.4 538.4 0 64.0 496.1 0 0
**********2022-05-24 23:11:26**********
46298.071 46392.605 0.204 113.206 242.597 
0 4 8 3
0 0 0 1343.4 397.4 0 0 0 763.2 0 0 0 0
0 5 12 2 11
0 0 0.1 0 0 956.1 0 0 0 0 0 1216.7 331.1
0 6 7 9 1 10
0 901.1 0 0 0 0 504.4 538.4 0 64.0 496.1 0 0
**********2022-05-24 23:11:32**********
46298.123 46392.605 0.204 113.206 248.494 
0 4 8 3
0 0 0 1343.4 397.4 0 0 0 763.2 0 0 0 0
0 5 12 2 11
0 0 0.1 0 0 956.1 0 0 0 0 0 1216.7 331.1
0 6 7 9 1 10
0 901.1 0 0 0 0 504.4 538.4 0 64.0 496.1 0 0
**********2022-05-24 23:11:36**********
46298.249 46392.605 0.203 113.206 252.295 
0 4 8 3
0 0 0 1343.4 397.4 0 0 0 763.2 0 0 0 0
0 5 12 2 11
0 0 0.1 0 0 956.1 0 0 0 0 0 1216.7 331.1
0 6 7 9 1 10
0 901.1 0 0 0 0 504.4 538.4 0 64.0 496.1 0 0
**********2022-05-24 23:11:42**********
46298.249 46392.605 0.203 113.206 258.576 
0 4 8 3
0 0 0 1343.4 397.4 0 0 0 763.2 0 0 0 0
0 5 12 2 11
0 0 0.1 0 0 956.1 0 0 0 0 0 1216.7 331.1
0 6 7 9 1 10
0 901.1 0 0 0 0 504.4 538.4 0 64.0 496.1 0 0
**********2022-05-24 23:11:50**********
46298.249 46392.605 0.203 113.206 265.683 
0 4 8 3
0 0 0 1343.4 397.4 0 0 0 763.2 0 0 0 0
0 5 12 2 11
0 0 0.1 0 0 956.1 0 0 0 0 0 1216.7 331.1
0 6 7 9 1 10
0 901.1 0 0 0 0 504.4 538.4 0 64.0 496.1 0 0
**********2022-05-24 23:11:56**********
46298.349 46392.605 0.203 113.206 272.141 
0 4 8 3
0 0 0 1343.4 397.4 0 0 0 763.2 0 0 0 0
0 5 12 2 11
0 0 0.1 0 0 956.1 0 0 0 0 0 1216.7 331.1
0 6 7 9 1 10
0 901.1 0 0 0 0 504.4 538.4 0 64.0 496.1 0 0
**********2022-05-24 23:12:01**********
46298.35 46392.605 0.203 113.206 277.254 
0 4 8 3
0 0 0 1343.4 397.4 0 0 0 763.2 0 0 0 0
0 5 12 2 11
0 0 0.1 0 0 956.1 0 0 0 0 0 1216.7 331.1
0 6 7 9 1 10
0 901.1 0 0 0 0 504.4 538.4 0 64.0 496.1 0 0
**********2022-05-24 23:12:05**********
46298.383 46392.605 0.203 113.206 281.069 
0 4 8 3
0 0 0 1343.4 397.4 0 0 0 763.2 0 0 0 0
0 5 12 2 11
0 0 0.1 0 0 956.1 0 0 0 0 0 1216.7 331.1
0 6 7 9 1 10
0 901.1 0 0 0 0 504.4 538.4 0 64.0 496.1 0 0
**********2022-05-24 23:12:11**********
46298.383 46375.768 0.167 287.546 287.546 
0 2 4 8 3
0 0 0.1 1343.3 397.4 0 0 0 763.1 0 0 0 0
0 5 11 9 12
0 0 0 0 0 931.2 0 0 0 65.2 0 1185.0 322.5
0 1 10 7 6
0 924.8 0 0 0 0 517.7 552.5 0 0 509.1 0 0
**********2022-05-24 23:12:17**********
46298.383 46375.768 0.167 287.546 293.419 
0 2 4 8 3
0 0 0.1 1343.3 397.4 0 0 0 763.1 0 0 0 0
0 5 11 9 12
0 0 0 0 0 931.2 0 0 0 65.2 0 1185.0 322.5
0 1 10 7 6
0 924.8 0 0 0 0 517.7 552.5 0 0 509.1 0 0
**********2022-05-24 23:12:23**********
46298.383 46375.768 0.167 287.546 298.795 
0 2 4 8 3
0 0 0.1 1343.3 397.4 0 0 0 763.1 0 0 0 0
0 5 11 9 12
0 0 0 0 0 931.2 0 0 0 65.2 0 1185.0 322.5
0 1 10 7 6
0 924.8 0 0 0 0 517.7 552.5 0 0 509.1 0 0
**********2022-05-24 23:12:27**********
46298.383 46375.768 0.167 287.546 303.576 
0 2 4 8 3
0 0 0.1 1343.3 397.4 0 0 0 763.1 0 0 0 0
0 5 11 9 12
0 0 0 0 0 931.2 0 0 0 65.2 0 1185.0 322.5
0 1 10 7 6
0 924.8 0 0 0 0 517.7 552.5 0 0 509.1 0 0
**********2022-05-24 23:12:33**********
46298.521 46375.768 0.167 287.546 309.127 
0 2 4 8 3
0 0 0.1 1343.3 397.4 0 0 0 763.1 0 0 0 0
0 5 11 9 12
0 0 0 0 0 931.2 0 0 0 65.2 0 1185.0 322.5
0 1 10 7 6
0 924.8 0 0 0 0 517.7 552.5 0 0 509.1 0 0
**********2022-05-24 23:12:38**********
46298.521 46375.768 0.167 287.546 314.393 
0 2 4 8 3
0 0 0.1 1343.3 397.4 0 0 0 763.1 0 0 0 0
0 5 11 9 12
0 0 0 0 0 931.2 0 0 0 65.2 0 1185.0 322.5
0 1 10 7 6
0 924.8 0 0 0 0 517.7 552.5 0 0 509.1 0 0
**********2022-05-24 23:12:44**********
46298.58 46375.768 0.166 287.546 319.924 
0 2 4 8 3
0 0 0.1 1343.3 397.4 0 0 0 763.1 0 0 0 0
0 5 11 9 12
0 0 0 0 0 931.2 0 0 0 65.2 0 1185.0 322.5
0 1 10 7 6
0 924.8 0 0 0 0 517.7 552.5 0 0 509.1 0 0
**********2022-05-24 23:12:49**********
46298.58 46375.768 0.166 287.546 325.633 
0 2 4 8 3
0 0 0.1 1343.3 397.4 0 0 0 763.1 0 0 0 0
0 5 11 9 12
0 0 0 0 0 931.2 0 0 0 65.2 0 1185.0 322.5
0 1 10 7 6
0 924.8 0 0 0 0 517.7 552.5 0 0 509.1 0 0
**********2022-05-24 23:12:57**********
46298.58 46375.768 0.166 287.546 332.832 
0 2 4 8 3
0 0 0.1 1343.3 397.4 0 0 0 763.1 0 0 0 0
0 5 11 9 12
0 0 0 0 0 931.2 0 0 0 65.2 0 1185.0 322.5
0 1 10 7 6
0 924.8 0 0 0 0 517.7 552.5 0 0 509.1 0 0
**********2022-05-24 23:13:01**********
46298.58 46375.768 0.166 287.546 337.514 
0 2 4 8 3
0 0 0.1 1343.3 397.4 0 0 0 763.1 0 0 0 0
0 5 11 9 12
0 0 0 0 0 931.2 0 0 0 65.2 0 1185.0 322.5
0 1 10 7 6
0 924.8 0 0 0 0 517.7 552.5 0 0 509.1 0 0
**********2022-05-24 23:13:08**********
46298.652 46375.768 0.166 287.546 343.774 
0 2 4 8 3
0 0 0.1 1343.3 397.4 0 0 0 763.1 0 0 0 0
0 5 11 9 12
0 0 0 0 0 931.2 0 0 0 65.2 0 1185.0 322.5
0 1 10 7 6
0 924.8 0 0 0 0 517.7 552.5 0 0 509.1 0 0
**********2022-05-24 23:13:13**********
46298.652 46375.768 0.166 287.546 348.878 
0 2 4 8 3
0 0 0.1 1343.3 397.4 0 0 0 763.1 0 0 0 0
0 5 11 9 12
0 0 0 0 0 931.2 0 0 0 65.2 0 1185.0 322.5
0 1 10 7 6
0 924.8 0 0 0 0 517.7 552.5 0 0 509.1 0 0
**********2022-05-24 23:13:19**********
46298.652 46375.768 0.166 287.546 355.42 
0 2 4 8 3
0 0 0.1 1343.3 397.4 0 0 0 763.1 0 0 0 0
0 5 11 9 12
0 0 0 0 0 931.2 0 0 0 65.2 0 1185.0 322.5
0 1 10 7 6
0 924.8 0 0 0 0 517.7 552.5 0 0 509.1 0 0
**********2022-05-24 23:13:25**********
46298.652 46375.768 0.166 287.546 361.156 
0 2 4 8 3
0 0 0.1 1343.3 397.4 0 0 0 763.1 0 0 0 0
0 5 11 9 12
0 0 0 0 0 931.2 0 0 0 65.2 0 1185.0 322.5
0 1 10 7 6
0 924.8 0 0 0 0 517.7 552.5 0 0 509.1 0 0
**********2022-05-24 23:13:31**********
46298.652 46375.768 0.166 287.546 366.666 
0 2 4 8 3
0 0 0.1 1343.3 397.4 0 0 0 763.1 0 0 0 0
0 5 11 9 12
0 0 0 0 0 931.2 0 0 0 65.2 0 1185.0 322.5
0 1 10 7 6
0 924.8 0 0 0 0 517.7 552.5 0 0 509.1 0 0
**********2022-05-24 23:13:36**********
46298.704 46375.768 0.166 287.546 372.347 
0 2 4 8 3
0 0 0.1 1343.3 397.4 0 0 0 763.1 0 0 0 0
0 5 11 9 12
0 0 0 0 0 931.2 0 0 0 65.2 0 1185.0 322.5
0 1 10 7 6
0 924.8 0 0 0 0 517.7 552.5 0 0 509.1 0 0
**********2022-05-24 23:13:41**********
46298.704 46375.768 0.166 287.546 376.668 
0 2 4 8 3
0 0 0.1 1343.3 397.4 0 0 0 763.1 0 0 0 0
0 5 11 9 12
0 0 0 0 0 931.2 0 0 0 65.2 0 1185.0 322.5
0 1 10 7 6
0 924.8 0 0 0 0 517.7 552.5 0 0 509.1 0 0
**********2022-05-24 23:13:44**********
46298.768 46375.768 0.166 287.546 380.528 
0 2 4 8 3
0 0 0.1 1343.3 397.4 0 0 0 763.1 0 0 0 0
0 5 11 9 12
0 0 0 0 0 931.2 0 0 0 65.2 0 1185.0 322.5
0 1 10 7 6
0 924.8 0 0 0 0 517.7 552.5 0 0 509.1 0 0
**********2022-05-24 23:13:48**********
46298.786 46375.768 0.166 287.546 384.453 
0 2 4 8 3
0 0 0.1 1343.3 397.4 0 0 0 763.1 0 0 0 0
0 5 11 9 12
0 0 0 0 0 931.2 0 0 0 65.2 0 1185.0 322.5
0 1 10 7 6
0 924.8 0 0 0 0 517.7 552.5 0 0 509.1 0 0
**********2022-05-24 23:13:53**********
46298.786 46375.768 0.166 287.546 389.228 
0 2 4 8 3
0 0 0.1 1343.3 397.4 0 0 0 763.1 0 0 0 0
0 5 11 9 12
0 0 0 0 0 931.2 0 0 0 65.2 0 1185.0 322.5
0 1 10 7 6
0 924.8 0 0 0 0 517.7 552.5 0 0 509.1 0 0
**********2022-05-24 23:13:58**********
46298.836 46375.768 0.166 287.546 394.166 
0 2 4 8 3
0 0 0.1 1343.3 397.4 0 0 0 763.1 0 0 0 0
0 5 11 9 12
0 0 0 0 0 931.2 0 0 0 65.2 0 1185.0 322.5
0 1 10 7 6
0 924.8 0 0 0 0 517.7 552.5 0 0 509.1 0 0
**********2022-05-24 23:14:02**********
46298.836 46375.768 0.166 287.546 398.386 
0 2 4 8 3
0 0 0.1 1343.3 397.4 0 0 0 763.1 0 0 0 0
0 5 11 9 12
0 0 0 0 0 931.2 0 0 0 65.2 0 1185.0 322.5
0 1 10 7 6
0 924.8 0 0 0 0 517.7 552.5 0 0 509.1 0 0
**********2022-05-24 23:14:08**********
46298.836 46375.768 0.166 287.546 404.395 
0 2 4 8 3
0 0 0.1 1343.3 397.4 0 0 0 763.1 0 0 0 0
0 5 11 9 12
0 0 0 0 0 931.2 0 0 0 65.2 0 1185.0 322.5
0 1 10 7 6
0 924.8 0 0 0 0 517.7 552.5 0 0 509.1 0 0
**********2022-05-24 23:14:14**********
46298.836 46375.768 0.166 287.546 410.08 
0 2 4 8 3
0 0 0.1 1343.3 397.4 0 0 0 763.1 0 0 0 0
0 5 11 9 12
0 0 0 0 0 931.2 0 0 0 65.2 0 1185.0 322.5
0 1 10 7 6
0 924.8 0 0 0 0 517.7 552.5 0 0 509.1 0 0
**********2022-05-24 23:14:20**********
46298.836 46375.768 0.166 287.546 416.25 
0 2 4 8 3
0 0 0.1 1343.3 397.4 0 0 0 763.1 0 0 0 0
0 5 11 9 12
0 0 0 0 0 931.2 0 0 0 65.2 0 1185.0 322.5
0 1 10 7 6
0 924.8 0 0 0 0 517.7 552.5 0 0 509.1 0 0
**********2022-05-24 23:14:24**********
46298.836 46375.768 0.166 287.546 420.44 
0 2 4 8 3
0 0 0.1 1343.3 397.4 0 0 0 763.1 0 0 0 0
0 5 11 9 12
0 0 0 0 0 931.2 0 0 0 65.2 0 1185.0 322.5
0 1 10 7 6
0 924.8 0 0 0 0 517.7 552.5 0 0 509.1 0 0
**********2022-05-24 23:14:29**********
46298.836 46375.768 0.166 287.546 425.26 
0 2 4 8 3
0 0 0.1 1343.3 397.4 0 0 0 763.1 0 0 0 0
0 5 11 9 12
0 0 0 0 0 931.2 0 0 0 65.2 0 1185.0 322.5
0 1 10 7 6
0 924.8 0 0 0 0 517.7 552.5 0 0 509.1 0 0
**********2022-05-24 23:14:34**********
46298.842 46375.768 0.166 287.546 429.841 
0 2 4 8 3
0 0 0.1 1343.3 397.4 0 0 0 763.1 0 0 0 0
0 5 11 9 12
0 0 0 0 0 931.2 0 0 0 65.2 0 1185.0 322.5
0 1 10 7 6
0 924.8 0 0 0 0 517.7 552.5 0 0 509.1 0 0
**********2022-05-24 23:14:40**********
46298.842 46366.895 0.147 436.451 436.451 
0 6 7 5 10
0 0.0 0.0 0.0 0.0 933.3 514.9 549.5 0.0 0.0 506.3 0.0 0.0
0 9 1 12 11
0 922.7 0 0 0 0 0 0 0 65.6 0 1191.5 324.2
0 3 8 2 4
0 0 0.1 1343.3 397.4 0 0 0 763.1 0 0 0 0
**********2022-05-24 23:14:45**********
46298.842 46366.895 0.147 436.451 441.229 
0 6 7 5 10
0 0.0 0.0 0.0 0.0 933.3 514.9 549.5 0.0 0.0 506.3 0.0 0.0
0 9 1 12 11
0 922.7 0 0 0 0 0 0 0 65.6 0 1191.5 324.2
0 3 8 2 4
0 0 0.1 1343.3 397.4 0 0 0 763.1 0 0 0 0
**********2022-05-24 23:14:50**********
46298.862 46366.895 0.147 436.451 446.052 
0 6 7 5 10
0 0.0 0.0 0.0 0.0 933.3 514.9 549.5 0.0 0.0 506.3 0.0 0.0
0 9 1 12 11
0 922.7 0 0 0 0 0 0 0 65.6 0 1191.5 324.2
0 3 8 2 4
0 0 0.1 1343.3 397.4 0 0 0 763.1 0 0 0 0
**********2022-05-24 23:14:53**********
46298.923 46366.895 0.147 436.451 449.33 
0 6 7 5 10
0 0.0 0.0 0.0 0.0 933.3 514.9 549.5 0.0 0.0 506.3 0.0 0.0
0 9 1 12 11
0 922.7 0 0 0 0 0 0 0 65.6 0 1191.5 324.2
0 3 8 2 4
0 0 0.1 1343.3 397.4 0 0 0 763.1 0 0 0 0
**********2022-05-24 23:14:59**********
46298.923 46366.895 0.147 436.451 454.696 
0 6 7 5 10
0 0.0 0.0 0.0 0.0 933.3 514.9 549.5 0.0 0.0 506.3 0.0 0.0
0 9 1 12 11
0 922.7 0 0 0 0 0 0 0 65.6 0 1191.5 324.2
0 3 8 2 4
0 0 0.1 1343.3 397.4 0 0 0 763.1 0 0 0 0
**********2022-05-24 23:15:03**********
46298.923 46366.895 0.147 436.451 459.521 
0 6 7 5 10
0 0.0 0.0 0.0 0.0 933.3 514.9 549.5 0.0 0.0 506.3 0.0 0.0
0 9 1 12 11
0 922.7 0 0 0 0 0 0 0 65.6 0 1191.5 324.2
0 3 8 2 4
0 0 0.1 1343.3 397.4 0 0 0 763.1 0 0 0 0
**********2022-05-24 23:17:38**********
46298.923 46366.895 0.147 436.451 614.362 
0 6 7 5 10
0 0.0 0.0 0.0 0.0 933.3 514.9 549.5 0.0 0.0 506.3 0.0 0.0
0 9 1 12 11
0 922.7 0 0 0 0 0 0 0 65.6 0 1191.5 324.2
0 3 8 2 4
0 0 0.1 1343.3 397.4 0 0 0 763.1 0 0 0 0
**********2022-05-24 23:17:43**********
46298.923 46366.895 0.147 436.451 618.888 
0 6 7 5 10
0 0.0 0.0 0.0 0.0 933.3 514.9 549.5 0.0 0.0 506.3 0.0 0.0
0 9 1 12 11
0 922.7 0 0 0 0 0 0 0 65.6 0 1191.5 324.2
0 3 8 2 4
0 0 0.1 1343.3 397.4 0 0 0 763.1 0 0 0 0
**********2022-05-24 23:17:48**********
46298.979 46366.895 0.146 436.451 623.754 
0 6 7 5 10
0 0.0 0.0 0.0 0.0 933.3 514.9 549.5 0.0 0.0 506.3 0.0 0.0
0 9 1 12 11
0 922.7 0 0 0 0 0 0 0 65.6 0 1191.5 324.2
0 3 8 2 4
0 0 0.1 1343.3 397.4 0 0 0 763.1 0 0 0 0
**********2022-05-24 23:17:51**********
46298.979 46366.895 0.146 436.451 627.393 
0 6 7 5 10
0 0.0 0.0 0.0 0.0 933.3 514.9 549.5 0.0 0.0 506.3 0.0 0.0
0 9 1 12 11
0 922.7 0 0 0 0 0 0 0 65.6 0 1191.5 324.2
0 3 8 2 4
0 0 0.1 1343.3 397.4 0 0 0 763.1 0 0 0 0
**********2022-05-24 23:17:56**********
46299.31 46366.895 0.146 436.451 631.681 
0 6 7 5 10
0 0.0 0.0 0.0 0.0 933.3 514.9 549.5 0.0 0.0 506.3 0.0 0.0
0 9 1 12 11
0 922.7 0 0 0 0 0 0 0 65.6 0 1191.5 324.2
0 3 8 2 4
0 0 0.1 1343.3 397.4 0 0 0 763.1 0 0 0 0
**********2022-05-24 23:18:00**********
46299.36 46366.895 0.146 436.451 636.182 
0 6 7 5 10
0 0.0 0.0 0.0 0.0 933.3 514.9 549.5 0.0 0.0 506.3 0.0 0.0
0 9 1 12 11
0 922.7 0 0 0 0 0 0 0 65.6 0 1191.5 324.2
0 3 8 2 4
0 0 0.1 1343.3 397.4 0 0 0 763.1 0 0 0 0
**********2022-05-24 23:18:04**********
46299.418 46366.895 0.146 436.451 640.188 
0 6 7 5 10
0 0.0 0.0 0.0 0.0 933.3 514.9 549.5 0.0 0.0 506.3 0.0 0.0
0 9 1 12 11
0 922.7 0 0 0 0 0 0 0 65.6 0 1191.5 324.2
0 3 8 2 4
0 0 0.1 1343.3 397.4 0 0 0 763.1 0 0 0 0
**********2022-05-24 23:18:08**********
46299.418 46366.895 0.146 436.451 644.289 
0 6 7 5 10
0 0.0 0.0 0.0 0.0 933.3 514.9 549.5 0.0 0.0 506.3 0.0 0.0
0 9 1 12 11
0 922.7 0 0 0 0 0 0 0 65.6 0 1191.5 324.2
0 3 8 2 4
0 0 0.1 1343.3 397.4 0 0 0 763.1 0 0 0 0
**********2022-05-24 23:18:11**********
46299.431 46366.895 0.146 436.451 647.641 
0 6 7 5 10
0 0.0 0.0 0.0 0.0 933.3 514.9 549.5 0.0 0.0 506.3 0.0 0.0
0 9 1 12 11
0 922.7 0 0 0 0 0 0 0 65.6 0 1191.5 324.2
0 3 8 2 4
0 0 0.1 1343.3 397.4 0 0 0 763.1 0 0 0 0
**********2022-05-24 23:18:15**********
46299.431 46366.895 0.145 436.451 651.324 
0 6 7 5 10
0 0.0 0.0 0.0 0.0 933.3 514.9 549.5 0.0 0.0 506.3 0.0 0.0
0 9 1 12 11
0 922.7 0 0 0 0 0 0 0 65.6 0 1191.5 324.2
0 3 8 2 4
0 0 0.1 1343.3 397.4 0 0 0 763.1 0 0 0 0
**********2022-05-24 23:18:19**********
46299.432 46366.895 0.145 436.451 654.777 
0 6 7 5 10
0 0.0 0.0 0.0 0.0 933.3 514.9 549.5 0.0 0.0 506.3 0.0 0.0
0 9 1 12 11
0 922.7 0 0 0 0 0 0 0 65.6 0 1191.5 324.2
0 3 8 2 4
0 0 0.1 1343.3 397.4 0 0 0 763.1 0 0 0 0
**********2022-05-24 23:18:23**********
46299.432 46366.895 0.145 436.451 658.964 
0 6 7 5 10
0 0.0 0.0 0.0 0.0 933.3 514.9 549.5 0.0 0.0 506.3 0.0 0.0
0 9 1 12 11
0 922.7 0 0 0 0 0 0 0 65.6 0 1191.5 324.2
0 3 8 2 4
0 0 0.1 1343.3 397.4 0 0 0 763.1 0 0 0 0
**********2022-05-24 23:18:28**********
46299.432 46366.895 0.145 436.451 664.64 
0 6 7 5 10
0 0.0 0.0 0.0 0.0 933.3 514.9 549.5 0.0 0.0 506.3 0.0 0.0
0 9 1 12 11
0 922.7 0 0 0 0 0 0 0 65.6 0 1191.5 324.2
0 3 8 2 4
0 0 0.1 1343.3 397.4 0 0 0 763.1 0 0 0 0
**********2022-05-24 23:18:35**********
46299.432 46366.895 0.145 436.451 671.063 
0 6 7 5 10
0 0.0 0.0 0.0 0.0 933.3 514.9 549.5 0.0 0.0 506.3 0.0 0.0
0 9 1 12 11
0 922.7 0 0 0 0 0 0 0 65.6 0 1191.5 324.2
0 3 8 2 4
0 0 0.1 1343.3 397.4 0 0 0 763.1 0 0 0 0
**********2022-05-24 23:18:42**********
46299.525 46366.895 0.145 436.451 678.142 
0 6 7 5 10
0 0.0 0.0 0.0 0.0 933.3 514.9 549.5 0.0 0.0 506.3 0.0 0.0
0 9 1 12 11
0 922.7 0 0 0 0 0 0 0 65.6 0 1191.5 324.2
0 3 8 2 4
0 0 0.1 1343.3 397.4 0 0 0 763.1 0 0 0 0
**********2022-05-24 23:18:47**********
46299.525 46366.895 0.145 436.451 683.302 
0 6 7 5 10
0 0.0 0.0 0.0 0.0 933.3 514.9 549.5 0.0 0.0 506.3 0.0 0.0
0 9 1 12 11
0 922.7 0 0 0 0 0 0 0 65.6 0 1191.5 324.2
0 3 8 2 4
0 0 0.1 1343.3 397.4 0 0 0 763.1 0 0 0 0
**********2022-05-24 23:18:52**********
46299.654 46366.895 0.145 436.451 688.088 
0 6 7 5 10
0 0.0 0.0 0.0 0.0 933.3 514.9 549.5 0.0 0.0 506.3 0.0 0.0
0 9 1 12 11
0 922.7 0 0 0 0 0 0 0 65.6 0 1191.5 324.2
0 3 8 2 4
0 0 0.1 1343.3 397.4 0 0 0 763.1 0 0 0 0
**********2022-05-24 23:18:58**********
46299.662 46366.895 0.145 436.451 693.694 
0 6 7 5 10
0 0.0 0.0 0.0 0.0 933.3 514.9 549.5 0.0 0.0 506.3 0.0 0.0
0 9 1 12 11
0 922.7 0 0 0 0 0 0 0 65.6 0 1191.5 324.2
0 3 8 2 4
0 0 0.1 1343.3 397.4 0 0 0 763.1 0 0 0 0
**********2022-05-24 23:19:02**********
46299.697 46366.895 0.145 436.451 698.263 
0 6 7 5 10
0 0.0 0.0 0.0 0.0 933.3 514.9 549.5 0.0 0.0 506.3 0.0 0.0
0 9 1 12 11
0 922.7 0 0 0 0 0 0 0 65.6 0 1191.5 324.2
0 3 8 2 4
0 0 0.1 1343.3 397.4 0 0 0 763.1 0 0 0 0
**********2022-05-24 23:19:07**********
46299.699 46366.895 0.145 436.451 702.904 
0 6 7 5 10
0 0.0 0.0 0.0 0.0 933.3 514.9 549.5 0.0 0.0 506.3 0.0 0.0
0 9 1 12 11
0 922.7 0 0 0 0 0 0 0 65.6 0 1191.5 324.2
0 3 8 2 4
0 0 0.1 1343.3 397.4 0 0 0 763.1 0 0 0 0
**********2022-05-24 23:19:11**********
46299.699 46366.895 0.145 436.451 707.171 
0 6 7 5 10
0 0.0 0.0 0.0 0.0 933.3 514.9 549.5 0.0 0.0 506.3 0.0 0.0
0 9 1 12 11
0 922.7 0 0 0 0 0 0 0 65.6 0 1191.5 324.2
0 3 8 2 4
0 0 0.1 1343.3 397.4 0 0 0 763.1 0 0 0 0
**********2022-05-24 23:19:15**********
46299.699 46366.895 0.145 436.451 711.445 
0 6 7 5 10
0 0.0 0.0 0.0 0.0 933.3 514.9 549.5 0.0 0.0 506.3 0.0 0.0
0 9 1 12 11
0 922.7 0 0 0 0 0 0 0 65.6 0 1191.5 324.2
0 3 8 2 4
0 0 0.1 1343.3 397.4 0 0 0 763.1 0 0 0 0
**********2022-05-24 23:19:19**********
46299.699 46366.895 0.145 436.451 715.456 
0 6 7 5 10
0 0.0 0.0 0.0 0.0 933.3 514.9 549.5 0.0 0.0 506.3 0.0 0.0
0 9 1 12 11
0 922.7 0 0 0 0 0 0 0 65.6 0 1191.5 324.2
0 3 8 2 4
0 0 0.1 1343.3 397.4 0 0 0 763.1 0 0 0 0
**********2022-05-24 23:19:23**********
46299.712 46366.895 0.145 436.451 719.025 
0 6 7 5 10
0 0.0 0.0 0.0 0.0 933.3 514.9 549.5 0.0 0.0 506.3 0.0 0.0
0 9 1 12 11
0 922.7 0 0 0 0 0 0 0 65.6 0 1191.5 324.2
0 3 8 2 4
0 0 0.1 1343.3 397.4 0 0 0 763.1 0 0 0 0
**********2022-05-24 23:19:28**********
46299.737 46366.895 0.145 436.451 723.873 
0 6 7 5 10
0 0.0 0.0 0.0 0.0 933.3 514.9 549.5 0.0 0.0 506.3 0.0 0.0
0 9 1 12 11
0 922.7 0 0 0 0 0 0 0 65.6 0 1191.5 324.2
0 3 8 2 4
0 0 0.1 1343.3 397.4 0 0 0 763.1 0 0 0 0
**********2022-05-24 23:19:32**********
46299.737 46366.895 0.145 436.451 728.228 
0 6 7 5 10
0 0.0 0.0 0.0 0.0 933.3 514.9 549.5 0.0 0.0 506.3 0.0 0.0
0 9 1 12 11
0 922.7 0 0 0 0 0 0 0 65.6 0 1191.5 324.2
0 3 8 2 4
0 0 0.1 1343.3 397.4 0 0 0 763.1 0 0 0 0
**********2022-05-24 23:19:37**********
46299.756 46366.895 0.145 436.451 732.716 
0 6 7 5 10
0 0.0 0.0 0.0 0.0 933.3 514.9 549.5 0.0 0.0 506.3 0.0 0.0
0 9 1 12 11
0 922.7 0 0 0 0 0 0 0 65.6 0 1191.5 324.2
0 3 8 2 4
0 0 0.1 1343.3 397.4 0 0 0 763.1 0 0 0 0
**********2022-05-24 23:19:40**********
46299.762 46366.895 0.145 436.451 736.367 
0 6 7 5 10
0 0.0 0.0 0.0 0.0 933.3 514.9 549.5 0.0 0.0 506.3 0.0 0.0
0 9 1 12 11
0 922.7 0 0 0 0 0 0 0 65.6 0 1191.5 324.2
0 3 8 2 4
0 0 0.1 1343.3 397.4 0 0 0 763.1 0 0 0 0
**********2022-05-24 23:19:47**********
46299.762 46366.895 0.145 436.451 743.03 
0 6 7 5 10
0 0.0 0.0 0.0 0.0 933.3 514.9 549.5 0.0 0.0 506.3 0.0 0.0
0 9 1 12 11
0 922.7 0 0 0 0 0 0 0 65.6 0 1191.5 324.2
0 3 8 2 4
0 0 0.1 1343.3 397.4 0 0 0 763.1 0 0 0 0
**********2022-05-24 23:19:52**********
46299.762 46366.895 0.145 436.451 748.272 
0 6 7 5 10
0 0.0 0.0 0.0 0.0 933.3 514.9 549.5 0.0 0.0 506.3 0.0 0.0
0 9 1 12 11
0 922.7 0 0 0 0 0 0 0 65.6 0 1191.5 324.2
0 3 8 2 4
0 0 0.1 1343.3 397.4 0 0 0 763.1 0 0 0 0
**********2022-05-24 23:19:58**********
46299.833 46366.895 0.145 436.451 754.014 
0 6 7 5 10
0 0.0 0.0 0.0 0.0 933.3 514.9 549.5 0.0 0.0 506.3 0.0 0.0
0 9 1 12 11
0 922.7 0 0 0 0 0 0 0 65.6 0 1191.5 324.2
0 3 8 2 4
0 0 0.1 1343.3 397.4 0 0 0 763.1 0 0 0 0
**********2022-05-24 23:20:02**********
46299.833 46366.895 0.145 436.451 758.051 
0 6 7 5 10
0 0.0 0.0 0.0 0.0 933.3 514.9 549.5 0.0 0.0 506.3 0.0 0.0
0 9 1 12 11
0 922.7 0 0 0 0 0 0 0 65.6 0 1191.5 324.2
0 3 8 2 4
0 0 0.1 1343.3 397.4 0 0 0 763.1 0 0 0 0
**********2022-05-24 23:20:06**********
46299.833 46366.895 0.145 436.451 762.012 
0 6 7 5 10
0 0.0 0.0 0.0 0.0 933.3 514.9 549.5 0.0 0.0 506.3 0.0 0.0
0 9 1 12 11
0 922.7 0 0 0 0 0 0 0 65.6 0 1191.5 324.2
0 3 8 2 4
0 0 0.1 1343.3 397.4 0 0 0 763.1 0 0 0 0
**********2022-05-24 23:20:09**********
46299.833 46366.895 0.145 436.451 765.532 
0 6 7 5 10
0 0.0 0.0 0.0 0.0 933.3 514.9 549.5 0.0 0.0 506.3 0.0 0.0
0 9 1 12 11
0 922.7 0 0 0 0 0 0 0 65.6 0 1191.5 324.2
0 3 8 2 4
0 0 0.1 1343.3 397.4 0 0 0 763.1 0 0 0 0
**********2022-05-24 23:20:13**********
46299.878 46366.895 0.145 436.451 769.402 
0 6 7 5 10
0 0.0 0.0 0.0 0.0 933.3 514.9 549.5 0.0 0.0 506.3 0.0 0.0
0 9 1 12 11
0 922.7 0 0 0 0 0 0 0 65.6 0 1191.5 324.2
0 3 8 2 4
0 0 0.1 1343.3 397.4 0 0 0 763.1 0 0 0 0
**********2022-05-24 23:20:18**********
46299.881 46366.895 0.145 436.451 774.276 
0 6 7 5 10
0 0.0 0.0 0.0 0.0 933.3 514.9 549.5 0.0 0.0 506.3 0.0 0.0
0 9 1 12 11
0 922.7 0 0 0 0 0 0 0 65.6 0 1191.5 324.2
0 3 8 2 4
0 0 0.1 1343.3 397.4 0 0 0 763.1 0 0 0 0
**********2022-05-24 23:20:21**********
46299.881 46366.895 0.145 436.451 777.529 
0 6 7 5 10
0 0.0 0.0 0.0 0.0 933.3 514.9 549.5 0.0 0.0 506.3 0.0 0.0
0 9 1 12 11
0 922.7 0 0 0 0 0 0 0 65.6 0 1191.5 324.2
0 3 8 2 4
0 0 0.1 1343.3 397.4 0 0 0 763.1 0 0 0 0
**********2022-05-24 23:20:24**********
46299.888 46366.895 0.145 436.451 780.436 
0 6 7 5 10
0 0.0 0.0 0.0 0.0 933.3 514.9 549.5 0.0 0.0 506.3 0.0 0.0
0 9 1 12 11
0 922.7 0 0 0 0 0 0 0 65.6 0 1191.5 324.2
0 3 8 2 4
0 0 0.1 1343.3 397.4 0 0 0 763.1 0 0 0 0
**********2022-05-24 23:20:31**********
46299.888 46366.895 0.145 436.451 787.231 
0 6 7 5 10
0 0.0 0.0 0.0 0.0 933.3 514.9 549.5 0.0 0.0 506.3 0.0 0.0
0 9 1 12 11
0 922.7 0 0 0 0 0 0 0 65.6 0 1191.5 324.2
0 3 8 2 4
0 0 0.1 1343.3 397.4 0 0 0 763.1 0 0 0 0
**********2022-05-24 23:20:37**********
46299.888 46366.895 0.145 436.451 792.744 
0 6 7 5 10
0 0.0 0.0 0.0 0.0 933.3 514.9 549.5 0.0 0.0 506.3 0.0 0.0
0 9 1 12 11
0 922.7 0 0 0 0 0 0 0 65.6 0 1191.5 324.2
0 3 8 2 4
0 0 0.1 1343.3 397.4 0 0 0 763.1 0 0 0 0
**********2022-05-24 23:20:44**********
46299.888 46366.895 0.145 436.451 800.45 
0 6 7 5 10
0 0.0 0.0 0.0 0.0 933.3 514.9 549.5 0.0 0.0 506.3 0.0 0.0
0 9 1 12 11
0 922.7 0 0 0 0 0 0 0 65.6 0 1191.5 324.2
0 3 8 2 4
0 0 0.1 1343.3 397.4 0 0 0 763.1 0 0 0 0
**********2022-05-24 23:20:49**********
46299.906 46366.895 0.144 436.451 804.906 
0 6 7 5 10
0 0.0 0.0 0.0 0.0 933.3 514.9 549.5 0.0 0.0 506.3 0.0 0.0
0 9 1 12 11
0 922.7 0 0 0 0 0 0 0 65.6 0 1191.5 324.2
0 3 8 2 4
0 0 0.1 1343.3 397.4 0 0 0 763.1 0 0 0 0
**********2022-05-24 23:20:53**********
46299.956 46366.895 0.144 436.451 809.034 
0 6 7 5 10
0 0.0 0.0 0.0 0.0 933.3 514.9 549.5 0.0 0.0 506.3 0.0 0.0
0 9 1 12 11
0 922.7 0 0 0 0 0 0 0 65.6 0 1191.5 324.2
0 3 8 2 4
0 0 0.1 1343.3 397.4 0 0 0 763.1 0 0 0 0
**********2022-05-24 23:20:58**********
46299.956 46366.895 0.144 436.451 813.942 
0 6 7 5 10
0 0.0 0.0 0.0 0.0 933.3 514.9 549.5 0.0 0.0 506.3 0.0 0.0
0 9 1 12 11
0 922.7 0 0 0 0 0 0 0 65.6 0 1191.5 324.2
0 3 8 2 4
0 0 0.1 1343.3 397.4 0 0 0 763.1 0 0 0 0
**********2022-05-24 23:21:02**********
46299.991 46366.895 0.144 436.451 818.381 
0 6 7 5 10
0 0.0 0.0 0.0 0.0 933.3 514.9 549.5 0.0 0.0 506.3 0.0 0.0
0 9 1 12 11
0 922.7 0 0 0 0 0 0 0 65.6 0 1191.5 324.2
0 3 8 2 4
0 0 0.1 1343.3 397.4 0 0 0 763.1 0 0 0 0
**********2022-05-24 23:21:06**********
46300.01 46366.895 0.144 436.451 822.175 
0 6 7 5 10
0 0.0 0.0 0.0 0.0 933.3 514.9 549.5 0.0 0.0 506.3 0.0 0.0
0 9 1 12 11
0 922.7 0 0 0 0 0 0 0 65.6 0 1191.5 324.2
0 3 8 2 4
0 0 0.1 1343.3 397.4 0 0 0 763.1 0 0 0 0
**********2022-05-24 23:21:14**********
46300.01 46366.895 0.144 436.451 829.76 
0 6 7 5 10
0 0.0 0.0 0.0 0.0 933.3 514.9 549.5 0.0 0.0 506.3 0.0 0.0
0 9 1 12 11
0 922.7 0 0 0 0 0 0 0 65.6 0 1191.5 324.2
0 3 8 2 4
0 0 0.1 1343.3 397.4 0 0 0 763.1 0 0 0 0
**********2022-05-24 23:21:20**********
46300.01 46366.895 0.144 436.451 835.917 
0 6 7 5 10
0 0.0 0.0 0.0 0.0 933.3 514.9 549.5 0.0 0.0 506.3 0.0 0.0
0 9 1 12 11
0 922.7 0 0 0 0 0 0 0 65.6 0 1191.5 324.2
0 3 8 2 4
0 0 0.1 1343.3 397.4 0 0 0 763.1 0 0 0 0
**********2022-05-24 23:21:26**********
46300.01 46366.895 0.144 436.451 842.3 
0 6 7 5 10
0 0.0 0.0 0.0 0.0 933.3 514.9 549.5 0.0 0.0 506.3 0.0 0.0
0 9 1 12 11
0 922.7 0 0 0 0 0 0 0 65.6 0 1191.5 324.2
0 3 8 2 4
0 0 0.1 1343.3 397.4 0 0 0 763.1 0 0 0 0
**********2022-05-24 23:21:31**********
46300.01 46366.895 0.144 436.451 847.536 
0 6 7 5 10
0 0.0 0.0 0.0 0.0 933.3 514.9 549.5 0.0 0.0 506.3 0.0 0.0
0 9 1 12 11
0 922.7 0 0 0 0 0 0 0 65.6 0 1191.5 324.2
0 3 8 2 4
0 0 0.1 1343.3 397.4 0 0 0 763.1 0 0 0 0
**********2022-05-24 23:21:37**********
46300.013 46366.895 0.144 436.451 852.949 
0 6 7 5 10
0 0.0 0.0 0.0 0.0 933.3 514.9 549.5 0.0 0.0 506.3 0.0 0.0
0 9 1 12 11
0 922.7 0 0 0 0 0 0 0 65.6 0 1191.5 324.2
0 3 8 2 4
0 0 0.1 1343.3 397.4 0 0 0 763.1 0 0 0 0
**********2022-05-24 23:21:42**********
46300.067 46366.895 0.144 436.451 857.78 
0 6 7 5 10
0 0.0 0.0 0.0 0.0 933.3 514.9 549.5 0.0 0.0 506.3 0.0 0.0
0 9 1 12 11
0 922.7 0 0 0 0 0 0 0 65.6 0 1191.5 324.2
0 3 8 2 4
0 0 0.1 1343.3 397.4 0 0 0 763.1 0 0 0 0
**********2022-05-24 23:21:48**********
46300.067 46365.82 0.142 864.195 864.195 
0 2 5 12 9 11
0 0 0.1 0 0 931.2 0 0 0 65.2 0 1185.0 322.5
0 7 10 1 6
0 924.8 0 0 0 0 517.7 552.5 0 0 509.1 0 0
0 3 8 4
0 0 0 1343.4 397.4 0 0 0 763.2 0 0 0 0
**********2022-05-24 23:21:54**********
46300.067 46365.82 0.142 864.195 869.797 
0 2 5 12 9 11
0 0 0.1 0 0 931.2 0 0 0 65.2 0 1185.0 322.5
0 7 10 1 6
0 924.8 0 0 0 0 517.7 552.5 0 0 509.1 0 0
0 3 8 4
0 0 0 1343.4 397.4 0 0 0 763.2 0 0 0 0
**********2022-05-24 23:21:58**********
46300.122 46365.82 0.142 864.195 874.136 
0 2 5 12 9 11
0 0 0.1 0 0 931.2 0 0 0 65.2 0 1185.0 322.5
0 7 10 1 6
0 924.8 0 0 0 0 517.7 552.5 0 0 509.1 0 0
0 3 8 4
0 0 0 1343.4 397.4 0 0 0 763.2 0 0 0 0
**********2022-05-24 23:22:05**********
46300.222 46365.82 0.141 864.195 881.64 
0 2 5 12 9 11
0 0 0.1 0 0 931.2 0 0 0 65.2 0 1185.0 322.5
0 7 10 1 6
0 924.8 0 0 0 0 517.7 552.5 0 0 509.1 0 0
0 3 8 4
0 0 0 1343.4 397.4 0 0 0 763.2 0 0 0 0
**********2022-05-24 23:22:11**********
46300.222 46365.82 0.141 864.195 887.626 
0 2 5 12 9 11
0 0 0.1 0 0 931.2 0 0 0 65.2 0 1185.0 322.5
0 7 10 1 6
0 924.8 0 0 0 0 517.7 552.5 0 0 509.1 0 0
0 3 8 4
0 0 0 1343.4 397.4 0 0 0 763.2 0 0 0 0
**********2022-05-24 23:22:17**********
46300.222 46365.82 0.141 864.195 893.168 
0 2 5 12 9 11
0 0 0.1 0 0 931.2 0 0 0 65.2 0 1185.0 322.5
0 7 10 1 6
0 924.8 0 0 0 0 517.7 552.5 0 0 509.1 0 0
0 3 8 4
0 0 0 1343.4 397.4 0 0 0 763.2 0 0 0 0
**********2022-05-24 23:22:21**********
46300.222 46365.82 0.141 864.195 897.518 
0 2 5 12 9 11
0 0 0.1 0 0 931.2 0 0 0 65.2 0 1185.0 322.5
0 7 10 1 6
0 924.8 0 0 0 0 517.7 552.5 0 0 509.1 0 0
0 3 8 4
0 0 0 1343.4 397.4 0 0 0 763.2 0 0 0 0
**********2022-05-24 23:22:26**********
46300.222 46365.82 0.141 864.195 901.947 
0 2 5 12 9 11
0 0 0.1 0 0 931.2 0 0 0 65.2 0 1185.0 322.5
0 7 10 1 6
0 924.8 0 0 0 0 517.7 552.5 0 0 509.1 0 0
0 3 8 4
0 0 0 1343.4 397.4 0 0 0 763.2 0 0 0 0
**********2022-05-24 23:22:31**********
46300.222 46365.82 0.141 864.195 907.034 
0 2 5 12 9 11
0 0 0.1 0 0 931.2 0 0 0 65.2 0 1185.0 322.5
0 7 10 1 6
0 924.8 0 0 0 0 517.7 552.5 0 0 509.1 0 0
0 3 8 4
0 0 0 1343.4 397.4 0 0 0 763.2 0 0 0 0
**********2022-05-24 23:22:36**********
46300.32 46365.82 0.141 864.195 911.966 
0 2 5 12 9 11
0 0 0.1 0 0 931.2 0 0 0 65.2 0 1185.0 322.5
0 7 10 1 6
0 924.8 0 0 0 0 517.7 552.5 0 0 509.1 0 0
0 3 8 4
0 0 0 1343.4 397.4 0 0 0 763.2 0 0 0 0
**********2022-05-24 23:22:41**********
46300.349 46365.82 0.141 864.195 917.083 
0 2 5 12 9 11
0 0 0.1 0 0 931.2 0 0 0 65.2 0 1185.0 322.5
0 7 10 1 6
0 924.8 0 0 0 0 517.7 552.5 0 0 509.1 0 0
0 3 8 4
0 0 0 1343.4 397.4 0 0 0 763.2 0 0 0 0
**********2022-05-24 23:22:44**********
46300.349 46365.82 0.141 864.195 920.399 
0 2 5 12 9 11
0 0 0.1 0 0 931.2 0 0 0 65.2 0 1185.0 322.5
0 7 10 1 6
0 924.8 0 0 0 0 517.7 552.5 0 0 509.1 0 0
0 3 8 4
0 0 0 1343.4 397.4 0 0 0 763.2 0 0 0 0
**********2022-05-24 23:22:48**********
46300.349 46365.82 0.141 864.195 924.624 
0 2 5 12 9 11
0 0 0.1 0 0 931.2 0 0 0 65.2 0 1185.0 322.5
0 7 10 1 6
0 924.8 0 0 0 0 517.7 552.5 0 0 509.1 0 0
0 3 8 4
0 0 0 1343.4 397.4 0 0 0 763.2 0 0 0 0
**********2022-05-24 23:22:52**********
46300.364 46365.82 0.141 864.195 928.154 
0 2 5 12 9 11
0 0 0.1 0 0 931.2 0 0 0 65.2 0 1185.0 322.5
0 7 10 1 6
0 924.8 0 0 0 0 517.7 552.5 0 0 509.1 0 0
0 3 8 4
0 0 0 1343.4 397.4 0 0 0 763.2 0 0 0 0
**********2022-05-24 23:22:58**********
46300.418 46365.82 0.141 864.195 933.647 
0 2 5 12 9 11
0 0 0.1 0 0 931.2 0 0 0 65.2 0 1185.0 322.5
0 7 10 1 6
0 924.8 0 0 0 0 517.7 552.5 0 0 509.1 0 0
0 3 8 4
0 0 0 1343.4 397.4 0 0 0 763.2 0 0 0 0
**********2022-05-24 23:23:01**********
46300.418 46365.82 0.141 864.195 937.413 
0 2 5 12 9 11
0 0 0.1 0 0 931.2 0 0 0 65.2 0 1185.0 322.5
0 7 10 1 6
0 924.8 0 0 0 0 517.7 552.5 0 0 509.1 0 0
0 3 8 4
0 0 0 1343.4 397.4 0 0 0 763.2 0 0 0 0
**********2022-05-24 23:23:07**********
46300.434 46365.82 0.141 864.195 943.209 
0 2 5 12 9 11
0 0 0.1 0 0 931.2 0 0 0 65.2 0 1185.0 322.5
0 7 10 1 6
0 924.8 0 0 0 0 517.7 552.5 0 0 509.1 0 0
0 3 8 4
0 0 0 1343.4 397.4 0 0 0 763.2 0 0 0 0
**********2022-05-24 23:23:10**********
46300.434 46365.82 0.141 864.195 946.204 
0 2 5 12 9 11
0 0 0.1 0 0 931.2 0 0 0 65.2 0 1185.0 322.5
0 7 10 1 6
0 924.8 0 0 0 0 517.7 552.5 0 0 509.1 0 0
0 3 8 4
0 0 0 1343.4 397.4 0 0 0 763.2 0 0 0 0
**********2022-05-24 23:23:14**********
46300.434 46365.82 0.141 864.195 950.269 
0 2 5 12 9 11
0 0 0.1 0 0 931.2 0 0 0 65.2 0 1185.0 322.5
0 7 10 1 6
0 924.8 0 0 0 0 517.7 552.5 0 0 509.1 0 0
0 3 8 4
0 0 0 1343.4 397.4 0 0 0 763.2 0 0 0 0
**********2022-05-24 23:23:17**********
46300.434 46365.82 0.141 864.195 953.403 
0 2 5 12 9 11
0 0 0.1 0 0 931.2 0 0 0 65.2 0 1185.0 322.5
0 7 10 1 6
0 924.8 0 0 0 0 517.7 552.5 0 0 509.1 0 0
0 3 8 4
0 0 0 1343.4 397.4 0 0 0 763.2 0 0 0 0
**********2022-05-24 23:23:22**********
46300.591 46365.82 0.141 864.195 958.029 
0 2 5 12 9 11
0 0 0.1 0 0 931.2 0 0 0 65.2 0 1185.0 322.5
0 7 10 1 6
0 924.8 0 0 0 0 517.7 552.5 0 0 509.1 0 0
0 3 8 4
0 0 0 1343.4 397.4 0 0 0 763.2 0 0 0 0
**********2022-05-24 23:23:26**********
46300.591 46365.82 0.141 864.195 961.681 
0 2 5 12 9 11
0 0 0.1 0 0 931.2 0 0 0 65.2 0 1185.0 322.5
0 7 10 1 6
0 924.8 0 0 0 0 517.7 552.5 0 0 509.1 0 0
0 3 8 4
0 0 0 1343.4 397.4 0 0 0 763.2 0 0 0 0
**********2022-05-24 23:23:29**********
46300.748 46365.82 0.14 864.195 965.316 
0 2 5 12 9 11
0 0 0.1 0 0 931.2 0 0 0 65.2 0 1185.0 322.5
0 7 10 1 6
0 924.8 0 0 0 0 517.7 552.5 0 0 509.1 0 0
0 3 8 4
0 0 0 1343.4 397.4 0 0 0 763.2 0 0 0 0
**********2022-05-24 23:23:33**********
46300.763 46365.82 0.14 864.195 969.609 
0 2 5 12 9 11
0 0 0.1 0 0 931.2 0 0 0 65.2 0 1185.0 322.5
0 7 10 1 6
0 924.8 0 0 0 0 517.7 552.5 0 0 509.1 0 0
0 3 8 4
0 0 0 1343.4 397.4 0 0 0 763.2 0 0 0 0
**********2022-05-24 23:23:35**********
46300.763 46365.82 0.14 864.195 970.887 
0 2 5 12 9 11
0 0 0.1 0 0 931.2 0 0 0 65.2 0 1185.0 322.5
0 7 10 1 6
0 924.8 0 0 0 0 517.7 552.5 0 0 509.1 0 0
0 3 8 4
0 0 0 1343.4 397.4 0 0 0 763.2 0 0 0 0
**********2022-05-24 23:23:38**********
46300.778 46365.82 0.14 864.195 974.065 
0 2 5 12 9 11
0 0 0.1 0 0 931.2 0 0 0 65.2 0 1185.0 322.5
0 7 10 1 6
0 924.8 0 0 0 0 517.7 552.5 0 0 509.1 0 0
0 3 8 4
0 0 0 1343.4 397.4 0 0 0 763.2 0 0 0 0
**********2022-05-24 23:23:43**********
46300.8 46365.82 0.14 864.195 979.481 
0 2 5 12 9 11
0 0 0.1 0 0 931.2 0 0 0 65.2 0 1185.0 322.5
0 7 10 1 6
0 924.8 0 0 0 0 517.7 552.5 0 0 509.1 0 0
0 3 8 4
0 0 0 1343.4 397.4 0 0 0 763.2 0 0 0 0
**********2022-05-24 23:23:49**********
46300.8 46365.82 0.14 864.195 984.938 
0 2 5 12 9 11
0 0 0.1 0 0 931.2 0 0 0 65.2 0 1185.0 322.5
0 7 10 1 6
0 924.8 0 0 0 0 517.7 552.5 0 0 509.1 0 0
0 3 8 4
0 0 0 1343.4 397.4 0 0 0 763.2 0 0 0 0
**********2022-05-24 23:23:54**********
46300.835 46365.82 0.14 864.195 990.119 
0 2 5 12 9 11
0 0 0.1 0 0 931.2 0 0 0 65.2 0 1185.0 322.5
0 7 10 1 6
0 924.8 0 0 0 0 517.7 552.5 0 0 509.1 0 0
0 3 8 4
0 0 0 1343.4 397.4 0 0 0 763.2 0 0 0 0
**********2022-05-24 23:23:59**********
46300.835 46365.82 0.14 864.195 994.664 
0 2 5 12 9 11
0 0 0.1 0 0 931.2 0 0 0 65.2 0 1185.0 322.5
0 7 10 1 6
0 924.8 0 0 0 0 517.7 552.5 0 0 509.1 0 0
0 3 8 4
0 0 0 1343.4 397.4 0 0 0 763.2 0 0 0 0
**********2022-05-24 23:24:03**********
46300.835 46365.82 0.14 864.195 998.771 
0 2 5 12 9 11
0 0 0.1 0 0 931.2 0 0 0 65.2 0 1185.0 322.5
0 7 10 1 6
0 924.8 0 0 0 0 517.7 552.5 0 0 509.1 0 0
0 3 8 4
0 0 0 1343.4 397.4 0 0 0 763.2 0 0 0 0
**********2022-05-24 23:24:07**********
46300.835 46365.82 0.14 864.195 1002.933 
0 2 5 12 9 11
0 0 0.1 0 0 931.2 0 0 0 65.2 0 1185.0 322.5
0 7 10 1 6
0 924.8 0 0 0 0 517.7 552.5 0 0 509.1 0 0
0 3 8 4
0 0 0 1343.4 397.4 0 0 0 763.2 0 0 0 0
**********2022-05-24 23:24:11**********
46300.835 46365.82 0.14 864.195 1007.138 
0 2 5 12 9 11
0 0 0.1 0 0 931.2 0 0 0 65.2 0 1185.0 322.5
0 7 10 1 6
0 924.8 0 0 0 0 517.7 552.5 0 0 509.1 0 0
0 3 8 4
0 0 0 1343.4 397.4 0 0 0 763.2 0 0 0 0
