**********2022-05-23 14:27:38**********
57947.735 57949.458 0.003 20.283 20.283 
0 10
0 0 0 0 0 0 0 0 0 0 9971.0 0 0
0 3 12 4 11 6
0 0.0 0.0 460.6 40.7 0.0 241.0 0.0 0.0 0.0 0.0 9098.4 130.4
0 5 7 8 1 9 2
0 559.7 7187.7 0.0 0.0 16.6 0.0 29.6 167.5 2010.0 0.0 0.0 0.0
**********2022-06-13 02:11:14**********
57947.735 52538.248 -10.296 31.331 27.977 
0 10
0 0 0 0 0 0 0 0 0 0 8425.0 0 0
0 4 11
0 0.0 0.0 0.0 56.1 0.0 0.0 0.0 0.0 0.0 0.0 8368.9 0.0
0 2 12 1 7 9 3 6 8 5
0 843.3 2036.6 664.2 0.0 435.3 546.0 404.3 464.4 2764.6 0.0 0.0 266.4
**********2022-06-13 04:26:20**********
57947.735 57949.458 0.003 24.997 24.998 
0 10
0 0 0 0 0 0 0 0 0 0 9971.0 0 0
0 3 12 4 11 6
0 0.0 0.0 460.6 40.7 0.0 241.0 0.0 0.0 0.0 0.0 9098.4 130.4
0 5 7 8 1 9 2
0 559.7 7187.7 0.0 0.0 16.6 0.0 29.6 167.5 2010.0 0.0 0.0 0.0
