**********2022-06-12 14:28:08**********
21378.375 21399.609 0.099 10.082 10.082 
0 8 7 4 12 1 6
0 3961.3 0 0 859.1 0 233.8 1202.6 3712.3 0 0 0 1319.9
0 5 10
0 0 0 0 0 0.6 0 0 0 0 16073.4 0 0
0 9 2 3 11
0 0 88.6 1891.2 0 0 0 0 0 968.0 0 9875.4 0
**********2022-06-12 14:28:16**********
21378.382 21399.609 0.099 10.082 18.746 
0 8 7 4 12 1 6
0 3961.3 0 0 859.1 0 233.8 1202.6 3712.3 0 0 0 1319.9
0 5 10
0 0 0 0 0 0.6 0 0 0 0 16073.4 0 0
0 9 2 3 11
0 0 88.6 1891.2 0 0 0 0 0 968.0 0 9875.4 0
**********2022-06-12 14:28:26**********
21378.382 21399.609 0.099 10.082 28.816 
0 8 7 4 12 1 6
0 3961.3 0 0 859.1 0 233.8 1202.6 3712.3 0 0 0 1319.9
0 5 10
0 0 0 0 0 0.6 0 0 0 0 16073.4 0 0
0 9 2 3 11
0 0 88.6 1891.2 0 0 0 0 0 968.0 0 9875.4 0
**********2022-06-12 14:28:40**********
21378.382 21399.609 0.099 10.082 42.192 
0 8 7 4 12 1 6
0 3961.3 0 0 859.1 0 233.8 1202.6 3712.3 0 0 0 1319.9
0 5 10
0 0 0 0 0 0.6 0 0 0 0 16073.4 0 0
0 9 2 3 11
0 0 88.6 1891.2 0 0 0 0 0 968.0 0 9875.4 0
**********2022-06-12 14:28:49**********
21378.382 21399.609 0.099 10.082 51.774 
0 8 7 4 12 1 6
0 3961.3 0 0 859.1 0 233.8 1202.6 3712.3 0 0 0 1319.9
0 5 10
0 0 0 0 0 0.6 0 0 0 0 16073.4 0 0
0 9 2 3 11
0 0 88.6 1891.2 0 0 0 0 0 968.0 0 9875.4 0
**********2022-06-12 14:28:59**********
21378.487 21399.609 0.099 10.082 61.136 
0 8 7 4 12 1 6
0 3961.3 0 0 859.1 0 233.8 1202.6 3712.3 0 0 0 1319.9
0 5 10
0 0 0 0 0 0.6 0 0 0 0 16073.4 0 0
0 9 2 3 11
0 0 88.6 1891.2 0 0 0 0 0 968.0 0 9875.4 0
**********2022-06-12 14:29:09**********
21378.487 21399.609 0.099 10.082 71.856 
0 8 7 4 12 1 6
0 3961.3 0 0 859.1 0 233.8 1202.6 3712.3 0 0 0 1319.9
0 5 10
0 0 0 0 0 0.6 0 0 0 0 16073.4 0 0
0 9 2 3 11
0 0 88.6 1891.2 0 0 0 0 0 968.0 0 9875.4 0
**********2022-06-12 14:29:19**********
21378.487 21394.063 0.073 81.104 81.104 
0 5 10
0 0.0 0.0 0.0 0.0 0.6 0.0 0.0 0.0 0.0 16073.4 0.0 0.0
0 3 7 9 1 8
0 3961.3 0 1891.2 0 0 0 1202.6 3712.3 968.0 0 0 0
0 6 2 11 4 12
0 0 88.6 0 859.1 0 233.8 0 0 0 0 9875.4 1319.9
**********2022-06-12 14:29:35**********
21378.487 21394.063 0.073 81.104 97.837 
0 5 10
0 0.0 0.0 0.0 0.0 0.6 0.0 0.0 0.0 0.0 16073.4 0.0 0.0
0 3 7 9 1 8
0 3961.3 0 1891.2 0 0 0 1202.6 3712.3 968.0 0 0 0
0 6 2 11 4 12
0 0 88.6 0 859.1 0 233.8 0 0 0 0 9875.4 1319.9
**********2022-06-12 14:29:47**********
21378.509 21394.063 0.073 81.104 109.998 
0 5 10
0 0.0 0.0 0.0 0.0 0.6 0.0 0.0 0.0 0.0 16073.4 0.0 0.0
0 3 7 9 1 8
0 3961.3 0 1891.2 0 0 0 1202.6 3712.3 968.0 0 0 0
0 6 2 11 4 12
0 0 88.6 0 859.1 0 233.8 0 0 0 0 9875.4 1319.9
**********2022-06-12 14:29:58**********
21378.509 21394.063 0.073 81.104 120.737 
0 5 10
0 0.0 0.0 0.0 0.0 0.6 0.0 0.0 0.0 0.0 16073.4 0.0 0.0
0 3 7 9 1 8
0 3961.3 0 1891.2 0 0 0 1202.6 3712.3 968.0 0 0 0
0 6 2 11 4 12
0 0 88.6 0 859.1 0 233.8 0 0 0 0 9875.4 1319.9
**********2022-06-12 14:30:06**********
21378.509 21394.063 0.073 81.104 128.746 
0 5 10
0 0.0 0.0 0.0 0.0 0.6 0.0 0.0 0.0 0.0 16073.4 0.0 0.0
0 3 7 9 1 8
0 3961.3 0 1891.2 0 0 0 1202.6 3712.3 968.0 0 0 0
0 6 2 11 4 12
0 0 88.6 0 859.1 0 233.8 0 0 0 0 9875.4 1319.9
**********2022-06-12 14:30:14**********
21378.509 21391.083 0.059 136.527 136.527 
0 5 10
0 0.0 0.0 0.0 0.0 0.6 0.0 0.0 0.0 0.0 16073.4 0.0 0.0
0 2 9 4 11
0 0 88.6 0 859.1 0 0 0 0 968.0 0 9875.4 0
0 3 6 1 12 8 7
0 3961.3 0 1891.2 0 0 233.8 1202.6 3712.3 0 0 0 1319.9
**********2022-06-12 14:30:21**********
21378.509 21391.083 0.059 143.536 143.536 
0 5 10
0 0.0 0.0 0.0 0.0 0.6 0.0 0.0 0.0 0.0 16073.4 0.0 0.0
0 2 9 4 11
0 0 88.6 0 859.1 0 0 0 0 968.0 0 9875.4 0
0 3 6 1 12 8 7
0 3961.3 0 1891.2 0 0 233.8 1202.6 3712.3 0 0 0 1319.9
**********2022-06-12 14:30:31**********
21378.713 21391.083 0.058 143.536 153.268 
0 5 10
0 0.0 0.0 0.0 0.0 0.6 0.0 0.0 0.0 0.0 16073.4 0.0 0.0
0 2 9 4 11
0 0 88.6 0 859.1 0 0 0 0 968.0 0 9875.4 0
0 3 6 1 12 8 7
0 3961.3 0 1891.2 0 0 233.8 1202.6 3712.3 0 0 0 1319.9
**********2022-06-12 14:30:38**********
21378.713 21391.083 0.058 143.536 160.514 
0 5 10
0 0.0 0.0 0.0 0.0 0.6 0.0 0.0 0.0 0.0 16073.4 0.0 0.0
0 2 9 4 11
0 0 88.6 0 859.1 0 0 0 0 968.0 0 9875.4 0
0 3 6 1 12 8 7
0 3961.3 0 1891.2 0 0 233.8 1202.6 3712.3 0 0 0 1319.9
**********2022-06-12 14:30:41**********
21378.713 21391.083 0.058 143.536 163.064 
0 5 10
0 0.0 0.0 0.0 0.0 0.6 0.0 0.0 0.0 0.0 16073.4 0.0 0.0
0 2 9 4 11
0 0 88.6 0 859.1 0 0 0 0 968.0 0 9875.4 0
0 3 6 1 12 8 7
0 3961.3 0 1891.2 0 0 233.8 1202.6 3712.3 0 0 0 1319.9
**********2022-06-12 14:30:48**********
21378.713 21391.083 0.058 143.536 170.89 
0 5 10
0 0.0 0.0 0.0 0.0 0.6 0.0 0.0 0.0 0.0 16073.4 0.0 0.0
0 2 9 4 11
0 0 88.6 0 859.1 0 0 0 0 968.0 0 9875.4 0
0 3 6 1 12 8 7
0 3961.3 0 1891.2 0 0 233.8 1202.6 3712.3 0 0 0 1319.9
**********2022-06-12 14:30:53**********
21378.713 21391.083 0.058 143.536 175.936 
0 5 10
0 0.0 0.0 0.0 0.0 0.6 0.0 0.0 0.0 0.0 16073.4 0.0 0.0
0 2 9 4 11
0 0 88.6 0 859.1 0 0 0 0 968.0 0 9875.4 0
0 3 6 1 12 8 7
0 3961.3 0 1891.2 0 0 233.8 1202.6 3712.3 0 0 0 1319.9
**********2022-06-12 14:30:59**********
21378.713 21391.083 0.058 143.536 181.22 
0 5 10
0 0.0 0.0 0.0 0.0 0.6 0.0 0.0 0.0 0.0 16073.4 0.0 0.0
0 2 9 4 11
0 0 88.6 0 859.1 0 0 0 0 968.0 0 9875.4 0
0 3 6 1 12 8 7
0 3961.3 0 1891.2 0 0 233.8 1202.6 3712.3 0 0 0 1319.9
**********2022-06-12 14:31:01**********
21378.713 21391.083 0.058 143.536 183.464 
0 5 10
0 0.0 0.0 0.0 0.0 0.6 0.0 0.0 0.0 0.0 16073.4 0.0 0.0
0 2 9 4 11
0 0 88.6 0 859.1 0 0 0 0 968.0 0 9875.4 0
0 3 6 1 12 8 7
0 3961.3 0 1891.2 0 0 233.8 1202.6 3712.3 0 0 0 1319.9
**********2022-06-12 14:31:07**********
21378.713 21391.083 0.058 143.536 189.111 
0 5 10
0 0.0 0.0 0.0 0.0 0.6 0.0 0.0 0.0 0.0 16073.4 0.0 0.0
0 2 9 4 11
0 0 88.6 0 859.1 0 0 0 0 968.0 0 9875.4 0
0 3 6 1 12 8 7
0 3961.3 0 1891.2 0 0 233.8 1202.6 3712.3 0 0 0 1319.9
**********2022-06-12 14:31:12**********
21378.713 21391.083 0.058 143.536 194.403 
0 5 10
0 0.0 0.0 0.0 0.0 0.6 0.0 0.0 0.0 0.0 16073.4 0.0 0.0
0 2 9 4 11
0 0 88.6 0 859.1 0 0 0 0 968.0 0 9875.4 0
0 3 6 1 12 8 7
0 3961.3 0 1891.2 0 0 233.8 1202.6 3712.3 0 0 0 1319.9
**********2022-06-12 14:31:17**********
21378.713 21388.911 0.048 199.379 199.379 
0 4 8 7 5 11
0 0 0 0 859.1 0.8 0 1202.5 3712.2 0 0 9875.0 0
0 10
0 0 0 0 0 0 0 0 0 0 16074.0 0 0
0 6 3 12 2 9 1
0 3961.1 88.6 1891.1 0 0 233.8 0 0 967.9 0 0 1319.8
**********2022-06-12 14:31:22**********
21378.713 21388.911 0.048 199.379 204.508 
0 4 8 7 5 11
0 0 0 0 859.1 0.8 0 1202.5 3712.2 0 0 9875.0 0
0 10
0 0 0 0 0 0 0 0 0 0 16074.0 0 0
0 6 3 12 2 9 1
0 3961.1 88.6 1891.1 0 0 233.8 0 0 967.9 0 0 1319.8
**********2022-06-12 14:31:27**********
21378.713 21388.911 0.048 199.379 209.831 
0 4 8 7 5 11
0 0 0 0 859.1 0.8 0 1202.5 3712.2 0 0 9875.0 0
0 10
0 0 0 0 0 0 0 0 0 0 16074.0 0 0
0 6 3 12 2 9 1
0 3961.1 88.6 1891.1 0 0 233.8 0 0 967.9 0 0 1319.8
**********2022-06-12 14:31:33**********
21378.713 21387.295 0.04 215.211 215.211 
0 5 10
0 0.0 0.0 0.0 0.0 0.6 0.0 0.0 0.0 0.0 16073.4 0.0 0.0
0 3 12 6 11
0 0 0 1891.2 0 0 233.8 0 0 0 0 9875.4 1319.9
0 4 7 8 2 9 1
0 3961.3 88.6 0 859.1 0 0 1202.6 3712.3 968.0 0 0 0
**********2022-06-12 14:31:38**********
21378.713 21387.295 0.04 215.211 220.357 
0 5 10
0 0.0 0.0 0.0 0.0 0.6 0.0 0.0 0.0 0.0 16073.4 0.0 0.0
0 3 12 6 11
0 0 0 1891.2 0 0 233.8 0 0 0 0 9875.4 1319.9
0 4 7 8 2 9 1
0 3961.3 88.6 0 859.1 0 0 1202.6 3712.3 968.0 0 0 0
**********2022-06-12 14:31:42**********
21378.713 21387.295 0.04 215.211 224.767 
0 5 10
0 0.0 0.0 0.0 0.0 0.6 0.0 0.0 0.0 0.0 16073.4 0.0 0.0
0 3 12 6 11
0 0 0 1891.2 0 0 233.8 0 0 0 0 9875.4 1319.9
0 4 7 8 2 9 1
0 3961.3 88.6 0 859.1 0 0 1202.6 3712.3 968.0 0 0 0
**********2022-06-12 14:31:46**********
21378.713 21387.267 0.04 228.888 228.888 
0 10
0 0 0 0 0 0 0 0 0 0 16074.0 0 0
0 5 7 8 2 9 1 6
0 3961.1 88.6 0 0 0.8 233.8 1202.5 3712.2 967.9 0 0 0
0 3 12 4 11
0 0 0 1891.1 859.1 0 0 0 0 0 0 9875.0 1319.8
**********2022-06-12 14:31:50**********
21378.713 21382.929 0.02 232.36 232.36 
0 2 9 1 6 7 8
0 3961.3 88.6 0 0 0 233.8 1202.6 3712.3 968.0 0 0 0
0 5 10
0 0 0 0 0 0.6 0 0 0 0 16073.4 0 0
0 3 12 4 11
0 0 0 1891.2 859.1 0 0 0 0 0 0 9875.4 1319.9
**********2022-06-12 14:31:53**********
21378.713 21382.929 0.02 232.36 236.003 
0 2 9 1 6 7 8
0 3961.3 88.6 0 0 0 233.8 1202.6 3712.3 968.0 0 0 0
0 5 10
0 0 0 0 0 0.6 0 0 0 0 16073.4 0 0
0 3 12 4 11
0 0 0 1891.2 859.1 0 0 0 0 0 0 9875.4 1319.9
**********2022-06-12 14:31:57**********
21378.713 21382.929 0.02 232.36 239.637 
0 2 9 1 6 7 8
0 3961.3 88.6 0 0 0 233.8 1202.6 3712.3 968.0 0 0 0
0 5 10
0 0 0 0 0 0.6 0 0 0 0 16073.4 0 0
0 3 12 4 11
0 0 0 1891.2 859.1 0 0 0 0 0 0 9875.4 1319.9
**********2022-06-12 14:32:01**********
21378.713 21382.929 0.02 232.36 243.241 
0 2 9 1 6 7 8
0 3961.3 88.6 0 0 0 233.8 1202.6 3712.3 968.0 0 0 0
0 5 10
0 0 0 0 0 0.6 0 0 0 0 16073.4 0 0
0 3 12 4 11
0 0 0 1891.2 859.1 0 0 0 0 0 0 9875.4 1319.9
**********2022-06-12 14:32:04**********
21378.713 21382.929 0.02 232.36 246.767 
0 2 9 1 6 7 8
0 3961.3 88.6 0 0 0 233.8 1202.6 3712.3 968.0 0 0 0
0 5 10
0 0 0 0 0 0.6 0 0 0 0 16073.4 0 0
0 3 12 4 11
0 0 0 1891.2 859.1 0 0 0 0 0 0 9875.4 1319.9
**********2022-06-12 14:32:08**********
21378.713 21382.929 0.02 232.36 250.476 
0 2 9 1 6 7 8
0 3961.3 88.6 0 0 0 233.8 1202.6 3712.3 968.0 0 0 0
0 5 10
0 0 0 0 0 0.6 0 0 0 0 16073.4 0 0
0 3 12 4 11
0 0 0 1891.2 859.1 0 0 0 0 0 0 9875.4 1319.9
**********2022-06-12 14:32:12**********
21378.713 21382.929 0.02 232.36 254.195 
0 2 9 1 6 7 8
0 3961.3 88.6 0 0 0 233.8 1202.6 3712.3 968.0 0 0 0
0 5 10
0 0 0 0 0 0.6 0 0 0 0 16073.4 0 0
0 3 12 4 11
0 0 0 1891.2 859.1 0 0 0 0 0 0 9875.4 1319.9
**********2022-06-12 14:32:15**********
21378.713 21382.929 0.02 232.36 258.004 
0 2 9 1 6 7 8
0 3961.3 88.6 0 0 0 233.8 1202.6 3712.3 968.0 0 0 0
0 5 10
0 0 0 0 0 0.6 0 0 0 0 16073.4 0 0
0 3 12 4 11
0 0 0 1891.2 859.1 0 0 0 0 0 0 9875.4 1319.9
**********2022-06-12 14:32:19**********
21378.713 21382.929 0.02 232.36 261.661 
0 2 9 1 6 7 8
0 3961.3 88.6 0 0 0 233.8 1202.6 3712.3 968.0 0 0 0
0 5 10
0 0 0 0 0 0.6 0 0 0 0 16073.4 0 0
0 3 12 4 11
0 0 0 1891.2 859.1 0 0 0 0 0 0 9875.4 1319.9
**********2022-06-12 14:32:23**********
21378.713 21382.929 0.02 232.36 265.197 
0 2 9 1 6 7 8
0 3961.3 88.6 0 0 0 233.8 1202.6 3712.3 968.0 0 0 0
0 5 10
0 0 0 0 0 0.6 0 0 0 0 16073.4 0 0
0 3 12 4 11
0 0 0 1891.2 859.1 0 0 0 0 0 0 9875.4 1319.9
**********2022-06-12 14:32:26**********
21378.713 21381.213 0.012 268.658 268.658 
0 5 10
0 0 0 0 0 0.6 0 0 0 0 16073.4 0 0
0 2 9 1 8 7 6
0 3961.3 88.6 0 0 0 233.8 1202.6 3712.3 968.0 0 0 0
0 3 12 4 11
0 0 0 1891.2 859.1 0 0 0 0 0 0 9875.4 1319.9
**********2022-06-12 14:32:28**********
21378.713 21381.213 0.012 268.658 270.213 
0 5 10
0 0 0 0 0 0.6 0 0 0 0 16073.4 0 0
0 2 9 1 8 7 6
0 3961.3 88.6 0 0 0 233.8 1202.6 3712.3 968.0 0 0 0
0 3 12 4 11
0 0 0 1891.2 859.1 0 0 0 0 0 0 9875.4 1319.9
**********2022-06-12 14:32:31**********
21378.713 21381.213 0.012 273.051 273.051 
0 5 10
0 0.0 0.0 0.0 0.0 0.6 0.0 0.0 0.0 0.0 16073.4 0.0 0.0
0 3 12 4 11
0 0 0 1891.2 859.1 0 0 0 0 0 0 9875.4 1319.9
0 2 9 1 8 7 6
0 3961.3 88.6 0 0 0 233.8 1202.6 3712.3 968.0 0 0 0
**********2022-06-12 14:32:32**********
21378.713 21381.213 0.012 273.051 274.652 
0 5 10
0 0.0 0.0 0.0 0.0 0.6 0.0 0.0 0.0 0.0 16073.4 0.0 0.0
0 3 12 4 11
0 0 0 1891.2 859.1 0 0 0 0 0 0 9875.4 1319.9
0 2 9 1 8 7 6
0 3961.3 88.6 0 0 0 233.8 1202.6 3712.3 968.0 0 0 0
**********2022-06-12 14:32:34**********
21378.713 21381.213 0.012 273.051 276.247 
0 5 10
0 0.0 0.0 0.0 0.0 0.6 0.0 0.0 0.0 0.0 16073.4 0.0 0.0
0 3 12 4 11
0 0 0 1891.2 859.1 0 0 0 0 0 0 9875.4 1319.9
0 2 9 1 8 7 6
0 3961.3 88.6 0 0 0 233.8 1202.6 3712.3 968.0 0 0 0
**********2022-06-12 14:32:37**********
21378.713 21381.213 0.012 273.051 279.297 
0 5 10
0 0.0 0.0 0.0 0.0 0.6 0.0 0.0 0.0 0.0 16073.4 0.0 0.0
0 3 12 4 11
0 0 0 1891.2 859.1 0 0 0 0 0 0 9875.4 1319.9
0 2 9 1 8 7 6
0 3961.3 88.6 0 0 0 233.8 1202.6 3712.3 968.0 0 0 0
**********2022-06-12 14:32:40**********
21378.713 21381.213 0.012 273.051 282.34 
0 5 10
0 0.0 0.0 0.0 0.0 0.6 0.0 0.0 0.0 0.0 16073.4 0.0 0.0
0 3 12 4 11
0 0 0 1891.2 859.1 0 0 0 0 0 0 9875.4 1319.9
0 2 9 1 8 7 6
0 3961.3 88.6 0 0 0 233.8 1202.6 3712.3 968.0 0 0 0
**********2022-06-12 14:32:43**********
21378.713 21381.213 0.012 273.051 285.108 
0 5 10
0 0.0 0.0 0.0 0.0 0.6 0.0 0.0 0.0 0.0 16073.4 0.0 0.0
0 3 12 4 11
0 0 0 1891.2 859.1 0 0 0 0 0 0 9875.4 1319.9
0 2 9 1 8 7 6
0 3961.3 88.6 0 0 0 233.8 1202.6 3712.3 968.0 0 0 0
**********2022-06-12 14:32:46**********
21378.713 21381.213 0.012 273.051 288.188 
0 5 10
0 0.0 0.0 0.0 0.0 0.6 0.0 0.0 0.0 0.0 16073.4 0.0 0.0
0 3 12 4 11
0 0 0 1891.2 859.1 0 0 0 0 0 0 9875.4 1319.9
0 2 9 1 8 7 6
0 3961.3 88.6 0 0 0 233.8 1202.6 3712.3 968.0 0 0 0
**********2022-06-12 14:32:49**********
21378.713 21381.213 0.012 273.051 291.395 
0 5 10
0 0.0 0.0 0.0 0.0 0.6 0.0 0.0 0.0 0.0 16073.4 0.0 0.0
0 3 12 4 11
0 0 0 1891.2 859.1 0 0 0 0 0 0 9875.4 1319.9
0 2 9 1 8 7 6
0 3961.3 88.6 0 0 0 233.8 1202.6 3712.3 968.0 0 0 0
**********2022-06-12 14:32:52**********
21378.713 21381.213 0.012 273.051 294.351 
0 5 10
0 0.0 0.0 0.0 0.0 0.6 0.0 0.0 0.0 0.0 16073.4 0.0 0.0
0 3 12 4 11
0 0 0 1891.2 859.1 0 0 0 0 0 0 9875.4 1319.9
0 2 9 1 8 7 6
0 3961.3 88.6 0 0 0 233.8 1202.6 3712.3 968.0 0 0 0
**********2022-06-12 14:32:55**********
21378.713 21381.213 0.012 273.051 297.02 
0 5 10
0 0.0 0.0 0.0 0.0 0.6 0.0 0.0 0.0 0.0 16073.4 0.0 0.0
0 3 12 4 11
0 0 0 1891.2 859.1 0 0 0 0 0 0 9875.4 1319.9
0 2 9 1 8 7 6
0 3961.3 88.6 0 0 0 233.8 1202.6 3712.3 968.0 0 0 0
**********2022-06-12 14:32:56**********
21378.713 21381.213 0.012 273.051 298.455 
0 5 10
0 0.0 0.0 0.0 0.0 0.6 0.0 0.0 0.0 0.0 16073.4 0.0 0.0
0 3 12 4 11
0 0 0 1891.2 859.1 0 0 0 0 0 0 9875.4 1319.9
0 2 9 1 8 7 6
0 3961.3 88.6 0 0 0 233.8 1202.6 3712.3 968.0 0 0 0
**********2022-06-12 14:32:57**********
21378.713 21381.213 0.012 273.051 299.92 
0 5 10
0 0.0 0.0 0.0 0.0 0.6 0.0 0.0 0.0 0.0 16073.4 0.0 0.0
0 3 12 4 11
0 0 0 1891.2 859.1 0 0 0 0 0 0 9875.4 1319.9
0 2 9 1 8 7 6
0 3961.3 88.6 0 0 0 233.8 1202.6 3712.3 968.0 0 0 0
**********2022-06-12 14:32:59**********
21378.713 21381.213 0.012 273.051 301.369 
0 5 10
0 0.0 0.0 0.0 0.0 0.6 0.0 0.0 0.0 0.0 16073.4 0.0 0.0
0 3 12 4 11
0 0 0 1891.2 859.1 0 0 0 0 0 0 9875.4 1319.9
0 2 9 1 8 7 6
0 3961.3 88.6 0 0 0 233.8 1202.6 3712.3 968.0 0 0 0
**********2022-06-12 14:33:02**********
21378.713 21381.213 0.012 273.051 304.036 
0 5 10
0 0.0 0.0 0.0 0.0 0.6 0.0 0.0 0.0 0.0 16073.4 0.0 0.0
0 3 12 4 11
0 0 0 1891.2 859.1 0 0 0 0 0 0 9875.4 1319.9
0 2 9 1 8 7 6
0 3961.3 88.6 0 0 0 233.8 1202.6 3712.3 968.0 0 0 0
**********2022-06-12 14:33:04**********
21378.713 21381.213 0.012 306.13 306.13 
0 5 10
0 0.0 0.0 0.0 0.0 0.6 0.0 0.0 0.0 0.0 16073.4 0.0 0.0
0 3 12 4 11
0 0 0 1891.2 859.1 0 0 0 0 0 0 9875.4 1319.9
0 2 9 1 8 7 6
0 3961.3 88.6 0 0 0 233.8 1202.6 3712.3 968.0 0 0 0
**********2022-06-12 14:33:05**********
21378.713 21381.213 0.012 306.13 307.382 
0 5 10
0 0.0 0.0 0.0 0.0 0.6 0.0 0.0 0.0 0.0 16073.4 0.0 0.0
0 3 12 4 11
0 0 0 1891.2 859.1 0 0 0 0 0 0 9875.4 1319.9
0 2 9 1 8 7 6
0 3961.3 88.6 0 0 0 233.8 1202.6 3712.3 968.0 0 0 0
**********2022-06-12 14:33:06**********
21378.713 21381.213 0.012 306.13 308.635 
0 5 10
0 0.0 0.0 0.0 0.0 0.6 0.0 0.0 0.0 0.0 16073.4 0.0 0.0
0 3 12 4 11
0 0 0 1891.2 859.1 0 0 0 0 0 0 9875.4 1319.9
0 2 9 1 8 7 6
0 3961.3 88.6 0 0 0 233.8 1202.6 3712.3 968.0 0 0 0
**********2022-06-12 14:33:07**********
21378.713 21381.213 0.012 306.13 309.886 
0 5 10
0 0.0 0.0 0.0 0.0 0.6 0.0 0.0 0.0 0.0 16073.4 0.0 0.0
0 3 12 4 11
0 0 0 1891.2 859.1 0 0 0 0 0 0 9875.4 1319.9
0 2 9 1 8 7 6
0 3961.3 88.6 0 0 0 233.8 1202.6 3712.3 968.0 0 0 0
**********2022-06-12 14:33:12**********
21378.713 21381.213 0.012 306.13 314.84 
0 5 10
0 0.0 0.0 0.0 0.0 0.6 0.0 0.0 0.0 0.0 16073.4 0.0 0.0
0 3 12 4 11
0 0 0 1891.2 859.1 0 0 0 0 0 0 9875.4 1319.9
0 2 9 1 8 7 6
0 3961.3 88.6 0 0 0 233.8 1202.6 3712.3 968.0 0 0 0
**********2022-06-13 01:49:39**********
21378.375 21399.751 0.1 10.766 10.766 
0 6 12 4 7 8 1
0 3961.3 0 0 859.1 0 233.8 1202.6 3712.3 0 0 0 1319.9
0 5 10
0 0.0 0.0 0.0 0.0 0.6 0.0 0.0 0.0 0.0 16073.4 0.0 0.0
0 9 11 2 3
0 0 88.6 1891.2 0 0 0 0 0 968.0 0 9875.4 0
**********2022-06-13 01:49:53**********
21378.375 21399.751 0.1 10.766 25.145 
0 6 12 4 7 8 1
0 3961.3 0 0 859.1 0 233.8 1202.6 3712.3 0 0 0 1319.9
0 5 10
0 0.0 0.0 0.0 0.0 0.6 0.0 0.0 0.0 0.0 16073.4 0.0 0.0
0 9 11 2 3
0 0 88.6 1891.2 0 0 0 0 0 968.0 0 9875.4 0
**********2022-06-13 01:50:02**********
21378.382 21399.751 0.1 10.766 33.35 
0 6 12 4 7 8 1
0 3961.3 0 0 859.1 0 233.8 1202.6 3712.3 0 0 0 1319.9
0 5 10
0 0.0 0.0 0.0 0.0 0.6 0.0 0.0 0.0 0.0 16073.4 0.0 0.0
0 9 11 2 3
0 0 88.6 1891.2 0 0 0 0 0 968.0 0 9875.4 0
**********2022-06-13 01:50:12**********
21378.382 21389.769 0.053 43.449 43.45 
0 5 10
0 0.0 0.0 0.0 0.0 0.6 0.0 0.0 0.0 0.0 16073.4 0.0 0.0
0 6 7 4 12 3 8
0 0 0 1891.2 859.1 0 233.8 1202.6 3712.3 0 0 0 1319.9
0 1 9 11 2
0 3961.3 88.6 0 0 0 0 0 0 968.0 0 9875.4 0
**********2022-06-13 01:50:19**********
21378.509 21389.769 0.053 43.449 50.96 
0 5 10
0 0.0 0.0 0.0 0.0 0.6 0.0 0.0 0.0 0.0 16073.4 0.0 0.0
0 6 7 4 12 3 8
0 0 0 1891.2 859.1 0 233.8 1202.6 3712.3 0 0 0 1319.9
0 1 9 11 2
0 3961.3 88.6 0 0 0 0 0 0 968.0 0 9875.4 0
**********2022-06-13 01:50:27**********
21378.509 21389.769 0.053 43.449 58.951 
0 5 10
0 0.0 0.0 0.0 0.0 0.6 0.0 0.0 0.0 0.0 16073.4 0.0 0.0
0 6 7 4 12 3 8
0 0 0 1891.2 859.1 0 233.8 1202.6 3712.3 0 0 0 1319.9
0 1 9 11 2
0 3961.3 88.6 0 0 0 0 0 0 968.0 0 9875.4 0
**********2022-06-13 01:50:36**********
21378.526 21389.769 0.053 43.449 67.761 
0 5 10
0 0.0 0.0 0.0 0.0 0.6 0.0 0.0 0.0 0.0 16073.4 0.0 0.0
0 6 7 4 12 3 8
0 0 0 1891.2 859.1 0 233.8 1202.6 3712.3 0 0 0 1319.9
0 1 9 11 2
0 3961.3 88.6 0 0 0 0 0 0 968.0 0 9875.4 0
**********2022-06-13 01:50:48**********
21378.526 21389.769 0.053 43.449 79.598 
0 5 10
0 0.0 0.0 0.0 0.0 0.6 0.0 0.0 0.0 0.0 16073.4 0.0 0.0
0 6 7 4 12 3 8
0 0 0 1891.2 859.1 0 233.8 1202.6 3712.3 0 0 0 1319.9
0 1 9 11 2
0 3961.3 88.6 0 0 0 0 0 0 968.0 0 9875.4 0
**********2022-06-13 01:51:00**********
21378.62 21389.769 0.052 43.449 91.217 
0 5 10
0 0.0 0.0 0.0 0.0 0.6 0.0 0.0 0.0 0.0 16073.4 0.0 0.0
0 6 7 4 12 3 8
0 0 0 1891.2 859.1 0 233.8 1202.6 3712.3 0 0 0 1319.9
0 1 9 11 2
0 3961.3 88.6 0 0 0 0 0 0 968.0 0 9875.4 0
**********2022-06-13 01:51:13**********
21378.62 21389.769 0.052 43.449 105.026 
0 5 10
0 0.0 0.0 0.0 0.0 0.6 0.0 0.0 0.0 0.0 16073.4 0.0 0.0
0 6 7 4 12 3 8
0 0 0 1891.2 859.1 0 233.8 1202.6 3712.3 0 0 0 1319.9
0 1 9 11 2
0 3961.3 88.6 0 0 0 0 0 0 968.0 0 9875.4 0
**********2022-06-13 01:51:23**********
21378.62 21389.769 0.052 43.449 114.526 
0 5 10
0 0.0 0.0 0.0 0.0 0.6 0.0 0.0 0.0 0.0 16073.4 0.0 0.0
0 6 7 4 12 3 8
0 0 0 1891.2 859.1 0 233.8 1202.6 3712.3 0 0 0 1319.9
0 1 9 11 2
0 3961.3 88.6 0 0 0 0 0 0 968.0 0 9875.4 0
**********2022-06-13 01:51:31**********
21378.62 21389.769 0.052 43.449 122.214 
0 5 10
0 0.0 0.0 0.0 0.0 0.6 0.0 0.0 0.0 0.0 16073.4 0.0 0.0
0 6 7 4 12 3 8
0 0 0 1891.2 859.1 0 233.8 1202.6 3712.3 0 0 0 1319.9
0 1 9 11 2
0 3961.3 88.6 0 0 0 0 0 0 968.0 0 9875.4 0
**********2022-06-13 01:51:38**********
21378.62 21389.769 0.052 43.449 129.624 
0 5 10
0 0.0 0.0 0.0 0.0 0.6 0.0 0.0 0.0 0.0 16073.4 0.0 0.0
0 6 7 4 12 3 8
0 0 0 1891.2 859.1 0 233.8 1202.6 3712.3 0 0 0 1319.9
0 1 9 11 2
0 3961.3 88.6 0 0 0 0 0 0 968.0 0 9875.4 0
**********2022-06-13 01:51:46**********
21378.62 21389.769 0.052 43.449 138.05 
0 5 10
0 0.0 0.0 0.0 0.0 0.6 0.0 0.0 0.0 0.0 16073.4 0.0 0.0
0 6 7 4 12 3 8
0 0 0 1891.2 859.1 0 233.8 1202.6 3712.3 0 0 0 1319.9
0 1 9 11 2
0 3961.3 88.6 0 0 0 0 0 0 968.0 0 9875.4 0
**********2022-06-13 01:51:54**********
21378.62 21389.769 0.052 43.449 145.807 
0 5 10
0 0.0 0.0 0.0 0.0 0.6 0.0 0.0 0.0 0.0 16073.4 0.0 0.0
0 6 7 4 12 3 8
0 0 0 1891.2 859.1 0 233.8 1202.6 3712.3 0 0 0 1319.9
0 1 9 11 2
0 3961.3 88.6 0 0 0 0 0 0 968.0 0 9875.4 0
**********2022-06-13 01:52:05**********
21378.62 21389.769 0.052 43.449 156.562 
0 5 10
0 0.0 0.0 0.0 0.0 0.6 0.0 0.0 0.0 0.0 16073.4 0.0 0.0
0 6 7 4 12 3 8
0 0 0 1891.2 859.1 0 233.8 1202.6 3712.3 0 0 0 1319.9
0 1 9 11 2
0 3961.3 88.6 0 0 0 0 0 0 968.0 0 9875.4 0
**********2022-06-13 01:52:13**********
21378.62 21389.769 0.052 43.449 164.475 
0 5 10
0 0.0 0.0 0.0 0.0 0.6 0.0 0.0 0.0 0.0 16073.4 0.0 0.0
0 6 7 4 12 3 8
0 0 0 1891.2 859.1 0 233.8 1202.6 3712.3 0 0 0 1319.9
0 1 9 11 2
0 3961.3 88.6 0 0 0 0 0 0 968.0 0 9875.4 0
**********2022-06-13 01:52:25**********
21378.62 21389.769 0.052 43.449 176.34 
0 5 10
0 0.0 0.0 0.0 0.0 0.6 0.0 0.0 0.0 0.0 16073.4 0.0 0.0
0 6 7 4 12 3 8
0 0 0 1891.2 859.1 0 233.8 1202.6 3712.3 0 0 0 1319.9
0 1 9 11 2
0 3961.3 88.6 0 0 0 0 0 0 968.0 0 9875.4 0
**********2022-06-13 01:52:36**********
21378.62 21389.769 0.052 43.449 187.807 
0 5 10
0 0.0 0.0 0.0 0.0 0.6 0.0 0.0 0.0 0.0 16073.4 0.0 0.0
0 6 7 4 12 3 8
0 0 0 1891.2 859.1 0 233.8 1202.6 3712.3 0 0 0 1319.9
0 1 9 11 2
0 3961.3 88.6 0 0 0 0 0 0 968.0 0 9875.4 0
**********2022-06-13 01:52:42**********
21378.62 21389.769 0.052 43.449 193.98 
0 5 10
0 0.0 0.0 0.0 0.0 0.6 0.0 0.0 0.0 0.0 16073.4 0.0 0.0
0 6 7 4 12 3 8
0 0 0 1891.2 859.1 0 233.8 1202.6 3712.3 0 0 0 1319.9
0 1 9 11 2
0 3961.3 88.6 0 0 0 0 0 0 968.0 0 9875.4 0
**********2022-06-13 01:52:49**********
21378.62 21389.769 0.052 43.449 200.924 
0 5 10
0 0.0 0.0 0.0 0.0 0.6 0.0 0.0 0.0 0.0 16073.4 0.0 0.0
0 6 7 4 12 3 8
0 0 0 1891.2 859.1 0 233.8 1202.6 3712.3 0 0 0 1319.9
0 1 9 11 2
0 3961.3 88.6 0 0 0 0 0 0 968.0 0 9875.4 0
**********2022-06-13 01:52:59**********
21378.62 21389.769 0.052 43.449 210.522 
0 5 10
0 0.0 0.0 0.0 0.0 0.6 0.0 0.0 0.0 0.0 16073.4 0.0 0.0
0 6 7 4 12 3 8
0 0 0 1891.2 859.1 0 233.8 1202.6 3712.3 0 0 0 1319.9
0 1 9 11 2
0 3961.3 88.6 0 0 0 0 0 0 968.0 0 9875.4 0
**********2022-06-13 01:53:12**********
21378.62 21389.769 0.052 43.449 223.601 
0 5 10
0 0.0 0.0 0.0 0.0 0.6 0.0 0.0 0.0 0.0 16073.4 0.0 0.0
0 6 7 4 12 3 8
0 0 0 1891.2 859.1 0 233.8 1202.6 3712.3 0 0 0 1319.9
0 1 9 11 2
0 3961.3 88.6 0 0 0 0 0 0 968.0 0 9875.4 0
**********2022-06-13 01:53:19**********
21378.713 21388.349 0.045 230.469 230.469 
0 5 10
0 0.0 0.0 0.0 0.0 0.6 0.0 0.0 0.0 0.0 16073.4 0.0 0.0
0 2 9 1 8 3 12
0 3961.3 88.6 1891.2 0 0 0 0 3712.3 968.0 0 0 1319.9
0 4 11 7 6
0 0 0 0 859.1 0 233.8 1202.6 0 0 0 9875.4 0
**********2022-06-13 01:53:26**********
21378.713 21388.349 0.045 230.469 237.521 
0 5 10
0 0.0 0.0 0.0 0.0 0.6 0.0 0.0 0.0 0.0 16073.4 0.0 0.0
0 2 9 1 8 3 12
0 3961.3 88.6 1891.2 0 0 0 0 3712.3 968.0 0 0 1319.9
0 4 11 7 6
0 0 0 0 859.1 0 233.8 1202.6 0 0 0 9875.4 0
**********2022-06-13 01:53:34**********
21378.713 21386.193 0.035 245.317 245.317 
0 5 10
0 0.0 0.0 0.0 0.0 0.6 0.0 0.0 0.0 0.0 16073.4 0.0 0.0
0 2 9 1 8 3 12
0 3961.3 88.6 1891.2 0 0 0 0 3712.3 968.0 0 0 1319.9
0 4 11 6 7
0 0 0 0 859.1 0 233.8 1202.6 0 0 0 9875.4 0
**********2022-06-13 01:53:40**********
21378.713 21381.213 0.012 251.974 251.974 
0 5 10
0 0.0 0.0 0.0 0.0 0.6 0.0 0.0 0.0 0.0 16073.4 0.0 0.0
0 3 12 4 11
0 0 0 1891.2 859.1 0 0 0 0 0 0 9875.4 1319.9
0 2 9 1 8 7 6
0 3961.3 88.6 0 0 0 233.8 1202.6 3712.3 968.0 0 0 0
**********2022-06-13 01:53:46**********
21378.713 21381.213 0.012 251.974 257.291 
0 5 10
0 0.0 0.0 0.0 0.0 0.6 0.0 0.0 0.0 0.0 16073.4 0.0 0.0
0 3 12 4 11
0 0 0 1891.2 859.1 0 0 0 0 0 0 9875.4 1319.9
0 2 9 1 8 7 6
0 3961.3 88.6 0 0 0 233.8 1202.6 3712.3 968.0 0 0 0
**********2022-06-13 01:53:51**********
21378.713 21381.213 0.012 251.974 262.256 
0 5 10
0 0.0 0.0 0.0 0.0 0.6 0.0 0.0 0.0 0.0 16073.4 0.0 0.0
0 3 12 4 11
0 0 0 1891.2 859.1 0 0 0 0 0 0 9875.4 1319.9
0 2 9 1 8 7 6
0 3961.3 88.6 0 0 0 233.8 1202.6 3712.3 968.0 0 0 0
**********2022-06-13 01:53:55**********
21378.713 21381.213 0.012 251.974 267.095 
0 5 10
0 0.0 0.0 0.0 0.0 0.6 0.0 0.0 0.0 0.0 16073.4 0.0 0.0
0 3 12 4 11
0 0 0 1891.2 859.1 0 0 0 0 0 0 9875.4 1319.9
0 2 9 1 8 7 6
0 3961.3 88.6 0 0 0 233.8 1202.6 3712.3 968.0 0 0 0
**********2022-06-13 01:54:00**********
21378.713 21381.213 0.012 251.974 271.487 
0 5 10
0 0.0 0.0 0.0 0.0 0.6 0.0 0.0 0.0 0.0 16073.4 0.0 0.0
0 3 12 4 11
0 0 0 1891.2 859.1 0 0 0 0 0 0 9875.4 1319.9
0 2 9 1 8 7 6
0 3961.3 88.6 0 0 0 233.8 1202.6 3712.3 968.0 0 0 0
**********2022-06-13 01:54:05**********
21378.713 21381.213 0.012 251.974 276.788 
0 5 10
0 0.0 0.0 0.0 0.0 0.6 0.0 0.0 0.0 0.0 16073.4 0.0 0.0
0 3 12 4 11
0 0 0 1891.2 859.1 0 0 0 0 0 0 9875.4 1319.9
0 2 9 1 8 7 6
0 3961.3 88.6 0 0 0 233.8 1202.6 3712.3 968.0 0 0 0
**********2022-06-13 01:54:09**********
21378.713 21381.213 0.012 251.974 281.052 
0 5 10
0 0.0 0.0 0.0 0.0 0.6 0.0 0.0 0.0 0.0 16073.4 0.0 0.0
0 3 12 4 11
0 0 0 1891.2 859.1 0 0 0 0 0 0 9875.4 1319.9
0 2 9 1 8 7 6
0 3961.3 88.6 0 0 0 233.8 1202.6 3712.3 968.0 0 0 0
**********2022-06-13 01:54:13**********
21378.713 21381.213 0.012 251.974 284.821 
0 5 10
0 0.0 0.0 0.0 0.0 0.6 0.0 0.0 0.0 0.0 16073.4 0.0 0.0
0 3 12 4 11
0 0 0 1891.2 859.1 0 0 0 0 0 0 9875.4 1319.9
0 2 9 1 8 7 6
0 3961.3 88.6 0 0 0 233.8 1202.6 3712.3 968.0 0 0 0
**********2022-06-13 01:54:17**********
21378.713 21381.213 0.012 251.974 288.24 
0 5 10
0 0.0 0.0 0.0 0.0 0.6 0.0 0.0 0.0 0.0 16073.4 0.0 0.0
0 3 12 4 11
0 0 0 1891.2 859.1 0 0 0 0 0 0 9875.4 1319.9
0 2 9 1 8 7 6
0 3961.3 88.6 0 0 0 233.8 1202.6 3712.3 968.0 0 0 0
**********2022-06-13 01:54:21**********
21378.713 21381.213 0.012 251.974 292.52 
0 5 10
0 0.0 0.0 0.0 0.0 0.6 0.0 0.0 0.0 0.0 16073.4 0.0 0.0
0 3 12 4 11
0 0 0 1891.2 859.1 0 0 0 0 0 0 9875.4 1319.9
0 2 9 1 8 7 6
0 3961.3 88.6 0 0 0 233.8 1202.6 3712.3 968.0 0 0 0
**********2022-06-13 01:54:25**********
21378.713 21381.213 0.012 251.974 296.383 
0 5 10
0 0.0 0.0 0.0 0.0 0.6 0.0 0.0 0.0 0.0 16073.4 0.0 0.0
0 3 12 4 11
0 0 0 1891.2 859.1 0 0 0 0 0 0 9875.4 1319.9
0 2 9 1 8 7 6
0 3961.3 88.6 0 0 0 233.8 1202.6 3712.3 968.0 0 0 0
**********2022-06-13 01:54:29**********
21378.713 21381.213 0.012 251.974 300.478 
0 5 10
0 0.0 0.0 0.0 0.0 0.6 0.0 0.0 0.0 0.0 16073.4 0.0 0.0
0 3 12 4 11
0 0 0 1891.2 859.1 0 0 0 0 0 0 9875.4 1319.9
0 2 9 1 8 7 6
0 3961.3 88.6 0 0 0 233.8 1202.6 3712.3 968.0 0 0 0
**********2022-06-13 01:54:33**********
21378.713 21381.213 0.012 251.974 304.307 
0 5 10
0 0.0 0.0 0.0 0.0 0.6 0.0 0.0 0.0 0.0 16073.4 0.0 0.0
0 3 12 4 11
0 0 0 1891.2 859.1 0 0 0 0 0 0 9875.4 1319.9
0 2 9 1 8 7 6
0 3961.3 88.6 0 0 0 233.8 1202.6 3712.3 968.0 0 0 0
**********2022-06-13 01:54:37**********
21378.713 21381.213 0.012 251.974 308.379 
0 5 10
0 0.0 0.0 0.0 0.0 0.6 0.0 0.0 0.0 0.0 16073.4 0.0 0.0
0 3 12 4 11
0 0 0 1891.2 859.1 0 0 0 0 0 0 9875.4 1319.9
0 2 9 1 8 7 6
0 3961.3 88.6 0 0 0 233.8 1202.6 3712.3 968.0 0 0 0
**********2022-06-13 01:54:40**********
21378.713 21381.213 0.012 251.974 312.032 
0 5 10
0 0.0 0.0 0.0 0.0 0.6 0.0 0.0 0.0 0.0 16073.4 0.0 0.0
0 3 12 4 11
0 0 0 1891.2 859.1 0 0 0 0 0 0 9875.4 1319.9
0 2 9 1 8 7 6
0 3961.3 88.6 0 0 0 233.8 1202.6 3712.3 968.0 0 0 0
**********2022-06-13 01:54:44**********
21378.713 21381.213 0.012 251.974 315.625 
0 5 10
0 0.0 0.0 0.0 0.0 0.6 0.0 0.0 0.0 0.0 16073.4 0.0 0.0
0 3 12 4 11
0 0 0 1891.2 859.1 0 0 0 0 0 0 9875.4 1319.9
0 2 9 1 8 7 6
0 3961.3 88.6 0 0 0 233.8 1202.6 3712.3 968.0 0 0 0
**********2022-06-13 01:54:48**********
21378.713 21381.213 0.012 251.974 319.37 
0 5 10
0 0.0 0.0 0.0 0.0 0.6 0.0 0.0 0.0 0.0 16073.4 0.0 0.0
0 3 12 4 11
0 0 0 1891.2 859.1 0 0 0 0 0 0 9875.4 1319.9
0 2 9 1 8 7 6
0 3961.3 88.6 0 0 0 233.8 1202.6 3712.3 968.0 0 0 0
**********2022-06-13 01:54:51**********
21378.713 21381.213 0.012 251.974 323.071 
0 5 10
0 0.0 0.0 0.0 0.0 0.6 0.0 0.0 0.0 0.0 16073.4 0.0 0.0
0 3 12 4 11
0 0 0 1891.2 859.1 0 0 0 0 0 0 9875.4 1319.9
0 2 9 1 8 7 6
0 3961.3 88.6 0 0 0 233.8 1202.6 3712.3 968.0 0 0 0
**********2022-06-13 01:54:55**********
21378.713 21381.213 0.012 251.974 326.93 
0 5 10
0 0.0 0.0 0.0 0.0 0.6 0.0 0.0 0.0 0.0 16073.4 0.0 0.0
0 3 12 4 11
0 0 0 1891.2 859.1 0 0 0 0 0 0 9875.4 1319.9
0 2 9 1 8 7 6
0 3961.3 88.6 0 0 0 233.8 1202.6 3712.3 968.0 0 0 0
**********2022-06-13 01:54:59**********
21378.713 21381.213 0.012 251.974 330.91 
0 5 10
0 0.0 0.0 0.0 0.0 0.6 0.0 0.0 0.0 0.0 16073.4 0.0 0.0
0 3 12 4 11
0 0 0 1891.2 859.1 0 0 0 0 0 0 9875.4 1319.9
0 2 9 1 8 7 6
0 3961.3 88.6 0 0 0 233.8 1202.6 3712.3 968.0 0 0 0
**********2022-06-13 01:55:03**********
21378.713 21381.213 0.012 251.974 334.479 
0 5 10
0 0.0 0.0 0.0 0.0 0.6 0.0 0.0 0.0 0.0 16073.4 0.0 0.0
0 3 12 4 11
0 0 0 1891.2 859.1 0 0 0 0 0 0 9875.4 1319.9
0 2 9 1 8 7 6
0 3961.3 88.6 0 0 0 233.8 1202.6 3712.3 968.0 0 0 0
**********2022-06-13 01:55:06**********
21378.713 21381.213 0.012 251.974 337.915 
0 5 10
0 0.0 0.0 0.0 0.0 0.6 0.0 0.0 0.0 0.0 16073.4 0.0 0.0
0 3 12 4 11
0 0 0 1891.2 859.1 0 0 0 0 0 0 9875.4 1319.9
0 2 9 1 8 7 6
0 3961.3 88.6 0 0 0 233.8 1202.6 3712.3 968.0 0 0 0
**********2022-06-13 01:55:10**********
21378.713 21381.213 0.012 251.974 341.391 
0 5 10
0 0.0 0.0 0.0 0.0 0.6 0.0 0.0 0.0 0.0 16073.4 0.0 0.0
0 3 12 4 11
0 0 0 1891.2 859.1 0 0 0 0 0 0 9875.4 1319.9
0 2 9 1 8 7 6
0 3961.3 88.6 0 0 0 233.8 1202.6 3712.3 968.0 0 0 0
**********2022-06-13 01:55:13**********
21378.713 21381.213 0.012 251.974 344.636 
0 5 10
0 0.0 0.0 0.0 0.0 0.6 0.0 0.0 0.0 0.0 16073.4 0.0 0.0
0 3 12 4 11
0 0 0 1891.2 859.1 0 0 0 0 0 0 9875.4 1319.9
0 2 9 1 8 7 6
0 3961.3 88.6 0 0 0 233.8 1202.6 3712.3 968.0 0 0 0
**********2022-06-13 01:55:16**********
21378.713 21379.211 0.002 347.624 347.625 
0 3 12 4 11
0 0 0 1891.2 859.1 0 0 0 0 0 0 9875.4 1319.9
0 5 10
0 0 0 0 0 0.6 0 0 0 0 16073.4 0 0
0 6 7 8 1 9 2
0 3961.3 88.6 0 0 0 233.8 1202.6 3712.3 968.0 0 0 0
