**********2022-05-30 16:02:50**********
14029.943 14057.4 0.195 20.096 20.096 
0 8 3 2 11 10
0 0 0.7 3754.8 0 0 0 0 2243.2 0 4410.8 1485.7 0
0 4 9 6 12 1
0 852.8 0 0 7215.6 0 852.8 0 0 198.1 0 0 1300.8
0 7 5
0 0 0 0 0 10305.3 0 22.4 0 0 0 0 0
**********2022-05-30 16:03:56**********
14029.943 14031.304 0.01 18.989 18.989 
0 5 11 6
0 0.0 0.0 0.0 0.0 10305.3 852.8 0.0 0.0 0.0 0.0 1485.7 0.0
0 4 12 2
0 0.0 0.7 0.0 7215.6 0.0 0.0 0.0 0.0 0.0 0.0 0.0 1300.8
0 3 9 7 8 1 10
0 852.8 0.0 3754.8 0.0 0.0 0.0 22.4 2243.2 198.1 4410.8 0.0 0.0
**********2022-05-30 16:04:07**********
14029.962 14031.304 0.01 18.989 30.286 
0 5 11 6
0 0.0 0.0 0.0 0.0 10305.3 852.8 0.0 0.0 0.0 0.0 1485.7 0.0
0 4 12 2
0 0.0 0.7 0.0 7215.6 0.0 0.0 0.0 0.0 0.0 0.0 0.0 1300.8
0 3 9 7 8 1 10
0 852.8 0.0 3754.8 0.0 0.0 0.0 22.4 2243.2 198.1 4410.8 0.0 0.0
**********2022-05-30 16:04:19**********
14030.164 14031.304 0.008 18.989 42.139 
0 5 11 6
0 0.0 0.0 0.0 0.0 10305.3 852.8 0.0 0.0 0.0 0.0 1485.7 0.0
0 4 12 2
0 0.0 0.7 0.0 7215.6 0.0 0.0 0.0 0.0 0.0 0.0 0.0 1300.8
0 3 9 7 8 1 10
0 852.8 0.0 3754.8 0.0 0.0 0.0 22.4 2243.2 198.1 4410.8 0.0 0.0
**********2024-02-15 04:14:56**********
14029.943 14050.608 0.147 27.656 27.656 1 152.0 
0 8 7 12 2 11 3 9
0 0 0.7 3754.8 0 0 0 22.4 2243.2 198.1 0 1485.7 1300.8
0 1 5
0 852.8 0 0 0 10305.3 0 0 0 0 0 0 0
0 4 6 10
0 0 0 0 7215.6 0 852.8 0 0 0 4410.8 0 0
**********2024-02-15 04:15:05**********
14029.962 14048.446 0.132 37.607 37.607 3 152.0 
0 3 8 7 6 11
0 0.0 0.0 3754.8 0.0 0.0 852.8 22.4 2243.2 0.0 0.0 1485.7 0.0
0 4 1 10
0 852.8 0 0 7215.6 0 0 0 0 0 4410.8 0 0
0 9 2 5 12
0 0 0.7 0 0 10305.3 0 0 0 198.1 0 0 1300.8
**********2024-02-15 04:15:16**********
14030.164 14048.446 0.13 37.607 47.622 5 149.333 
0 3 8 7 6 11
0 0.0 0.0 3754.8 0.0 0.0 852.8 22.4 2243.2 0.0 0.0 1485.7 0.0
0 4 1 10
0 852.8 0 0 7215.6 0 0 0 0 0 4410.8 0 0
0 9 2 5 12
0 0 0.7 0 0 10305.3 0 0 0 198.1 0 0 1300.8
**********2024-02-15 04:15:29**********
14030.164 14048.446 0.13 37.607 61.387 7 146.0 
0 3 8 7 6 11
0 0.0 0.0 3754.8 0.0 0.0 852.8 22.4 2243.2 0.0 0.0 1485.7 0.0
0 4 1 10
0 852.8 0 0 7215.6 0 0 0 0 0 4410.8 0 0
0 9 2 5 12
0 0 0.7 0 0 10305.3 0 0 0 198.1 0 0 1300.8
**********2024-02-15 04:15:43**********
14030.164 14048.446 0.13 37.607 75.203 9 144.2 
0 3 8 7 6 11
0 0.0 0.0 3754.8 0.0 0.0 852.8 22.4 2243.2 0.0 0.0 1485.7 0.0
0 4 1 10
0 852.8 0 0 7215.6 0 0 0 0 0 4410.8 0 0
0 9 2 5 12
0 0 0.7 0 0 10305.3 0 0 0 198.1 0 0 1300.8
**********2024-02-15 04:15:55**********
14030.164 14044.734 0.104 87.209 87.209 11 143.167 
0 11 3 10
0 0 0 3754.8 0 0 0 0 0 0 4410.8 1485.7 0
0 5 9 2
0 0.0 0.7 0.0 0.0 10305.3 0.0 0.0 0.0 198.1 0.0 0.0 0.0
0 4 12 6 7 8 1
0 852.8 0.0 0.0 7215.6 0.0 852.8 22.4 2243.2 0.0 0.0 0.0 1300.8
**********2024-02-15 04:16:09**********
14030.227 14044.734 0.103 87.209 101.467 13 142.714 
0 11 3 10
0 0 0 3754.8 0 0 0 0 0 0 4410.8 1485.7 0
0 5 9 2
0 0.0 0.7 0.0 0.0 10305.3 0.0 0.0 0.0 198.1 0.0 0.0 0.0
0 4 12 6 7 8 1
0 852.8 0.0 0.0 7215.6 0.0 852.8 22.4 2243.2 0.0 0.0 0.0 1300.8
**********2024-02-15 04:16:27**********
14030.227 14044.734 0.103 87.209 119.489 15 142.0 
0 11 3 10
0 0 0 3754.8 0 0 0 0 0 0 4410.8 1485.7 0
0 5 9 2
0 0.0 0.7 0.0 0.0 10305.3 0.0 0.0 0.0 198.1 0.0 0.0 0.0
0 4 12 6 7 8 1
0 852.8 0.0 0.0 7215.6 0.0 852.8 22.4 2243.2 0.0 0.0 0.0 1300.8
**********2024-02-15 04:16:42**********
14030.304 14031.304 0.007 134.276 134.276 17 141.667 
0 4 12 2
0 0.0 0.7 0.0 7215.6 0.0 0.0 0.0 0.0 0.0 0.0 0.0 1300.8
0 3 9 7 8 1 10
0 852.8 0.0 3754.8 0.0 0.0 0.0 22.4 2243.2 198.1 4410.8 0.0 0.0
0 5 11 6
0 0.0 0.0 0.0 0.0 10305.3 852.8 0.0 0.0 0.0 0.0 1485.7 0.0
