46837.56 46837.56 -0.0 105.317 105.317 
67350.63 67350.63 -0.0 216.855 216.855 
**********2022-06-05 13:51:18**********
67350.63 67350.644 0.0 36.254 36.254 
0 10
0 0 0 0 0 0 0 0 0 0 10722.0 0 0
0 4 11
0 0.0 0.0 0.0 34.6 0.0 0.0 -0.0 0.0 0.0 0.0 10687.4 0.0
0 2 12 1 7 9 3 6 8 5
0 205.2 1820.4 1237.2 0.0 146.0 1009.0 1484.6 169.1 2680.3 0.0 0.0 1970.3
**********2024-01-31 00:47:38**********
67350.63 67350.63 0.0 28.456 28.457 
0 10
0 0 0 0 0 0 0 0 0 0 10722.0 0 0
0 4 11
0 0.0 0.0 0.0 34.6 0.0 0.0 0.0 0.0 0.0 0.0 10687.4 0.0
0 9 7 1 5 6 3 8 12 2
0 205.2 1820.4 1237.2 0.0 146.0 1009.0 1484.6 169.1 2680.3 0.0 0.0 1970.3
