52538.248 52538.248 -0.0 110.857 110.857 
**********2022-05-23 14:10:31**********
52538.248 52540.007 0.003 51.891 51.891 
0 10
0 0 0 0 0 0 0 0 0 0 8425.0 0 0
0 11
0 0 0 0 0 0 0 0 0 0 0 8425.0 0
0 6 5 4 3 8 2 1 9 12 7
0 824.2 1990.3 649.1 191.6 425.4 533.6 395.1 453.8 2701.7 0.0 0.0 260.4
**********2022-06-13 02:10:32**********
52538.248 52538.248 0.0 31.331 31.332 
0 10
0 0 0 0 0 0 0 0 0 0 8425.0 0 0
0 4 11
0 0.0 0.0 0.0 56.1 0.0 0.0 0.0 0.0 0.0 0.0 8368.9 0.0
0 2 12 1 7 9 3 6 8 5
0 843.3 2036.6 664.2 0.0 435.3 546.0 404.3 464.4 2764.6 0.0 0.0 266.4
**********2022-06-13 02:16:50**********
52538.248 52538.248 0.0 31.741 31.742 
0 10
0 0 0 0 0 0 0 0 0 0 8425.0 0 0
0 4 11
0 0.0 0.0 0.0 56.1 0.0 0.0 0.0 0.0 0.0 0.0 8368.9 0.0
0 9 2 12 8 5 7 6 1 3
0 843.3 2036.6 664.2 0.0 435.3 546.0 404.3 464.4 2764.6 0.0 0.0 266.4
**********2022-06-13 02:20:04**********
52538.248 52539.963 0.003 45.135 45.139 
0 10
0 0 0 0 0 0 0 0 0 0 8425.0 0 0
0 4 11
0 0.0 0.0 0.0 56.1 0.0 0.0 0.0 -0.0 0.0 0.0 8368.9 0.0
0 5 2 7 8 9 3 1 6 12
0 843.3 2036.6 664.2 0.0 435.3 546.0 404.3 464.4 2764.6 0.0 0.0 266.4
**********2022-06-13 02:25:51**********
52538.248 52538.248 0.0 29.783 29.784 
0 10
0 0 0 0 0 0 0 0 0 0 8425.0 0 0
0 4 11
0 0.0 0.0 0.0 56.1 0.0 0.0 -0.0 0.0 0.0 0.0 8368.9 0.0
0 9 8 2 7 12 3 6 1 5
0 843.3 2036.6 664.2 0.0 435.3 546.0 404.3 464.4 2764.6 0.0 0.0 266.4
**********2024-02-14 08:23:18**********
52538.248 52538.248 0.0 43.784 43.784 1 209.0 
0 10
0 0 0 0 0 0 0 0 0 0 8425.0 0 0
0 4 11
0 0.0 0.0 0.0 56.1 0.0 0.0 0.0 0.0 0.0 0.0 8368.9 0.0
0 1 2 8 9 3 12 5 6 7
0 843.3 2036.6 664.2 0.0 435.3 546.0 404.3 464.4 2764.6 0.0 0.0 266.4
**********2024-02-14 21:14:37**********
52538.248 52540.007 0.003 42.186 42.188 1 240.0 
0 10
0 0 0 0 0 0 0 0 0 0 8425.0 0 0
0 4 11
0 0.0 0.0 0.0 56.1 0.0 0.0 0.0 0.0 0.0 0.0 8368.9 0.0
0 2 1 12 5 6 7 9 8 3
0 843.3 2036.6 664.2 0.0 435.3 546.0 404.3 464.4 2764.6 0.0 0.0 266.4
