**********2022-06-12 14:24:00**********
37869.431 37895.302 0.068 16.921 16.921 
0 4 9 1 12 6
0 1776.3 0 0 174.8 0 12149.0 0 0 6059.7 0 0 1346.8
0 8 5 3 7 11
0 0 0 4782.0 0 2418.2 0 993.3 14.8 0 0 7910.1 0
0 2 10
0 0.0 0.5 0.0 0.0 0.0 0.0 0.0 0.0 0.0 25082.5 0.0 0.0
**********2022-06-12 14:24:11**********
37869.431 37895.302 0.068 16.921 28.225 
0 4 9 1 12 6
0 1776.3 0 0 174.8 0 12149.0 0 0 6059.7 0 0 1346.8
0 8 5 3 7 11
0 0 0 4782.0 0 2418.2 0 993.3 14.8 0 0 7910.1 0
0 2 10
0 0.0 0.5 0.0 0.0 0.0 0.0 0.0 0.0 0.0 25082.5 0.0 0.0
**********2022-06-12 14:24:23**********
37869.431 37885.046 0.041 40.083 40.083 
0 2 10
0 0.0 0.5 0.0 0.0 0.0 0.0 0.0 0.0 0.0 25082.5 0.0 0.0
0 8 7 6 11
0 0 0 0 0 0 12149.0 993.3 14.8 0 0 7910.1 0
0 9 3 5 4 12 1
0 1776.3 0 4782.0 174.8 2418.2 0 0 0 6059.7 0 0 1346.8
**********2022-06-12 14:24:35**********
37869.431 37885.046 0.041 40.083 52.007 
0 2 10
0 0.0 0.5 0.0 0.0 0.0 0.0 0.0 0.0 0.0 25082.5 0.0 0.0
0 8 7 6 11
0 0 0 0 0 0 12149.0 993.3 14.8 0 0 7910.1 0
0 9 3 5 4 12 1
0 1776.3 0 4782.0 174.8 2418.2 0 0 0 6059.7 0 0 1346.8
**********2022-06-12 14:24:43**********
37869.431 37885.046 0.041 40.083 59.849 
0 2 10
0 0.0 0.5 0.0 0.0 0.0 0.0 0.0 0.0 0.0 25082.5 0.0 0.0
0 8 7 6 11
0 0 0 0 0 0 12149.0 993.3 14.8 0 0 7910.1 0
0 9 3 5 4 12 1
0 1776.3 0 4782.0 174.8 2418.2 0 0 0 6059.7 0 0 1346.8
**********2022-06-12 14:24:53**********
37869.431 37881.142 0.031 69.625 69.625 
0 2 10
0 0.0 0.5 0.0 0.0 0.0 0.0 0.0 0.0 0.0 25082.5 0.0 0.0
0 1 9 3 11
0 1776.3 0 4782.0 0 0 0 0 0 6059.7 0 7910.1 0
0 4 12 8 5 7 6
0 0 0 0 174.8 2418.2 12149.0 993.3 14.8 0 0 0 1346.8
**********2022-06-12 14:25:01**********
37869.503 37881.142 0.031 69.625 77.766 
0 2 10
0 0.0 0.5 0.0 0.0 0.0 0.0 0.0 0.0 0.0 25082.5 0.0 0.0
0 1 9 3 11
0 1776.3 0 4782.0 0 0 0 0 0 6059.7 0 7910.1 0
0 4 12 8 5 7 6
0 0 0 0 174.8 2418.2 12149.0 993.3 14.8 0 0 0 1346.8
**********2022-06-12 14:25:10**********
37869.503 37881.142 0.031 69.625 87.184 
0 2 10
0 0.0 0.5 0.0 0.0 0.0 0.0 0.0 0.0 0.0 25082.5 0.0 0.0
0 1 9 3 11
0 1776.3 0 4782.0 0 0 0 0 0 6059.7 0 7910.1 0
0 4 12 8 5 7 6
0 0 0 0 174.8 2418.2 12149.0 993.3 14.8 0 0 0 1346.8
**********2022-06-12 14:25:20**********
37869.503 37881.142 0.031 69.625 97.293 
0 2 10
0 0.0 0.5 0.0 0.0 0.0 0.0 0.0 0.0 0.0 25082.5 0.0 0.0
0 1 9 3 11
0 1776.3 0 4782.0 0 0 0 0 0 6059.7 0 7910.1 0
0 4 12 8 5 7 6
0 0 0 0 174.8 2418.2 12149.0 993.3 14.8 0 0 0 1346.8
**********2022-06-12 14:25:29**********
37869.503 37881.142 0.031 69.625 105.497 
0 2 10
0 0.0 0.5 0.0 0.0 0.0 0.0 0.0 0.0 0.0 25082.5 0.0 0.0
0 1 9 3 11
0 1776.3 0 4782.0 0 0 0 0 0 6059.7 0 7910.1 0
0 4 12 8 5 7 6
0 0 0 0 174.8 2418.2 12149.0 993.3 14.8 0 0 0 1346.8
**********2022-06-12 14:25:36**********
37869.514 37881.142 0.031 69.625 112.783 
0 2 10
0 0.0 0.5 0.0 0.0 0.0 0.0 0.0 0.0 0.0 25082.5 0.0 0.0
0 1 9 3 11
0 1776.3 0 4782.0 0 0 0 0 0 6059.7 0 7910.1 0
0 4 12 8 5 7 6
0 0 0 0 174.8 2418.2 12149.0 993.3 14.8 0 0 0 1346.8
**********2022-06-12 14:25:43**********
37869.514 37881.142 0.031 69.625 119.766 
0 2 10
0 0.0 0.5 0.0 0.0 0.0 0.0 0.0 0.0 0.0 25082.5 0.0 0.0
0 1 9 3 11
0 1776.3 0 4782.0 0 0 0 0 0 6059.7 0 7910.1 0
0 4 12 8 5 7 6
0 0 0 0 174.8 2418.2 12149.0 993.3 14.8 0 0 0 1346.8
**********2022-06-12 14:25:51**********
37869.514 37881.142 0.031 69.625 127.924 
0 2 10
0 0.0 0.5 0.0 0.0 0.0 0.0 0.0 0.0 0.0 25082.5 0.0 0.0
0 1 9 3 11
0 1776.3 0 4782.0 0 0 0 0 0 6059.7 0 7910.1 0
0 4 12 8 5 7 6
0 0 0 0 174.8 2418.2 12149.0 993.3 14.8 0 0 0 1346.8
**********2022-06-12 14:25:58**********
37869.617 37881.142 0.03 69.625 134.586 
0 2 10
0 0.0 0.5 0.0 0.0 0.0 0.0 0.0 0.0 0.0 25082.5 0.0 0.0
0 1 9 3 11
0 1776.3 0 4782.0 0 0 0 0 0 6059.7 0 7910.1 0
0 4 12 8 5 7 6
0 0 0 0 174.8 2418.2 12149.0 993.3 14.8 0 0 0 1346.8
**********2022-06-12 14:26:03**********
37869.617 37881.142 0.03 69.625 140.055 
0 2 10
0 0.0 0.5 0.0 0.0 0.0 0.0 0.0 0.0 0.0 25082.5 0.0 0.0
0 1 9 3 11
0 1776.3 0 4782.0 0 0 0 0 0 6059.7 0 7910.1 0
0 4 12 8 5 7 6
0 0 0 0 174.8 2418.2 12149.0 993.3 14.8 0 0 0 1346.8
**********2022-06-12 14:26:10**********
37869.617 37881.142 0.03 69.625 146.996 
0 2 10
0 0.0 0.5 0.0 0.0 0.0 0.0 0.0 0.0 0.0 25082.5 0.0 0.0
0 1 9 3 11
0 1776.3 0 4782.0 0 0 0 0 0 6059.7 0 7910.1 0
0 4 12 8 5 7 6
0 0 0 0 174.8 2418.2 12149.0 993.3 14.8 0 0 0 1346.8
**********2022-06-12 14:26:16**********
37869.617 37881.142 0.03 69.625 153.059 
0 2 10
0 0.0 0.5 0.0 0.0 0.0 0.0 0.0 0.0 0.0 25082.5 0.0 0.0
0 1 9 3 11
0 1776.3 0 4782.0 0 0 0 0 0 6059.7 0 7910.1 0
0 4 12 8 5 7 6
0 0 0 0 174.8 2418.2 12149.0 993.3 14.8 0 0 0 1346.8
**********2022-06-12 14:26:21**********
37869.708 37881.142 0.03 69.625 158.18 
0 2 10
0 0.0 0.5 0.0 0.0 0.0 0.0 0.0 0.0 0.0 25082.5 0.0 0.0
0 1 9 3 11
0 1776.3 0 4782.0 0 0 0 0 0 6059.7 0 7910.1 0
0 4 12 8 5 7 6
0 0 0 0 174.8 2418.2 12149.0 993.3 14.8 0 0 0 1346.8
**********2022-06-12 14:26:27**********
37869.708 37881.142 0.03 69.625 164.084 
0 2 10
0 0.0 0.5 0.0 0.0 0.0 0.0 0.0 0.0 0.0 25082.5 0.0 0.0
0 1 9 3 11
0 1776.3 0 4782.0 0 0 0 0 0 6059.7 0 7910.1 0
0 4 12 8 5 7 6
0 0 0 0 174.8 2418.2 12149.0 993.3 14.8 0 0 0 1346.8
**********2022-06-12 14:26:32**********
37869.791 37881.004 0.03 168.889 168.889 
0 2 10
0 0.0 0.5 0.0 0.0 0.0 0.0 0.0 0.0 0.0 25082.5 0.0 0.0
0 1 8 3 9
0 1776.3 0 4782.0 0 0 0 0 14.8 6059.7 0 0 0
0 5 11 6 7 4 12
0 0 0 0 174.8 2418.2 12149.0 993.3 0 0 0 7910.1 1346.8
**********2022-06-12 14:26:39**********
37869.791 37881.004 0.03 168.889 176.013 
0 2 10
0 0.0 0.5 0.0 0.0 0.0 0.0 0.0 0.0 0.0 25082.5 0.0 0.0
0 1 8 3 9
0 1776.3 0 4782.0 0 0 0 0 14.8 6059.7 0 0 0
0 5 11 6 7 4 12
0 0 0 0 174.8 2418.2 12149.0 993.3 0 0 0 7910.1 1346.8
**********2022-06-12 14:26:47**********
37869.791 37881.004 0.03 168.889 183.449 
0 2 10
0 0.0 0.5 0.0 0.0 0.0 0.0 0.0 0.0 0.0 25082.5 0.0 0.0
0 1 8 3 9
0 1776.3 0 4782.0 0 0 0 0 14.8 6059.7 0 0 0
0 5 11 6 7 4 12
0 0 0 0 174.8 2418.2 12149.0 993.3 0 0 0 7910.1 1346.8
**********2022-06-12 14:26:52**********
37869.791 37881.004 0.03 168.889 189.071 
0 2 10
0 0.0 0.5 0.0 0.0 0.0 0.0 0.0 0.0 0.0 25082.5 0.0 0.0
0 1 8 3 9
0 1776.3 0 4782.0 0 0 0 0 14.8 6059.7 0 0 0
0 5 11 6 7 4 12
0 0 0 0 174.8 2418.2 12149.0 993.3 0 0 0 7910.1 1346.8
**********2022-06-12 14:26:57**********
37869.791 37881.004 0.03 168.889 194.154 
0 2 10
0 0.0 0.5 0.0 0.0 0.0 0.0 0.0 0.0 0.0 25082.5 0.0 0.0
0 1 8 3 9
0 1776.3 0 4782.0 0 0 0 0 14.8 6059.7 0 0 0
0 5 11 6 7 4 12
0 0 0 0 174.8 2418.2 12149.0 993.3 0 0 0 7910.1 1346.8
**********2022-06-12 14:27:02**********
37869.791 37881.004 0.03 168.889 199.383 
0 2 10
0 0.0 0.5 0.0 0.0 0.0 0.0 0.0 0.0 0.0 25082.5 0.0 0.0
0 1 8 3 9
0 1776.3 0 4782.0 0 0 0 0 14.8 6059.7 0 0 0
0 5 11 6 7 4 12
0 0 0 0 174.8 2418.2 12149.0 993.3 0 0 0 7910.1 1346.8
**********2022-06-12 14:27:08**********
37869.791 37881.004 0.03 168.889 204.843 
0 2 10
0 0.0 0.5 0.0 0.0 0.0 0.0 0.0 0.0 0.0 25082.5 0.0 0.0
0 1 8 3 9
0 1776.3 0 4782.0 0 0 0 0 14.8 6059.7 0 0 0
0 5 11 6 7 4 12
0 0 0 0 174.8 2418.2 12149.0 993.3 0 0 0 7910.1 1346.8
**********2022-06-12 14:27:13**********
37869.791 37875.956 0.016 210.119 210.119 
0 10 2
0 0 0.5 0 0 0 0 0 0 0 25082.5 0 0
0 1 8 7 6
0 1776.3 0 0 0 0 12149.0 993.3 14.8 0 0 0 0
0 4 9 3 12 5 11
0 0 0 4782.0 174.8 2418.2 0 0 0 6059.7 0 7910.1 1346.8
**********2022-06-12 14:27:18**********
37869.791 37875.956 0.016 210.119 214.605 
0 10 2
0 0 0.5 0 0 0 0 0 0 0 25082.5 0 0
0 1 8 7 6
0 1776.3 0 0 0 0 12149.0 993.3 14.8 0 0 0 0
0 4 9 3 12 5 11
0 0 0 4782.0 174.8 2418.2 0 0 0 6059.7 0 7910.1 1346.8
**********2022-06-12 14:27:20**********
37869.791 37875.956 0.016 210.119 216.675 
0 10 2
0 0 0.5 0 0 0 0 0 0 0 25082.5 0 0
0 1 8 7 6
0 1776.3 0 0 0 0 12149.0 993.3 14.8 0 0 0 0
0 4 9 3 12 5 11
0 0 0 4782.0 174.8 2418.2 0 0 0 6059.7 0 7910.1 1346.8
**********2022-06-12 14:27:24**********
37869.791 37875.956 0.016 210.119 220.711 
0 10 2
0 0 0.5 0 0 0 0 0 0 0 25082.5 0 0
0 1 8 7 6
0 1776.3 0 0 0 0 12149.0 993.3 14.8 0 0 0 0
0 4 9 3 12 5 11
0 0 0 4782.0 174.8 2418.2 0 0 0 6059.7 0 7910.1 1346.8
**********2022-06-12 14:27:27**********
37869.791 37875.956 0.016 210.119 224.158 
0 10 2
0 0 0.5 0 0 0 0 0 0 0 25082.5 0 0
0 1 8 7 6
0 1776.3 0 0 0 0 12149.0 993.3 14.8 0 0 0 0
0 4 9 3 12 5 11
0 0 0 4782.0 174.8 2418.2 0 0 0 6059.7 0 7910.1 1346.8
**********2022-06-12 14:27:29**********
37869.791 37875.956 0.016 210.119 225.666 
0 10 2
0 0 0.5 0 0 0 0 0 0 0 25082.5 0 0
0 1 8 7 6
0 1776.3 0 0 0 0 12149.0 993.3 14.8 0 0 0 0
0 4 9 3 12 5 11
0 0 0 4782.0 174.8 2418.2 0 0 0 6059.7 0 7910.1 1346.8
**********2022-06-12 14:27:30**********
37869.791 37875.956 0.016 210.119 227.212 
0 10 2
0 0 0.5 0 0 0 0 0 0 0 25082.5 0 0
0 1 8 7 6
0 1776.3 0 0 0 0 12149.0 993.3 14.8 0 0 0 0
0 4 9 3 12 5 11
0 0 0 4782.0 174.8 2418.2 0 0 0 6059.7 0 7910.1 1346.8
**********2022-06-12 14:27:32**********
37869.791 37875.956 0.016 210.119 228.769 
0 10 2
0 0 0.5 0 0 0 0 0 0 0 25082.5 0 0
0 1 8 7 6
0 1776.3 0 0 0 0 12149.0 993.3 14.8 0 0 0 0
0 4 9 3 12 5 11
0 0 0 4782.0 174.8 2418.2 0 0 0 6059.7 0 7910.1 1346.8
**********2022-06-12 14:27:33**********
37869.791 37875.956 0.016 210.119 230.317 
0 10 2
0 0 0.5 0 0 0 0 0 0 0 25082.5 0 0
0 1 8 7 6
0 1776.3 0 0 0 0 12149.0 993.3 14.8 0 0 0 0
0 4 9 3 12 5 11
0 0 0 4782.0 174.8 2418.2 0 0 0 6059.7 0 7910.1 1346.8
**********2022-06-12 14:27:35**********
37869.791 37875.956 0.016 210.119 231.82 
0 10 2
0 0 0.5 0 0 0 0 0 0 0 25082.5 0 0
0 1 8 7 6
0 1776.3 0 0 0 0 12149.0 993.3 14.8 0 0 0 0
0 4 9 3 12 5 11
0 0 0 4782.0 174.8 2418.2 0 0 0 6059.7 0 7910.1 1346.8
**********2022-06-12 14:27:38**********
37869.791 37875.956 0.016 210.119 235.232 
0 10 2
0 0 0.5 0 0 0 0 0 0 0 25082.5 0 0
0 1 8 7 6
0 1776.3 0 0 0 0 12149.0 993.3 14.8 0 0 0 0
0 4 9 3 12 5 11
0 0 0 4782.0 174.8 2418.2 0 0 0 6059.7 0 7910.1 1346.8
**********2022-06-12 14:27:42**********
37869.791 37875.956 0.016 210.119 238.503 
0 10 2
0 0 0.5 0 0 0 0 0 0 0 25082.5 0 0
0 1 8 7 6
0 1776.3 0 0 0 0 12149.0 993.3 14.8 0 0 0 0
0 4 9 3 12 5 11
0 0 0 4782.0 174.8 2418.2 0 0 0 6059.7 0 7910.1 1346.8
**********2022-06-12 14:27:43**********
37869.791 37875.956 0.016 210.119 240.053 
0 10 2
0 0 0.5 0 0 0 0 0 0 0 25082.5 0 0
0 1 8 7 6
0 1776.3 0 0 0 0 12149.0 993.3 14.8 0 0 0 0
0 4 9 3 12 5 11
0 0 0 4782.0 174.8 2418.2 0 0 0 6059.7 0 7910.1 1346.8
**********2022-06-12 14:27:46**********
37869.791 37875.956 0.016 210.119 243.27 
0 10 2
0 0 0.5 0 0 0 0 0 0 0 25082.5 0 0
0 1 8 7 6
0 1776.3 0 0 0 0 12149.0 993.3 14.8 0 0 0 0
0 4 9 3 12 5 11
0 0 0 4782.0 174.8 2418.2 0 0 0 6059.7 0 7910.1 1346.8
**********2022-06-12 14:27:50**********
37869.791 37875.956 0.016 210.119 246.483 
0 10 2
0 0 0.5 0 0 0 0 0 0 0 25082.5 0 0
0 1 8 7 6
0 1776.3 0 0 0 0 12149.0 993.3 14.8 0 0 0 0
0 4 9 3 12 5 11
0 0 0 4782.0 174.8 2418.2 0 0 0 6059.7 0 7910.1 1346.8
**********2022-06-12 14:27:51**********
37869.791 37875.956 0.016 210.119 248.004 
0 10 2
0 0 0.5 0 0 0 0 0 0 0 25082.5 0 0
0 1 8 7 6
0 1776.3 0 0 0 0 12149.0 993.3 14.8 0 0 0 0
0 4 9 3 12 5 11
0 0 0 4782.0 174.8 2418.2 0 0 0 6059.7 0 7910.1 1346.8
**********2022-06-12 14:27:54**********
37869.791 37875.956 0.016 210.119 251.115 
0 10 2
0 0 0.5 0 0 0 0 0 0 0 25082.5 0 0
0 1 8 7 6
0 1776.3 0 0 0 0 12149.0 993.3 14.8 0 0 0 0
0 4 9 3 12 5 11
0 0 0 4782.0 174.8 2418.2 0 0 0 6059.7 0 7910.1 1346.8
**********2022-06-12 14:27:57**********
37869.791 37870.216 0.001 254.382 254.382 
0 2 10
0 0 0.5 0 0 0 0 0 0 0 25082.5 0 0
0 4 9 1 8 7 6
0 1776.3 0 0 174.8 0 12149.0 993.3 14.8 6059.7 0 0 0
0 3 12 5 11
0 0 0 4782.0 0 2418.2 0 0 0 0 0 7910.1 1346.8
