**********2022-05-24 23:28:55**********
41150.897 41283.172 0.32 14.43 14.43 
0 1 10 8
0 875.1 0 0 0 0 0 0 710.6 0 639.3 0 0
0 2 12 6 4
0 0 1.4 0 1427.6 0 439.0 0 0 0 0 0 357.1
0 3 9 7 5 11
0 0.0 0.0 544.5 0.0 8.7 0.0 12.4 0.0 299.3 0.0 1360.1 0.0
**********2022-05-24 23:29:02**********
41150.897 41268.928 0.286 21.725 21.725 
0 2 9 6 7 4
0 0 1.4 0 1465.8 0 450.7 12.2 0 294.9 0 0 0
0 5 1 11
0 855.5 0 0 0 8.7 0 0 0 0 0 1360.8 0
0 12 10 3 8
0 0 0 541.9 0 0 0 0 691.1 0 621.7 0 370.4
**********2022-05-24 23:29:10**********
41150.897 41268.928 0.286 21.725 30.046 
0 2 9 6 7 4
0 0 1.4 0 1465.8 0 450.7 12.2 0 294.9 0 0 0
0 5 1 11
0 855.5 0 0 0 8.7 0 0 0 0 0 1360.8 0
0 12 10 3 8
0 0 0 541.9 0 0 0 0 691.1 0 621.7 0 370.4
**********2022-05-24 23:29:19**********
41150.897 41268.928 0.286 21.725 39.091 
0 2 9 6 7 4
0 0 1.4 0 1465.8 0 450.7 12.2 0 294.9 0 0 0
0 5 1 11
0 855.5 0 0 0 8.7 0 0 0 0 0 1360.8 0
0 12 10 3 8
0 0 0 541.9 0 0 0 0 691.1 0 621.7 0 370.4
**********2022-05-24 23:29:27**********
41150.897 41265.787 0.278 46.717 46.717 
0 3 12 5 11
0 0.0 0.0 530.1 0.0 8.5 0.0 0.0 0.0 0.0 0.0 1324.1 362.3
0 4 8
0 0 0 0 1517.0 0 0 0 708.0 0 0 0 0
0 9 6 7 10 1 2
0 845.4 1.4 0 0 0 452.4 12.3 0 296.0 617.6 0 0
**********2022-05-24 23:29:33**********
41150.897 41265.787 0.278 46.717 53.019 
0 3 12 5 11
0 0.0 0.0 530.1 0.0 8.5 0.0 0.0 0.0 0.0 0.0 1324.1 362.3
0 4 8
0 0 0 0 1517.0 0 0 0 708.0 0 0 0 0
0 9 6 7 10 1 2
0 845.4 1.4 0 0 0 452.4 12.3 0 296.0 617.6 0 0
**********2022-05-24 23:29:39**********
41151.012 41265.787 0.278 46.717 58.991 
0 3 12 5 11
0 0.0 0.0 530.1 0.0 8.5 0.0 0.0 0.0 0.0 0.0 1324.1 362.3
0 4 8
0 0 0 0 1517.0 0 0 0 708.0 0 0 0 0
0 9 6 7 10 1 2
0 845.4 1.4 0 0 0 452.4 12.3 0 296.0 617.6 0 0
**********2022-05-24 23:29:46**********
41151.191 41265.787 0.278 46.717 65.655 
0 3 12 5 11
0 0.0 0.0 530.1 0.0 8.5 0.0 0.0 0.0 0.0 0.0 1324.1 362.3
0 4 8
0 0 0 0 1517.0 0 0 0 708.0 0 0 0 0
0 9 6 7 10 1 2
0 845.4 1.4 0 0 0 452.4 12.3 0 296.0 617.6 0 0
**********2022-05-24 23:29:53**********
41151.191 41265.787 0.278 46.717 72.916 
0 3 12 5 11
0 0.0 0.0 530.1 0.0 8.5 0.0 0.0 0.0 0.0 0.0 1324.1 362.3
0 4 8
0 0 0 0 1517.0 0 0 0 708.0 0 0 0 0
0 9 6 7 10 1 2
0 845.4 1.4 0 0 0 452.4 12.3 0 296.0 617.6 0 0
**********2022-05-24 23:29:58**********
41151.191 41265.787 0.278 46.717 78.354 
0 3 12 5 11
0 0.0 0.0 530.1 0.0 8.5 0.0 0.0 0.0 0.0 0.0 1324.1 362.3
0 4 8
0 0 0 0 1517.0 0 0 0 708.0 0 0 0 0
0 9 6 7 10 1 2
0 845.4 1.4 0 0 0 452.4 12.3 0 296.0 617.6 0 0
**********2022-05-24 23:30:05**********
41151.402 41254.144 0.249 85.135 85.135 
0 9 4 6
0 0 0 0 1474.8 0 453.5 0 0 296.7 0 0 0
0 2 1 5 11
0 855.0 1.4 0 0 8.7 0 0 0 0 0 1359.9 0
0 12 8 7 3 10
0 0 0 538.9 0 0 0 12.3 687.2 0 618.2 0 368.4
**********2022-05-24 23:30:13**********
41151.402 41254.144 0.249 85.135 93.096 
0 9 4 6
0 0 0 0 1474.8 0 453.5 0 0 296.7 0 0 0
0 2 1 5 11
0 855.0 1.4 0 0 8.7 0 0 0 0 0 1359.9 0
0 12 8 7 3 10
0 0 0 538.9 0 0 0 12.3 687.2 0 618.2 0 368.4
**********2022-05-24 23:30:21**********
41151.402 41254.144 0.249 85.135 100.887 
0 9 4 6
0 0 0 0 1474.8 0 453.5 0 0 296.7 0 0 0
0 2 1 5 11
0 855.0 1.4 0 0 8.7 0 0 0 0 0 1359.9 0
0 12 8 7 3 10
0 0 0 538.9 0 0 0 12.3 687.2 0 618.2 0 368.4
**********2022-05-24 23:30:28**********
41151.504 41254.144 0.249 85.135 108.018 
0 9 4 6
0 0 0 0 1474.8 0 453.5 0 0 296.7 0 0 0
0 2 1 5 11
0 855.0 1.4 0 0 8.7 0 0 0 0 0 1359.9 0
0 12 8 7 3 10
0 0 0 538.9 0 0 0 12.3 687.2 0 618.2 0 368.4
**********2022-05-24 23:30:34**********
41151.504 41254.144 0.249 85.135 113.994 
0 9 4 6
0 0 0 0 1474.8 0 453.5 0 0 296.7 0 0 0
0 2 1 5 11
0 855.0 1.4 0 0 8.7 0 0 0 0 0 1359.9 0
0 12 8 7 3 10
0 0 0 538.9 0 0 0 12.3 687.2 0 618.2 0 368.4
**********2022-05-24 23:30:39**********
41151.544 41254.144 0.249 85.135 118.719 
0 9 4 6
0 0 0 0 1474.8 0 453.5 0 0 296.7 0 0 0
0 2 1 5 11
0 855.0 1.4 0 0 8.7 0 0 0 0 0 1359.9 0
0 12 8 7 3 10
0 0 0 538.9 0 0 0 12.3 687.2 0 618.2 0 368.4
**********2022-05-24 23:30:46**********
41151.544 41254.144 0.249 85.135 126.148 
0 9 4 6
0 0 0 0 1474.8 0 453.5 0 0 296.7 0 0 0
0 2 1 5 11
0 855.0 1.4 0 0 8.7 0 0 0 0 0 1359.9 0
0 12 8 7 3 10
0 0 0 538.9 0 0 0 12.3 687.2 0 618.2 0 368.4
**********2022-05-24 23:30:52**********
41151.544 41254.144 0.249 85.135 131.932 
0 9 4 6
0 0 0 0 1474.8 0 453.5 0 0 296.7 0 0 0
0 2 1 5 11
0 855.0 1.4 0 0 8.7 0 0 0 0 0 1359.9 0
0 12 8 7 3 10
0 0 0 538.9 0 0 0 12.3 687.2 0 618.2 0 368.4
**********2022-05-24 23:30:59**********
41151.544 41254.144 0.249 85.135 138.925 
0 9 4 6
0 0 0 0 1474.8 0 453.5 0 0 296.7 0 0 0
0 2 1 5 11
0 855.0 1.4 0 0 8.7 0 0 0 0 0 1359.9 0
0 12 8 7 3 10
0 0 0 538.9 0 0 0 12.3 687.2 0 618.2 0 368.4
**********2022-05-24 23:31:06**********
41151.657 41254.144 0.248 85.135 146.147 
0 9 4 6
0 0 0 0 1474.8 0 453.5 0 0 296.7 0 0 0
0 2 1 5 11
0 855.0 1.4 0 0 8.7 0 0 0 0 0 1359.9 0
0 12 8 7 3 10
0 0 0 538.9 0 0 0 12.3 687.2 0 618.2 0 368.4
**********2022-05-24 23:31:11**********
41152.042 41254.144 0.247 85.135 150.654 
0 9 4 6
0 0 0 0 1474.8 0 453.5 0 0 296.7 0 0 0
0 2 1 5 11
0 855.0 1.4 0 0 8.7 0 0 0 0 0 1359.9 0
0 12 8 7 3 10
0 0 0 538.9 0 0 0 12.3 687.2 0 618.2 0 368.4
**********2022-05-24 23:31:17**********
41152.042 41254.144 0.247 85.135 156.496 
0 9 4 6
0 0 0 0 1474.8 0 453.5 0 0 296.7 0 0 0
0 2 1 5 11
0 855.0 1.4 0 0 8.7 0 0 0 0 0 1359.9 0
0 12 8 7 3 10
0 0 0 538.9 0 0 0 12.3 687.2 0 618.2 0 368.4
**********2022-05-24 23:31:23**********
41152.042 41254.144 0.247 85.135 162.97 
0 9 4 6
0 0 0 0 1474.8 0 453.5 0 0 296.7 0 0 0
0 2 1 5 11
0 855.0 1.4 0 0 8.7 0 0 0 0 0 1359.9 0
0 12 8 7 3 10
0 0 0 538.9 0 0 0 12.3 687.2 0 618.2 0 368.4
**********2022-05-24 23:31:28**********
41152.089 41254.144 0.247 85.135 168.214 
0 9 4 6
0 0 0 0 1474.8 0 453.5 0 0 296.7 0 0 0
0 2 1 5 11
0 855.0 1.4 0 0 8.7 0 0 0 0 0 1359.9 0
0 12 8 7 3 10
0 0 0 538.9 0 0 0 12.3 687.2 0 618.2 0 368.4
**********2022-05-24 23:31:33**********
41152.415 41254.144 0.247 85.135 173.391 
0 9 4 6
0 0 0 0 1474.8 0 453.5 0 0 296.7 0 0 0
0 2 1 5 11
0 855.0 1.4 0 0 8.7 0 0 0 0 0 1359.9 0
0 12 8 7 3 10
0 0 0 538.9 0 0 0 12.3 687.2 0 618.2 0 368.4
**********2022-05-24 23:31:38**********
41152.444 41254.144 0.247 85.135 178.091 
0 9 4 6
0 0 0 0 1474.8 0 453.5 0 0 296.7 0 0 0
0 2 1 5 11
0 855.0 1.4 0 0 8.7 0 0 0 0 0 1359.9 0
0 12 8 7 3 10
0 0 0 538.9 0 0 0 12.3 687.2 0 618.2 0 368.4
**********2022-05-24 23:31:45**********
41152.444 41254.144 0.247 85.135 185.315 
0 9 4 6
0 0 0 0 1474.8 0 453.5 0 0 296.7 0 0 0
0 2 1 5 11
0 855.0 1.4 0 0 8.7 0 0 0 0 0 1359.9 0
0 12 8 7 3 10
0 0 0 538.9 0 0 0 12.3 687.2 0 618.2 0 368.4
**********2022-05-24 23:31:53**********
41152.486 41254.144 0.246 85.135 192.491 
0 9 4 6
0 0 0 0 1474.8 0 453.5 0 0 296.7 0 0 0
0 2 1 5 11
0 855.0 1.4 0 0 8.7 0 0 0 0 0 1359.9 0
0 12 8 7 3 10
0 0 0 538.9 0 0 0 12.3 687.2 0 618.2 0 368.4
**********2022-05-24 23:31:59**********
41152.543 41254.144 0.246 85.135 198.614 
0 9 4 6
0 0 0 0 1474.8 0 453.5 0 0 296.7 0 0 0
0 2 1 5 11
0 855.0 1.4 0 0 8.7 0 0 0 0 0 1359.9 0
0 12 8 7 3 10
0 0 0 538.9 0 0 0 12.3 687.2 0 618.2 0 368.4
**********2022-05-24 23:32:06**********
41152.543 41254.144 0.246 85.135 205.81 
0 9 4 6
0 0 0 0 1474.8 0 453.5 0 0 296.7 0 0 0
0 2 1 5 11
0 855.0 1.4 0 0 8.7 0 0 0 0 0 1359.9 0
0 12 8 7 3 10
0 0 0 538.9 0 0 0 12.3 687.2 0 618.2 0 368.4
**********2022-05-24 23:32:12**********
41152.543 41254.144 0.246 85.135 212.103 
0 9 4 6
0 0 0 0 1474.8 0 453.5 0 0 296.7 0 0 0
0 2 1 5 11
0 855.0 1.4 0 0 8.7 0 0 0 0 0 1359.9 0
0 12 8 7 3 10
0 0 0 538.9 0 0 0 12.3 687.2 0 618.2 0 368.4
**********2022-05-24 23:32:17**********
41152.543 41254.144 0.246 85.135 216.927 
0 9 4 6
0 0 0 0 1474.8 0 453.5 0 0 296.7 0 0 0
0 2 1 5 11
0 855.0 1.4 0 0 8.7 0 0 0 0 0 1359.9 0
0 12 8 7 3 10
0 0 0 538.9 0 0 0 12.3 687.2 0 618.2 0 368.4
**********2022-05-24 23:32:22**********
41152.543 41254.144 0.246 85.135 222.093 
0 9 4 6
0 0 0 0 1474.8 0 453.5 0 0 296.7 0 0 0
0 2 1 5 11
0 855.0 1.4 0 0 8.7 0 0 0 0 0 1359.9 0
0 12 8 7 3 10
0 0 0 538.9 0 0 0 12.3 687.2 0 618.2 0 368.4
**********2022-05-24 23:32:28**********
41152.65 41254.144 0.246 85.135 227.923 
0 9 4 6
0 0 0 0 1474.8 0 453.5 0 0 296.7 0 0 0
0 2 1 5 11
0 855.0 1.4 0 0 8.7 0 0 0 0 0 1359.9 0
0 12 8 7 3 10
0 0 0 538.9 0 0 0 12.3 687.2 0 618.2 0 368.4
**********2022-05-24 23:32:33**********
41152.716 41254.144 0.246 85.135 233.031 
0 9 4 6
0 0 0 0 1474.8 0 453.5 0 0 296.7 0 0 0
0 2 1 5 11
0 855.0 1.4 0 0 8.7 0 0 0 0 0 1359.9 0
0 12 8 7 3 10
0 0 0 538.9 0 0 0 12.3 687.2 0 618.2 0 368.4
**********2022-05-24 23:32:39**********
41152.716 41254.144 0.246 85.135 238.567 
0 9 4 6
0 0 0 0 1474.8 0 453.5 0 0 296.7 0 0 0
0 2 1 5 11
0 855.0 1.4 0 0 8.7 0 0 0 0 0 1359.9 0
0 12 8 7 3 10
0 0 0 538.9 0 0 0 12.3 687.2 0 618.2 0 368.4
**********2022-05-24 23:32:46**********
41152.822 41254.144 0.246 85.135 245.73 
0 9 4 6
0 0 0 0 1474.8 0 453.5 0 0 296.7 0 0 0
0 2 1 5 11
0 855.0 1.4 0 0 8.7 0 0 0 0 0 1359.9 0
0 12 8 7 3 10
0 0 0 538.9 0 0 0 12.3 687.2 0 618.2 0 368.4
**********2022-05-24 23:32:50**********
41152.822 41254.144 0.246 85.135 250.004 
0 9 4 6
0 0 0 0 1474.8 0 453.5 0 0 296.7 0 0 0
0 2 1 5 11
0 855.0 1.4 0 0 8.7 0 0 0 0 0 1359.9 0
0 12 8 7 3 10
0 0 0 538.9 0 0 0 12.3 687.2 0 618.2 0 368.4
**********2022-05-24 23:32:55**********
41152.854 41254.144 0.246 85.135 254.999 
0 9 4 6
0 0 0 0 1474.8 0 453.5 0 0 296.7 0 0 0
0 2 1 5 11
0 855.0 1.4 0 0 8.7 0 0 0 0 0 1359.9 0
0 12 8 7 3 10
0 0 0 538.9 0 0 0 12.3 687.2 0 618.2 0 368.4
**********2022-05-24 23:33:00**********
41152.922 41254.144 0.245 85.135 259.615 
0 9 4 6
0 0 0 0 1474.8 0 453.5 0 0 296.7 0 0 0
0 2 1 5 11
0 855.0 1.4 0 0 8.7 0 0 0 0 0 1359.9 0
0 12 8 7 3 10
0 0 0 538.9 0 0 0 12.3 687.2 0 618.2 0 368.4
**********2022-05-24 23:33:03**********
41152.929 41254.144 0.245 85.135 262.651 
0 9 4 6
0 0 0 0 1474.8 0 453.5 0 0 296.7 0 0 0
0 2 1 5 11
0 855.0 1.4 0 0 8.7 0 0 0 0 0 1359.9 0
0 12 8 7 3 10
0 0 0 538.9 0 0 0 12.3 687.2 0 618.2 0 368.4
**********2022-05-24 23:33:08**********
41152.929 41254.144 0.245 85.135 268.147 
0 9 4 6
0 0 0 0 1474.8 0 453.5 0 0 296.7 0 0 0
0 2 1 5 11
0 855.0 1.4 0 0 8.7 0 0 0 0 0 1359.9 0
0 12 8 7 3 10
0 0 0 538.9 0 0 0 12.3 687.2 0 618.2 0 368.4
**********2022-05-24 23:33:13**********
41153.05 41254.144 0.245 85.135 273.357 
0 9 4 6
0 0 0 0 1474.8 0 453.5 0 0 296.7 0 0 0
0 2 1 5 11
0 855.0 1.4 0 0 8.7 0 0 0 0 0 1359.9 0
0 12 8 7 3 10
0 0 0 538.9 0 0 0 12.3 687.2 0 618.2 0 368.4
**********2022-05-24 23:33:18**********
41153.05 41254.144 0.245 85.135 277.775 
0 9 4 6
0 0 0 0 1474.8 0 453.5 0 0 296.7 0 0 0
0 2 1 5 11
0 855.0 1.4 0 0 8.7 0 0 0 0 0 1359.9 0
0 12 8 7 3 10
0 0 0 538.9 0 0 0 12.3 687.2 0 618.2 0 368.4
**********2022-05-24 23:33:23**********
41153.05 41254.144 0.245 85.135 282.845 
0 9 4 6
0 0 0 0 1474.8 0 453.5 0 0 296.7 0 0 0
0 2 1 5 11
0 855.0 1.4 0 0 8.7 0 0 0 0 0 1359.9 0
0 12 8 7 3 10
0 0 0 538.9 0 0 0 12.3 687.2 0 618.2 0 368.4
**********2022-05-24 23:33:27**********
41153.191 41254.144 0.245 85.135 287.02 
0 9 4 6
0 0 0 0 1474.8 0 453.5 0 0 296.7 0 0 0
0 2 1 5 11
0 855.0 1.4 0 0 8.7 0 0 0 0 0 1359.9 0
0 12 8 7 3 10
0 0 0 538.9 0 0 0 12.3 687.2 0 618.2 0 368.4
**********2022-05-24 23:33:32**********
41153.191 41254.144 0.245 85.135 292.353 
0 9 4 6
0 0 0 0 1474.8 0 453.5 0 0 296.7 0 0 0
0 2 1 5 11
0 855.0 1.4 0 0 8.7 0 0 0 0 0 1359.9 0
0 12 8 7 3 10
0 0 0 538.9 0 0 0 12.3 687.2 0 618.2 0 368.4
**********2022-05-24 23:33:37**********
41153.191 41254.144 0.245 85.135 296.493 
0 9 4 6
0 0 0 0 1474.8 0 453.5 0 0 296.7 0 0 0
0 2 1 5 11
0 855.0 1.4 0 0 8.7 0 0 0 0 0 1359.9 0
0 12 8 7 3 10
0 0 0 538.9 0 0 0 12.3 687.2 0 618.2 0 368.4
**********2022-05-24 23:33:41**********
41153.273 41254.144 0.245 85.135 301.094 
0 9 4 6
0 0 0 0 1474.8 0 453.5 0 0 296.7 0 0 0
0 2 1 5 11
0 855.0 1.4 0 0 8.7 0 0 0 0 0 1359.9 0
0 12 8 7 3 10
0 0 0 538.9 0 0 0 12.3 687.2 0 618.2 0 368.4
**********2022-05-24 23:33:46**********
41153.343 41254.144 0.244 85.135 306.181 
0 9 4 6
0 0 0 0 1474.8 0 453.5 0 0 296.7 0 0 0
0 2 1 5 11
0 855.0 1.4 0 0 8.7 0 0 0 0 0 1359.9 0
0 12 8 7 3 10
0 0 0 538.9 0 0 0 12.3 687.2 0 618.2 0 368.4
**********2022-05-24 23:33:52**********
41153.343 41254.144 0.244 85.135 312.157 
0 9 4 6
0 0 0 0 1474.8 0 453.5 0 0 296.7 0 0 0
0 2 1 5 11
0 855.0 1.4 0 0 8.7 0 0 0 0 0 1359.9 0
0 12 8 7 3 10
0 0 0 538.9 0 0 0 12.3 687.2 0 618.2 0 368.4
**********2022-05-24 23:33:56**********
41153.343 41254.144 0.244 85.135 316.218 
0 9 4 6
0 0 0 0 1474.8 0 453.5 0 0 296.7 0 0 0
0 2 1 5 11
0 855.0 1.4 0 0 8.7 0 0 0 0 0 1359.9 0
0 12 8 7 3 10
0 0 0 538.9 0 0 0 12.3 687.2 0 618.2 0 368.4
**********2022-05-24 23:34:02**********
41153.343 41254.144 0.244 85.135 321.855 
0 9 4 6
0 0 0 0 1474.8 0 453.5 0 0 296.7 0 0 0
0 2 1 5 11
0 855.0 1.4 0 0 8.7 0 0 0 0 0 1359.9 0
0 12 8 7 3 10
0 0 0 538.9 0 0 0 12.3 687.2 0 618.2 0 368.4
**********2022-05-24 23:34:06**********
41153.388 41254.144 0.244 85.135 325.948 
0 9 4 6
0 0 0 0 1474.8 0 453.5 0 0 296.7 0 0 0
0 2 1 5 11
0 855.0 1.4 0 0 8.7 0 0 0 0 0 1359.9 0
0 12 8 7 3 10
0 0 0 538.9 0 0 0 12.3 687.2 0 618.2 0 368.4
**********2022-05-24 23:34:11**********
41153.455 41254.144 0.244 85.135 330.734 
0 9 4 6
0 0 0 0 1474.8 0 453.5 0 0 296.7 0 0 0
0 2 1 5 11
0 855.0 1.4 0 0 8.7 0 0 0 0 0 1359.9 0
0 12 8 7 3 10
0 0 0 538.9 0 0 0 12.3 687.2 0 618.2 0 368.4
**********2022-05-24 23:34:16**********
41153.455 41254.144 0.244 85.135 335.641 
0 9 4 6
0 0 0 0 1474.8 0 453.5 0 0 296.7 0 0 0
0 2 1 5 11
0 855.0 1.4 0 0 8.7 0 0 0 0 0 1359.9 0
0 12 8 7 3 10
0 0 0 538.9 0 0 0 12.3 687.2 0 618.2 0 368.4
**********2022-05-24 23:34:22**********
41153.467 41254.144 0.244 85.135 341.95 
0 9 4 6
0 0 0 0 1474.8 0 453.5 0 0 296.7 0 0 0
0 2 1 5 11
0 855.0 1.4 0 0 8.7 0 0 0 0 0 1359.9 0
0 12 8 7 3 10
0 0 0 538.9 0 0 0 12.3 687.2 0 618.2 0 368.4
**********2022-05-24 23:34:27**********
41153.467 41254.144 0.244 85.135 346.532 
0 9 4 6
0 0 0 0 1474.8 0 453.5 0 0 296.7 0 0 0
0 2 1 5 11
0 855.0 1.4 0 0 8.7 0 0 0 0 0 1359.9 0
0 12 8 7 3 10
0 0 0 538.9 0 0 0 12.3 687.2 0 618.2 0 368.4
**********2022-05-24 23:34:32**********
41153.483 41251.102 0.237 352.074 352.074 
0 3 9 1 10
0 818.8 0.0 521.4 0.0 0.0 0.0 0.0 0.0 286.7 598.1 0.0 0.0
0 7 8 4
0 0 0 0 1508.5 0 0 12.6 704.0 0 0 0 0
0 6 11 5 12 2
0 0.0 1.4 0.0 0.0 8.8 462.8 0.0 0.0 0.0 0.0 1375.6 376.4
**********2022-05-24 23:34:37**********
41153.483 41251.102 0.237 352.074 357.171 
0 3 9 1 10
0 818.8 0.0 521.4 0.0 0.0 0.0 0.0 0.0 286.7 598.1 0.0 0.0
0 7 8 4
0 0 0 0 1508.5 0 0 12.6 704.0 0 0 0 0
0 6 11 5 12 2
0 0.0 1.4 0.0 0.0 8.8 462.8 0.0 0.0 0.0 0.0 1375.6 376.4
**********2022-05-24 23:34:41**********
41153.483 41251.102 0.237 352.074 361.269 
0 3 9 1 10
0 818.8 0.0 521.4 0.0 0.0 0.0 0.0 0.0 286.7 598.1 0.0 0.0
0 7 8 4
0 0 0 0 1508.5 0 0 12.6 704.0 0 0 0 0
0 6 11 5 12 2
0 0.0 1.4 0.0 0.0 8.8 462.8 0.0 0.0 0.0 0.0 1375.6 376.4
**********2022-05-24 23:34:47**********
41153.483 41251.102 0.237 352.074 366.771 
0 3 9 1 10
0 818.8 0.0 521.4 0.0 0.0 0.0 0.0 0.0 286.7 598.1 0.0 0.0
0 7 8 4
0 0 0 0 1508.5 0 0 12.6 704.0 0 0 0 0
0 6 11 5 12 2
0 0.0 1.4 0.0 0.0 8.8 462.8 0.0 0.0 0.0 0.0 1375.6 376.4
**********2022-05-24 23:34:53**********
41153.483 41251.102 0.237 352.074 372.547 
0 3 9 1 10
0 818.8 0.0 521.4 0.0 0.0 0.0 0.0 0.0 286.7 598.1 0.0 0.0
0 7 8 4
0 0 0 0 1508.5 0 0 12.6 704.0 0 0 0 0
0 6 11 5 12 2
0 0.0 1.4 0.0 0.0 8.8 462.8 0.0 0.0 0.0 0.0 1375.6 376.4
**********2022-05-24 23:34:58**********
41153.483 41251.102 0.237 352.074 377.539 
0 3 9 1 10
0 818.8 0.0 521.4 0.0 0.0 0.0 0.0 0.0 286.7 598.1 0.0 0.0
0 7 8 4
0 0 0 0 1508.5 0 0 12.6 704.0 0 0 0 0
0 6 11 5 12 2
0 0.0 1.4 0.0 0.0 8.8 462.8 0.0 0.0 0.0 0.0 1375.6 376.4
**********2022-05-24 23:35:02**********
41153.62 41251.102 0.236 352.074 382.093 
0 3 9 1 10
0 818.8 0.0 521.4 0.0 0.0 0.0 0.0 0.0 286.7 598.1 0.0 0.0
0 7 8 4
0 0 0 0 1508.5 0 0 12.6 704.0 0 0 0 0
0 6 11 5 12 2
0 0.0 1.4 0.0 0.0 8.8 462.8 0.0 0.0 0.0 0.0 1375.6 376.4
**********2022-05-24 23:35:06**********
41153.686 41251.102 0.236 352.074 385.727 
0 3 9 1 10
0 818.8 0.0 521.4 0.0 0.0 0.0 0.0 0.0 286.7 598.1 0.0 0.0
0 7 8 4
0 0 0 0 1508.5 0 0 12.6 704.0 0 0 0 0
0 6 11 5 12 2
0 0.0 1.4 0.0 0.0 8.8 462.8 0.0 0.0 0.0 0.0 1375.6 376.4
**********2022-05-24 23:35:12**********
41153.696 41251.102 0.236 352.074 391.956 
0 3 9 1 10
0 818.8 0.0 521.4 0.0 0.0 0.0 0.0 0.0 286.7 598.1 0.0 0.0
0 7 8 4
0 0 0 0 1508.5 0 0 12.6 704.0 0 0 0 0
0 6 11 5 12 2
0 0.0 1.4 0.0 0.0 8.8 462.8 0.0 0.0 0.0 0.0 1375.6 376.4
**********2022-05-24 23:35:15**********
41153.696 41251.102 0.236 352.074 395.101 
0 3 9 1 10
0 818.8 0.0 521.4 0.0 0.0 0.0 0.0 0.0 286.7 598.1 0.0 0.0
0 7 8 4
0 0 0 0 1508.5 0 0 12.6 704.0 0 0 0 0
0 6 11 5 12 2
0 0.0 1.4 0.0 0.0 8.8 462.8 0.0 0.0 0.0 0.0 1375.6 376.4
**********2022-05-24 23:35:19**********
41153.696 41251.102 0.236 352.074 398.942 
0 3 9 1 10
0 818.8 0.0 521.4 0.0 0.0 0.0 0.0 0.0 286.7 598.1 0.0 0.0
0 7 8 4
0 0 0 0 1508.5 0 0 12.6 704.0 0 0 0 0
0 6 11 5 12 2
0 0.0 1.4 0.0 0.0 8.8 462.8 0.0 0.0 0.0 0.0 1375.6 376.4
**********2022-05-24 23:35:23**********
41153.696 41251.102 0.236 352.074 402.894 
0 3 9 1 10
0 818.8 0.0 521.4 0.0 0.0 0.0 0.0 0.0 286.7 598.1 0.0 0.0
0 7 8 4
0 0 0 0 1508.5 0 0 12.6 704.0 0 0 0 0
0 6 11 5 12 2
0 0.0 1.4 0.0 0.0 8.8 462.8 0.0 0.0 0.0 0.0 1375.6 376.4
**********2022-05-24 23:35:29**********
41153.794 41251.102 0.236 352.074 408.584 
0 3 9 1 10
0 818.8 0.0 521.4 0.0 0.0 0.0 0.0 0.0 286.7 598.1 0.0 0.0
0 7 8 4
0 0 0 0 1508.5 0 0 12.6 704.0 0 0 0 0
0 6 11 5 12 2
0 0.0 1.4 0.0 0.0 8.8 462.8 0.0 0.0 0.0 0.0 1375.6 376.4
**********2022-05-24 23:35:31**********
41153.794 41251.102 0.236 352.074 410.813 
0 3 9 1 10
0 818.8 0.0 521.4 0.0 0.0 0.0 0.0 0.0 286.7 598.1 0.0 0.0
0 7 8 4
0 0 0 0 1508.5 0 0 12.6 704.0 0 0 0 0
0 6 11 5 12 2
0 0.0 1.4 0.0 0.0 8.8 462.8 0.0 0.0 0.0 0.0 1375.6 376.4
**********2022-05-24 23:35:33**********
41153.794 41251.102 0.236 352.074 413.029 
0 3 9 1 10
0 818.8 0.0 521.4 0.0 0.0 0.0 0.0 0.0 286.7 598.1 0.0 0.0
0 7 8 4
0 0 0 0 1508.5 0 0 12.6 704.0 0 0 0 0
0 6 11 5 12 2
0 0.0 1.4 0.0 0.0 8.8 462.8 0.0 0.0 0.0 0.0 1375.6 376.4
**********2022-05-24 23:35:36**********
41153.818 41251.102 0.236 352.074 415.512 
0 3 9 1 10
0 818.8 0.0 521.4 0.0 0.0 0.0 0.0 0.0 286.7 598.1 0.0 0.0
0 7 8 4
0 0 0 0 1508.5 0 0 12.6 704.0 0 0 0 0
0 6 11 5 12 2
0 0.0 1.4 0.0 0.0 8.8 462.8 0.0 0.0 0.0 0.0 1375.6 376.4
**********2022-05-24 23:35:41**********
41153.82 41251.102 0.236 352.074 420.989 
0 3 9 1 10
0 818.8 0.0 521.4 0.0 0.0 0.0 0.0 0.0 286.7 598.1 0.0 0.0
0 7 8 4
0 0 0 0 1508.5 0 0 12.6 704.0 0 0 0 0
0 6 11 5 12 2
0 0.0 1.4 0.0 0.0 8.8 462.8 0.0 0.0 0.0 0.0 1375.6 376.4
**********2022-05-24 23:35:45**********
41153.829 41251.102 0.236 352.074 425.075 
0 3 9 1 10
0 818.8 0.0 521.4 0.0 0.0 0.0 0.0 0.0 286.7 598.1 0.0 0.0
0 7 8 4
0 0 0 0 1508.5 0 0 12.6 704.0 0 0 0 0
0 6 11 5 12 2
0 0.0 1.4 0.0 0.0 8.8 462.8 0.0 0.0 0.0 0.0 1375.6 376.4
**********2022-05-24 23:35:48**********
41153.829 41251.102 0.236 352.074 427.511 
0 3 9 1 10
0 818.8 0.0 521.4 0.0 0.0 0.0 0.0 0.0 286.7 598.1 0.0 0.0
0 7 8 4
0 0 0 0 1508.5 0 0 12.6 704.0 0 0 0 0
0 6 11 5 12 2
0 0.0 1.4 0.0 0.0 8.8 462.8 0.0 0.0 0.0 0.0 1375.6 376.4
**********2022-05-24 23:35:50**********
41153.829 41251.102 0.236 352.074 430.26 
0 3 9 1 10
0 818.8 0.0 521.4 0.0 0.0 0.0 0.0 0.0 286.7 598.1 0.0 0.0
0 7 8 4
0 0 0 0 1508.5 0 0 12.6 704.0 0 0 0 0
0 6 11 5 12 2
0 0.0 1.4 0.0 0.0 8.8 462.8 0.0 0.0 0.0 0.0 1375.6 376.4
**********2022-05-24 23:35:53**********
41153.829 41251.102 0.236 352.074 433.207 
0 3 9 1 10
0 818.8 0.0 521.4 0.0 0.0 0.0 0.0 0.0 286.7 598.1 0.0 0.0
0 7 8 4
0 0 0 0 1508.5 0 0 12.6 704.0 0 0 0 0
0 6 11 5 12 2
0 0.0 1.4 0.0 0.0 8.8 462.8 0.0 0.0 0.0 0.0 1375.6 376.4
**********2022-05-24 23:35:56**********
41153.829 41251.102 0.236 352.074 436.236 
0 3 9 1 10
0 818.8 0.0 521.4 0.0 0.0 0.0 0.0 0.0 286.7 598.1 0.0 0.0
0 7 8 4
0 0 0 0 1508.5 0 0 12.6 704.0 0 0 0 0
0 6 11 5 12 2
0 0.0 1.4 0.0 0.0 8.8 462.8 0.0 0.0 0.0 0.0 1375.6 376.4
**********2022-05-24 23:36:00**********
41153.829 41251.102 0.236 352.074 439.5 
0 3 9 1 10
0 818.8 0.0 521.4 0.0 0.0 0.0 0.0 0.0 286.7 598.1 0.0 0.0
0 7 8 4
0 0 0 0 1508.5 0 0 12.6 704.0 0 0 0 0
0 6 11 5 12 2
0 0.0 1.4 0.0 0.0 8.8 462.8 0.0 0.0 0.0 0.0 1375.6 376.4
**********2022-05-24 23:36:02**********
41153.857 41251.102 0.236 352.074 442.281 
0 3 9 1 10
0 818.8 0.0 521.4 0.0 0.0 0.0 0.0 0.0 286.7 598.1 0.0 0.0
0 7 8 4
0 0 0 0 1508.5 0 0 12.6 704.0 0 0 0 0
0 6 11 5 12 2
0 0.0 1.4 0.0 0.0 8.8 462.8 0.0 0.0 0.0 0.0 1375.6 376.4
**********2022-05-24 23:36:09**********
41153.857 41251.102 0.236 352.074 449.299 
0 3 9 1 10
0 818.8 0.0 521.4 0.0 0.0 0.0 0.0 0.0 286.7 598.1 0.0 0.0
0 7 8 4
0 0 0 0 1508.5 0 0 12.6 704.0 0 0 0 0
0 6 11 5 12 2
0 0.0 1.4 0.0 0.0 8.8 462.8 0.0 0.0 0.0 0.0 1375.6 376.4
**********2022-05-24 23:36:16**********
41153.857 41251.102 0.236 352.074 456.071 
0 3 9 1 10
0 818.8 0.0 521.4 0.0 0.0 0.0 0.0 0.0 286.7 598.1 0.0 0.0
0 7 8 4
0 0 0 0 1508.5 0 0 12.6 704.0 0 0 0 0
0 6 11 5 12 2
0 0.0 1.4 0.0 0.0 8.8 462.8 0.0 0.0 0.0 0.0 1375.6 376.4
**********2022-05-24 23:36:23**********
41153.857 41251.102 0.236 352.074 462.842 
0 3 9 1 10
0 818.8 0.0 521.4 0.0 0.0 0.0 0.0 0.0 286.7 598.1 0.0 0.0
0 7 8 4
0 0 0 0 1508.5 0 0 12.6 704.0 0 0 0 0
0 6 11 5 12 2
0 0.0 1.4 0.0 0.0 8.8 462.8 0.0 0.0 0.0 0.0 1375.6 376.4
**********2022-05-24 23:36:28**********
41153.864 41251.102 0.236 352.074 467.926 
0 3 9 1 10
0 818.8 0.0 521.4 0.0 0.0 0.0 0.0 0.0 286.7 598.1 0.0 0.0
0 7 8 4
0 0 0 0 1508.5 0 0 12.6 704.0 0 0 0 0
0 6 11 5 12 2
0 0.0 1.4 0.0 0.0 8.8 462.8 0.0 0.0 0.0 0.0 1375.6 376.4
**********2022-05-24 23:36:31**********
41153.93 41251.102 0.236 352.074 471.225 
0 3 9 1 10
0 818.8 0.0 521.4 0.0 0.0 0.0 0.0 0.0 286.7 598.1 0.0 0.0
0 7 8 4
0 0 0 0 1508.5 0 0 12.6 704.0 0 0 0 0
0 6 11 5 12 2
0 0.0 1.4 0.0 0.0 8.8 462.8 0.0 0.0 0.0 0.0 1375.6 376.4
**********2022-05-24 23:36:35**********
41153.933 41251.102 0.236 352.074 475.383 
0 3 9 1 10
0 818.8 0.0 521.4 0.0 0.0 0.0 0.0 0.0 286.7 598.1 0.0 0.0
0 7 8 4
0 0 0 0 1508.5 0 0 12.6 704.0 0 0 0 0
0 6 11 5 12 2
0 0.0 1.4 0.0 0.0 8.8 462.8 0.0 0.0 0.0 0.0 1375.6 376.4
**********2022-05-24 23:36:40**********
41153.933 41251.102 0.236 352.074 480.307 
0 3 9 1 10
0 818.8 0.0 521.4 0.0 0.0 0.0 0.0 0.0 286.7 598.1 0.0 0.0
0 7 8 4
0 0 0 0 1508.5 0 0 12.6 704.0 0 0 0 0
0 6 11 5 12 2
0 0.0 1.4 0.0 0.0 8.8 462.8 0.0 0.0 0.0 0.0 1375.6 376.4
**********2022-05-24 23:36:44**********
41153.933 41251.102 0.236 352.074 484.284 
0 3 9 1 10
0 818.8 0.0 521.4 0.0 0.0 0.0 0.0 0.0 286.7 598.1 0.0 0.0
0 7 8 4
0 0 0 0 1508.5 0 0 12.6 704.0 0 0 0 0
0 6 11 5 12 2
0 0.0 1.4 0.0 0.0 8.8 462.8 0.0 0.0 0.0 0.0 1375.6 376.4
**********2022-05-24 23:36:49**********
41153.977 41251.102 0.235 352.074 488.515 
0 3 9 1 10
0 818.8 0.0 521.4 0.0 0.0 0.0 0.0 0.0 286.7 598.1 0.0 0.0
0 7 8 4
0 0 0 0 1508.5 0 0 12.6 704.0 0 0 0 0
0 6 11 5 12 2
0 0.0 1.4 0.0 0.0 8.8 462.8 0.0 0.0 0.0 0.0 1375.6 376.4
**********2022-05-24 23:36:54**********
41154.034 41251.102 0.235 352.074 493.476 
0 3 9 1 10
0 818.8 0.0 521.4 0.0 0.0 0.0 0.0 0.0 286.7 598.1 0.0 0.0
0 7 8 4
0 0 0 0 1508.5 0 0 12.6 704.0 0 0 0 0
0 6 11 5 12 2
0 0.0 1.4 0.0 0.0 8.8 462.8 0.0 0.0 0.0 0.0 1375.6 376.4
**********2022-05-24 23:36:56**********
41154.034 41251.102 0.235 352.074 495.752 
0 3 9 1 10
0 818.8 0.0 521.4 0.0 0.0 0.0 0.0 0.0 286.7 598.1 0.0 0.0
0 7 8 4
0 0 0 0 1508.5 0 0 12.6 704.0 0 0 0 0
0 6 11 5 12 2
0 0.0 1.4 0.0 0.0 8.8 462.8 0.0 0.0 0.0 0.0 1375.6 376.4
**********2022-05-24 23:36:59**********
41154.047 41251.102 0.235 352.074 498.453 
0 3 9 1 10
0 818.8 0.0 521.4 0.0 0.0 0.0 0.0 0.0 286.7 598.1 0.0 0.0
0 7 8 4
0 0 0 0 1508.5 0 0 12.6 704.0 0 0 0 0
0 6 11 5 12 2
0 0.0 1.4 0.0 0.0 8.8 462.8 0.0 0.0 0.0 0.0 1375.6 376.4
**********2022-05-24 23:37:01**********
41154.047 41251.102 0.235 352.074 500.886 
0 3 9 1 10
0 818.8 0.0 521.4 0.0 0.0 0.0 0.0 0.0 286.7 598.1 0.0 0.0
0 7 8 4
0 0 0 0 1508.5 0 0 12.6 704.0 0 0 0 0
0 6 11 5 12 2
0 0.0 1.4 0.0 0.0 8.8 462.8 0.0 0.0 0.0 0.0 1375.6 376.4
**********2022-05-24 23:37:04**********
41154.122 41251.102 0.235 352.074 503.642 
0 3 9 1 10
0 818.8 0.0 521.4 0.0 0.0 0.0 0.0 0.0 286.7 598.1 0.0 0.0
0 7 8 4
0 0 0 0 1508.5 0 0 12.6 704.0 0 0 0 0
0 6 11 5 12 2
0 0.0 1.4 0.0 0.0 8.8 462.8 0.0 0.0 0.0 0.0 1375.6 376.4
**********2022-05-24 23:37:08**********
41154.132 41251.102 0.235 352.074 507.493 
0 3 9 1 10
0 818.8 0.0 521.4 0.0 0.0 0.0 0.0 0.0 286.7 598.1 0.0 0.0
0 7 8 4
0 0 0 0 1508.5 0 0 12.6 704.0 0 0 0 0
0 6 11 5 12 2
0 0.0 1.4 0.0 0.0 8.8 462.8 0.0 0.0 0.0 0.0 1375.6 376.4
**********2022-05-24 23:37:11**********
41154.132 41251.102 0.235 352.074 511.197 
0 3 9 1 10
0 818.8 0.0 521.4 0.0 0.0 0.0 0.0 0.0 286.7 598.1 0.0 0.0
0 7 8 4
0 0 0 0 1508.5 0 0 12.6 704.0 0 0 0 0
0 6 11 5 12 2
0 0.0 1.4 0.0 0.0 8.8 462.8 0.0 0.0 0.0 0.0 1375.6 376.4
**********2022-05-24 23:37:15**********
41154.175 41251.102 0.235 352.074 515.258 
0 3 9 1 10
0 818.8 0.0 521.4 0.0 0.0 0.0 0.0 0.0 286.7 598.1 0.0 0.0
0 7 8 4
0 0 0 0 1508.5 0 0 12.6 704.0 0 0 0 0
0 6 11 5 12 2
0 0.0 1.4 0.0 0.0 8.8 462.8 0.0 0.0 0.0 0.0 1375.6 376.4
**********2022-05-24 23:37:17**********
41154.175 41251.102 0.235 352.074 517.206 
0 3 9 1 10
0 818.8 0.0 521.4 0.0 0.0 0.0 0.0 0.0 286.7 598.1 0.0 0.0
0 7 8 4
0 0 0 0 1508.5 0 0 12.6 704.0 0 0 0 0
0 6 11 5 12 2
0 0.0 1.4 0.0 0.0 8.8 462.8 0.0 0.0 0.0 0.0 1375.6 376.4
**********2022-05-24 23:37:19**********
41154.182 41251.102 0.235 352.074 519.354 
0 3 9 1 10
0 818.8 0.0 521.4 0.0 0.0 0.0 0.0 0.0 286.7 598.1 0.0 0.0
0 7 8 4
0 0 0 0 1508.5 0 0 12.6 704.0 0 0 0 0
0 6 11 5 12 2
0 0.0 1.4 0.0 0.0 8.8 462.8 0.0 0.0 0.0 0.0 1375.6 376.4
**********2022-05-24 23:37:21**********
41154.182 41251.102 0.235 352.074 521.167 
0 3 9 1 10
0 818.8 0.0 521.4 0.0 0.0 0.0 0.0 0.0 286.7 598.1 0.0 0.0
0 7 8 4
0 0 0 0 1508.5 0 0 12.6 704.0 0 0 0 0
0 6 11 5 12 2
0 0.0 1.4 0.0 0.0 8.8 462.8 0.0 0.0 0.0 0.0 1375.6 376.4
**********2022-05-24 23:37:23**********
41154.191 41251.102 0.235 352.074 523.135 
0 3 9 1 10
0 818.8 0.0 521.4 0.0 0.0 0.0 0.0 0.0 286.7 598.1 0.0 0.0
0 7 8 4
0 0 0 0 1508.5 0 0 12.6 704.0 0 0 0 0
0 6 11 5 12 2
0 0.0 1.4 0.0 0.0 8.8 462.8 0.0 0.0 0.0 0.0 1375.6 376.4
**********2022-05-24 23:37:27**********
41154.191 41251.102 0.235 352.074 526.731 
0 3 9 1 10
0 818.8 0.0 521.4 0.0 0.0 0.0 0.0 0.0 286.7 598.1 0.0 0.0
0 7 8 4
0 0 0 0 1508.5 0 0 12.6 704.0 0 0 0 0
0 6 11 5 12 2
0 0.0 1.4 0.0 0.0 8.8 462.8 0.0 0.0 0.0 0.0 1375.6 376.4
**********2022-05-24 23:37:29**********
41154.242 41251.102 0.235 352.074 529.314 
0 3 9 1 10
0 818.8 0.0 521.4 0.0 0.0 0.0 0.0 0.0 286.7 598.1 0.0 0.0
0 7 8 4
0 0 0 0 1508.5 0 0 12.6 704.0 0 0 0 0
0 6 11 5 12 2
0 0.0 1.4 0.0 0.0 8.8 462.8 0.0 0.0 0.0 0.0 1375.6 376.4
**********2022-05-24 23:37:32**********
41154.242 41251.102 0.235 352.074 532.005 
0 3 9 1 10
0 818.8 0.0 521.4 0.0 0.0 0.0 0.0 0.0 286.7 598.1 0.0 0.0
0 7 8 4
0 0 0 0 1508.5 0 0 12.6 704.0 0 0 0 0
0 6 11 5 12 2
0 0.0 1.4 0.0 0.0 8.8 462.8 0.0 0.0 0.0 0.0 1375.6 376.4
**********2022-05-24 23:37:35**********
41154.263 41251.102 0.235 352.074 535.372 
0 3 9 1 10
0 818.8 0.0 521.4 0.0 0.0 0.0 0.0 0.0 286.7 598.1 0.0 0.0
0 7 8 4
0 0 0 0 1508.5 0 0 12.6 704.0 0 0 0 0
0 6 11 5 12 2
0 0.0 1.4 0.0 0.0 8.8 462.8 0.0 0.0 0.0 0.0 1375.6 376.4
**********2022-05-24 23:37:40**********
41154.263 41251.102 0.235 352.074 540.135 
0 3 9 1 10
0 818.8 0.0 521.4 0.0 0.0 0.0 0.0 0.0 286.7 598.1 0.0 0.0
0 7 8 4
0 0 0 0 1508.5 0 0 12.6 704.0 0 0 0 0
0 6 11 5 12 2
0 0.0 1.4 0.0 0.0 8.8 462.8 0.0 0.0 0.0 0.0 1375.6 376.4
**********2022-05-24 23:37:44**********
41154.263 41250.975 0.234 544.13 544.131 
0 5 7 8 1 10
0 866.7 0.0 0.0 0.0 8.9 0.0 12.6 703.8 0.0 633.1 0.0 0.0
0 3 9 11
0 0 0 549.7 0 0 0 0 0 302.2 0 1373.1 0
0 6 12 4 2
0 0.0 1.4 0.0 1427.6 0.0 439.0 0.0 0.0 0.0 0.0 0.0 357.1
**********2022-05-24 23:37:49**********
41154.269 41250.975 0.234 544.13 549.221 
0 5 7 8 1 10
0 866.7 0.0 0.0 0.0 8.9 0.0 12.6 703.8 0.0 633.1 0.0 0.0
0 3 9 11
0 0 0 549.7 0 0 0 0 0 302.2 0 1373.1 0
0 6 12 4 2
0 0.0 1.4 0.0 1427.6 0.0 439.0 0.0 0.0 0.0 0.0 0.0 357.1
**********2022-05-24 23:37:56**********
41154.303 41250.975 0.234 544.13 556.076 
0 5 7 8 1 10
0 866.7 0.0 0.0 0.0 8.9 0.0 12.6 703.8 0.0 633.1 0.0 0.0
0 3 9 11
0 0 0 549.7 0 0 0 0 0 302.2 0 1373.1 0
0 6 12 4 2
0 0.0 1.4 0.0 1427.6 0.0 439.0 0.0 0.0 0.0 0.0 0.0 357.1
**********2022-05-24 23:38:01**********
41154.312 41250.975 0.234 544.13 561.233 
0 5 7 8 1 10
0 866.7 0.0 0.0 0.0 8.9 0.0 12.6 703.8 0.0 633.1 0.0 0.0
0 3 9 11
0 0 0 549.7 0 0 0 0 0 302.2 0 1373.1 0
0 6 12 4 2
0 0.0 1.4 0.0 1427.6 0.0 439.0 0.0 0.0 0.0 0.0 0.0 357.1
**********2022-05-24 23:38:05**********
41154.312 41250.975 0.234 544.13 565.001 
0 5 7 8 1 10
0 866.7 0.0 0.0 0.0 8.9 0.0 12.6 703.8 0.0 633.1 0.0 0.0
0 3 9 11
0 0 0 549.7 0 0 0 0 0 302.2 0 1373.1 0
0 6 12 4 2
0 0.0 1.4 0.0 1427.6 0.0 439.0 0.0 0.0 0.0 0.0 0.0 357.1
**********2022-05-24 23:38:09**********
41154.377 41250.975 0.234 544.13 568.625 
0 5 7 8 1 10
0 866.7 0.0 0.0 0.0 8.9 0.0 12.6 703.8 0.0 633.1 0.0 0.0
0 3 9 11
0 0 0 549.7 0 0 0 0 0 302.2 0 1373.1 0
0 6 12 4 2
0 0.0 1.4 0.0 1427.6 0.0 439.0 0.0 0.0 0.0 0.0 0.0 357.1
**********2022-05-24 23:38:12**********
41154.395 41250.975 0.234 544.13 571.6 
0 5 7 8 1 10
0 866.7 0.0 0.0 0.0 8.9 0.0 12.6 703.8 0.0 633.1 0.0 0.0
0 3 9 11
0 0 0 549.7 0 0 0 0 0 302.2 0 1373.1 0
0 6 12 4 2
0 0.0 1.4 0.0 1427.6 0.0 439.0 0.0 0.0 0.0 0.0 0.0 357.1
**********2022-05-24 23:38:14**********
41154.395 41250.975 0.234 544.13 574.362 
0 5 7 8 1 10
0 866.7 0.0 0.0 0.0 8.9 0.0 12.6 703.8 0.0 633.1 0.0 0.0
0 3 9 11
0 0 0 549.7 0 0 0 0 0 302.2 0 1373.1 0
0 6 12 4 2
0 0.0 1.4 0.0 1427.6 0.0 439.0 0.0 0.0 0.0 0.0 0.0 357.1
**********2022-05-24 23:38:17**********
41154.395 41250.975 0.234 544.13 576.975 
0 5 7 8 1 10
0 866.7 0.0 0.0 0.0 8.9 0.0 12.6 703.8 0.0 633.1 0.0 0.0
0 3 9 11
0 0 0 549.7 0 0 0 0 0 302.2 0 1373.1 0
0 6 12 4 2
0 0.0 1.4 0.0 1427.6 0.0 439.0 0.0 0.0 0.0 0.0 0.0 357.1
**********2022-05-24 23:38:20**********
41154.453 41250.975 0.234 544.13 579.83 
0 5 7 8 1 10
0 866.7 0.0 0.0 0.0 8.9 0.0 12.6 703.8 0.0 633.1 0.0 0.0
0 3 9 11
0 0 0 549.7 0 0 0 0 0 302.2 0 1373.1 0
0 6 12 4 2
0 0.0 1.4 0.0 1427.6 0.0 439.0 0.0 0.0 0.0 0.0 0.0 357.1
**********2022-05-24 23:38:24**********
41154.477 41250.975 0.234 544.13 583.508 
0 5 7 8 1 10
0 866.7 0.0 0.0 0.0 8.9 0.0 12.6 703.8 0.0 633.1 0.0 0.0
0 3 9 11
0 0 0 549.7 0 0 0 0 0 302.2 0 1373.1 0
0 6 12 4 2
0 0.0 1.4 0.0 1427.6 0.0 439.0 0.0 0.0 0.0 0.0 0.0 357.1
**********2022-05-24 23:38:28**********
41154.477 41250.975 0.234 544.13 587.971 
0 5 7 8 1 10
0 866.7 0.0 0.0 0.0 8.9 0.0 12.6 703.8 0.0 633.1 0.0 0.0
0 3 9 11
0 0 0 549.7 0 0 0 0 0 302.2 0 1373.1 0
0 6 12 4 2
0 0.0 1.4 0.0 1427.6 0.0 439.0 0.0 0.0 0.0 0.0 0.0 357.1
**********2022-05-24 23:38:34**********
41154.507 41228.802 0.18 594.375 594.375 
0 3 12 5 11
0 0.0 0.0 530.1 0.0 8.5 0.0 0.0 0.0 0.0 0.0 1324.1 362.3
0 4 8
0 0 0 0 1517.0 0 0 0 708.0 0 0 0 0
0 6 7 9 1 10 2
0 845.4 1.4 0.0 0.0 0.0 452.4 12.3 0.0 296.0 617.6 0.0 0.0
**********2022-05-24 23:38:39**********
41154.507 41228.802 0.18 594.375 598.805 
0 3 12 5 11
0 0.0 0.0 530.1 0.0 8.5 0.0 0.0 0.0 0.0 0.0 1324.1 362.3
0 4 8
0 0 0 0 1517.0 0 0 0 708.0 0 0 0 0
0 6 7 9 1 10 2
0 845.4 1.4 0.0 0.0 0.0 452.4 12.3 0.0 296.0 617.6 0.0 0.0
**********2022-05-24 23:38:45**********
41154.53 41228.802 0.18 594.375 605.352 
0 3 12 5 11
0 0.0 0.0 530.1 0.0 8.5 0.0 0.0 0.0 0.0 0.0 1324.1 362.3
0 4 8
0 0 0 0 1517.0 0 0 0 708.0 0 0 0 0
0 6 7 9 1 10 2
0 845.4 1.4 0.0 0.0 0.0 452.4 12.3 0.0 296.0 617.6 0.0 0.0
**********2022-05-24 23:38:48**********
41154.53 41228.802 0.18 594.375 607.636 
0 3 12 5 11
0 0.0 0.0 530.1 0.0 8.5 0.0 0.0 0.0 0.0 0.0 1324.1 362.3
0 4 8
0 0 0 0 1517.0 0 0 0 708.0 0 0 0 0
0 6 7 9 1 10 2
0 845.4 1.4 0.0 0.0 0.0 452.4 12.3 0.0 296.0 617.6 0.0 0.0
**********2022-05-24 23:38:50**********
41154.531 41228.802 0.18 594.375 610.118 
0 3 12 5 11
0 0.0 0.0 530.1 0.0 8.5 0.0 0.0 0.0 0.0 0.0 1324.1 362.3
0 4 8
0 0 0 0 1517.0 0 0 0 708.0 0 0 0 0
0 6 7 9 1 10 2
0 845.4 1.4 0.0 0.0 0.0 452.4 12.3 0.0 296.0 617.6 0.0 0.0
**********2022-05-24 23:38:55**********
41154.531 41228.802 0.18 594.375 614.529 
0 3 12 5 11
0 0.0 0.0 530.1 0.0 8.5 0.0 0.0 0.0 0.0 0.0 1324.1 362.3
0 4 8
0 0 0 0 1517.0 0 0 0 708.0 0 0 0 0
0 6 7 9 1 10 2
0 845.4 1.4 0.0 0.0 0.0 452.4 12.3 0.0 296.0 617.6 0.0 0.0
**********2022-05-24 23:38:59**********
41154.542 41228.802 0.18 594.375 618.619 
0 3 12 5 11
0 0.0 0.0 530.1 0.0 8.5 0.0 0.0 0.0 0.0 0.0 1324.1 362.3
0 4 8
0 0 0 0 1517.0 0 0 0 708.0 0 0 0 0
0 6 7 9 1 10 2
0 845.4 1.4 0.0 0.0 0.0 452.4 12.3 0.0 296.0 617.6 0.0 0.0
**********2022-05-24 23:39:04**********
41154.56 41228.802 0.18 594.375 623.76 
0 3 12 5 11
0 0.0 0.0 530.1 0.0 8.5 0.0 0.0 0.0 0.0 0.0 1324.1 362.3
0 4 8
0 0 0 0 1517.0 0 0 0 708.0 0 0 0 0
0 6 7 9 1 10 2
0 845.4 1.4 0.0 0.0 0.0 452.4 12.3 0.0 296.0 617.6 0.0 0.0
**********2022-05-24 23:39:06**********
41154.56 41228.802 0.18 594.375 625.896 
0 3 12 5 11
0 0.0 0.0 530.1 0.0 8.5 0.0 0.0 0.0 0.0 0.0 1324.1 362.3
0 4 8
0 0 0 0 1517.0 0 0 0 708.0 0 0 0 0
0 6 7 9 1 10 2
0 845.4 1.4 0.0 0.0 0.0 452.4 12.3 0.0 296.0 617.6 0.0 0.0
**********2022-05-24 23:39:08**********
41154.665 41228.802 0.18 594.375 628.339 
0 3 12 5 11
0 0.0 0.0 530.1 0.0 8.5 0.0 0.0 0.0 0.0 0.0 1324.1 362.3
0 4 8
0 0 0 0 1517.0 0 0 0 708.0 0 0 0 0
0 6 7 9 1 10 2
0 845.4 1.4 0.0 0.0 0.0 452.4 12.3 0.0 296.0 617.6 0.0 0.0
**********2022-05-24 23:39:14**********
41154.681 41228.802 0.18 594.375 633.563 
0 3 12 5 11
0 0.0 0.0 530.1 0.0 8.5 0.0 0.0 0.0 0.0 0.0 1324.1 362.3
0 4 8
0 0 0 0 1517.0 0 0 0 708.0 0 0 0 0
0 6 7 9 1 10 2
0 845.4 1.4 0.0 0.0 0.0 452.4 12.3 0.0 296.0 617.6 0.0 0.0
**********2022-05-24 23:39:17**********
41154.712 41228.802 0.18 594.375 636.409 
0 3 12 5 11
0 0.0 0.0 530.1 0.0 8.5 0.0 0.0 0.0 0.0 0.0 1324.1 362.3
0 4 8
0 0 0 0 1517.0 0 0 0 708.0 0 0 0 0
0 6 7 9 1 10 2
0 845.4 1.4 0.0 0.0 0.0 452.4 12.3 0.0 296.0 617.6 0.0 0.0
**********2022-05-24 23:39:18**********
41154.712 41228.802 0.18 594.375 637.631 
0 3 12 5 11
0 0.0 0.0 530.1 0.0 8.5 0.0 0.0 0.0 0.0 0.0 1324.1 362.3
0 4 8
0 0 0 0 1517.0 0 0 0 708.0 0 0 0 0
0 6 7 9 1 10 2
0 845.4 1.4 0.0 0.0 0.0 452.4 12.3 0.0 296.0 617.6 0.0 0.0
**********2022-05-24 23:39:21**********
41154.712 41228.802 0.18 594.375 641.194 
0 3 12 5 11
0 0.0 0.0 530.1 0.0 8.5 0.0 0.0 0.0 0.0 0.0 1324.1 362.3
0 4 8
0 0 0 0 1517.0 0 0 0 708.0 0 0 0 0
0 6 7 9 1 10 2
0 845.4 1.4 0.0 0.0 0.0 452.4 12.3 0.0 296.0 617.6 0.0 0.0
**********2022-05-24 23:39:25**********
41154.712 41228.802 0.18 594.375 644.996 
0 3 12 5 11
0 0.0 0.0 530.1 0.0 8.5 0.0 0.0 0.0 0.0 0.0 1324.1 362.3
0 4 8
0 0 0 0 1517.0 0 0 0 708.0 0 0 0 0
0 6 7 9 1 10 2
0 845.4 1.4 0.0 0.0 0.0 452.4 12.3 0.0 296.0 617.6 0.0 0.0
**********2022-05-24 23:39:28**********
41154.712 41228.802 0.18 594.375 648.072 
0 3 12 5 11
0 0.0 0.0 530.1 0.0 8.5 0.0 0.0 0.0 0.0 0.0 1324.1 362.3
0 4 8
0 0 0 0 1517.0 0 0 0 708.0 0 0 0 0
0 6 7 9 1 10 2
0 845.4 1.4 0.0 0.0 0.0 452.4 12.3 0.0 296.0 617.6 0.0 0.0
**********2022-05-24 23:39:32**********
41154.716 41228.802 0.18 594.375 651.774 
0 3 12 5 11
0 0.0 0.0 530.1 0.0 8.5 0.0 0.0 0.0 0.0 0.0 1324.1 362.3
0 4 8
0 0 0 0 1517.0 0 0 0 708.0 0 0 0 0
0 6 7 9 1 10 2
0 845.4 1.4 0.0 0.0 0.0 452.4 12.3 0.0 296.0 617.6 0.0 0.0
**********2022-05-24 23:39:36**********
41154.716 41228.802 0.18 594.375 655.848 
0 3 12 5 11
0 0.0 0.0 530.1 0.0 8.5 0.0 0.0 0.0 0.0 0.0 1324.1 362.3
0 4 8
0 0 0 0 1517.0 0 0 0 708.0 0 0 0 0
0 6 7 9 1 10 2
0 845.4 1.4 0.0 0.0 0.0 452.4 12.3 0.0 296.0 617.6 0.0 0.0
**********2022-05-24 23:39:41**********
41154.725 41228.802 0.18 594.375 660.864 
0 3 12 5 11
0 0.0 0.0 530.1 0.0 8.5 0.0 0.0 0.0 0.0 0.0 1324.1 362.3
0 4 8
0 0 0 0 1517.0 0 0 0 708.0 0 0 0 0
0 6 7 9 1 10 2
0 845.4 1.4 0.0 0.0 0.0 452.4 12.3 0.0 296.0 617.6 0.0 0.0
**********2022-05-24 23:39:45**********
41154.725 41228.802 0.18 594.375 665.09 
0 3 12 5 11
0 0.0 0.0 530.1 0.0 8.5 0.0 0.0 0.0 0.0 0.0 1324.1 362.3
0 4 8
0 0 0 0 1517.0 0 0 0 708.0 0 0 0 0
0 6 7 9 1 10 2
0 845.4 1.4 0.0 0.0 0.0 452.4 12.3 0.0 296.0 617.6 0.0 0.0
**********2022-05-24 23:39:49**********
41154.734 41228.802 0.18 594.375 669.228 
0 3 12 5 11
0 0.0 0.0 530.1 0.0 8.5 0.0 0.0 0.0 0.0 0.0 1324.1 362.3
0 4 8
0 0 0 0 1517.0 0 0 0 708.0 0 0 0 0
0 6 7 9 1 10 2
0 845.4 1.4 0.0 0.0 0.0 452.4 12.3 0.0 296.0 617.6 0.0 0.0
**********2022-05-24 23:39:54**********
41154.734 41228.802 0.18 594.375 674.18 
0 3 12 5 11
0 0.0 0.0 530.1 0.0 8.5 0.0 0.0 0.0 0.0 0.0 1324.1 362.3
0 4 8
0 0 0 0 1517.0 0 0 0 708.0 0 0 0 0
0 6 7 9 1 10 2
0 845.4 1.4 0.0 0.0 0.0 452.4 12.3 0.0 296.0 617.6 0.0 0.0
**********2022-05-24 23:40:01**********
41154.744 41228.802 0.18 594.375 680.732 
0 3 12 5 11
0 0.0 0.0 530.1 0.0 8.5 0.0 0.0 0.0 0.0 0.0 1324.1 362.3
0 4 8
0 0 0 0 1517.0 0 0 0 708.0 0 0 0 0
0 6 7 9 1 10 2
0 845.4 1.4 0.0 0.0 0.0 452.4 12.3 0.0 296.0 617.6 0.0 0.0
**********2022-05-24 23:40:04**********
41154.744 41228.802 0.18 594.375 684.249 
0 3 12 5 11
0 0.0 0.0 530.1 0.0 8.5 0.0 0.0 0.0 0.0 0.0 1324.1 362.3
0 4 8
0 0 0 0 1517.0 0 0 0 708.0 0 0 0 0
0 6 7 9 1 10 2
0 845.4 1.4 0.0 0.0 0.0 452.4 12.3 0.0 296.0 617.6 0.0 0.0
**********2022-05-24 23:40:06**********
41154.744 41228.802 0.18 594.375 685.484 
0 3 12 5 11
0 0.0 0.0 530.1 0.0 8.5 0.0 0.0 0.0 0.0 0.0 1324.1 362.3
0 4 8
0 0 0 0 1517.0 0 0 0 708.0 0 0 0 0
0 6 7 9 1 10 2
0 845.4 1.4 0.0 0.0 0.0 452.4 12.3 0.0 296.0 617.6 0.0 0.0
**********2022-05-24 23:40:09**********
41154.744 41228.802 0.18 594.375 688.983 
0 3 12 5 11
0 0.0 0.0 530.1 0.0 8.5 0.0 0.0 0.0 0.0 0.0 1324.1 362.3
0 4 8
0 0 0 0 1517.0 0 0 0 708.0 0 0 0 0
0 6 7 9 1 10 2
0 845.4 1.4 0.0 0.0 0.0 452.4 12.3 0.0 296.0 617.6 0.0 0.0
**********2022-05-25 00:10:08**********
41154.744 41228.802 0.18 594.375 2488.326 
0 3 12 5 11
0 0.0 0.0 530.1 0.0 8.5 0.0 0.0 0.0 0.0 0.0 1324.1 362.3
0 4 8
0 0 0 0 1517.0 0 0 0 708.0 0 0 0 0
0 6 7 9 1 10 2
0 845.4 1.4 0.0 0.0 0.0 452.4 12.3 0.0 296.0 617.6 0.0 0.0
**********2022-05-25 00:10:13**********
41154.769 41228.802 0.18 594.375 2492.621 
0 3 12 5 11
0 0.0 0.0 530.1 0.0 8.5 0.0 0.0 0.0 0.0 0.0 1324.1 362.3
0 4 8
0 0 0 0 1517.0 0 0 0 708.0 0 0 0 0
0 6 7 9 1 10 2
0 845.4 1.4 0.0 0.0 0.0 452.4 12.3 0.0 296.0 617.6 0.0 0.0
**********2022-06-02 12:12:44**********
41150.897 41288.148 0.332 15.638 15.638 
0 4 10
0 0.0 0.0 0.0 1567.1 0.0 0.0 0.0 0.0 0.0 657.9 0.0 0.0
0 6 7 8 1 9 2
0 820.0 1.4 0.0 0.0 0.0 438.8 11.9 665.9 287.1 0.0 0.0 0.0
0 3 12 5 11
0 0.0 0.0 530.1 0.0 8.5 0.0 0.0 0.0 0.0 0.0 1324.1 362.3
**********2022-06-02 12:12:54**********
41150.897 41267.202 0.282 25.89 25.89 
0 3 12 5 11
0 0.0 0.0 530.1 0.0 8.5 0.0 0.0 0.0 0.0 0.0 1324.1 362.3
0 2 6 10 9 1
0 850.1 1.4 0 0 0 454.9 0 0 297.6 621.0 0 0
0 7 4 8
0 0 0 0 1508.5 0 0 12.6 704.0 0 0 0 0
**********2022-06-02 12:13:04**********
41150.897 41267.202 0.282 25.89 36.019 
0 3 12 5 11
0 0.0 0.0 530.1 0.0 8.5 0.0 0.0 0.0 0.0 0.0 1324.1 362.3
0 2 6 10 9 1
0 850.1 1.4 0 0 0 454.9 0 0 297.6 621.0 0 0
0 7 4 8
0 0 0 0 1508.5 0 0 12.6 704.0 0 0 0 0
**********2022-06-02 12:13:14**********
41150.897 41267.202 0.282 25.89 45.779 
0 3 12 5 11
0 0.0 0.0 530.1 0.0 8.5 0.0 0.0 0.0 0.0 0.0 1324.1 362.3
0 2 6 10 9 1
0 850.1 1.4 0 0 0 454.9 0 0 297.6 621.0 0 0
0 7 4 8
0 0 0 0 1508.5 0 0 12.6 704.0 0 0 0 0
**********2022-06-02 12:13:24**********
41150.897 41261.781 0.269 55.759 55.759 
0 3 12 5 11
0 0.0 0.0 530.1 0.0 8.5 0.0 0.0 0.0 0.0 0.0 1324.1 362.3
0 7 2 4 8
0 0 1.4 0 1507.5 0 0 12.6 703.5 0 0 0 0
0 6 9 1 10
0 850.6 0.0 0.0 0.0 0.0 455.2 0.0 0.0 297.8 621.4 0.0 0.0
**********2022-06-02 12:13:32**********
41150.897 41261.781 0.269 55.759 63.425 
0 3 12 5 11
0 0.0 0.0 530.1 0.0 8.5 0.0 0.0 0.0 0.0 0.0 1324.1 362.3
0 7 2 4 8
0 0 1.4 0 1507.5 0 0 12.6 703.5 0 0 0 0
0 6 9 1 10
0 850.6 0.0 0.0 0.0 0.0 455.2 0.0 0.0 297.8 621.4 0.0 0.0
**********2022-06-02 12:13:40**********
41151.012 41261.781 0.268 55.759 72.067 
0 3 12 5 11
0 0.0 0.0 530.1 0.0 8.5 0.0 0.0 0.0 0.0 0.0 1324.1 362.3
0 7 2 4 8
0 0 1.4 0 1507.5 0 0 12.6 703.5 0 0 0 0
0 6 9 1 10
0 850.6 0.0 0.0 0.0 0.0 455.2 0.0 0.0 297.8 621.4 0.0 0.0
**********2022-06-02 12:13:50**********
41151.191 41261.781 0.268 55.759 81.623 
0 3 12 5 11
0 0.0 0.0 530.1 0.0 8.5 0.0 0.0 0.0 0.0 0.0 1324.1 362.3
0 7 2 4 8
0 0 1.4 0 1507.5 0 0 12.6 703.5 0 0 0 0
0 6 9 1 10
0 850.6 0.0 0.0 0.0 0.0 455.2 0.0 0.0 297.8 621.4 0.0 0.0
**********2022-06-02 12:13:58**********
41151.402 41217.734 0.161 89.401 89.401 
0 1 2 11 5
0 855.0 1.4 0 0 8.7 0 0 0 0 0 1359.9 0
0 7 8 12 3 10
0 0 0 538.9 0 0 0 12.3 687.2 0 618.2 0 368.4
0 6 4 9
0 0 0 0 1474.8 0 453.5 0 0 296.7 0 0 0
**********2022-06-02 12:14:08**********
41151.402 41217.734 0.161 89.401 99.371 
0 1 2 11 5
0 855.0 1.4 0 0 8.7 0 0 0 0 0 1359.9 0
0 7 8 12 3 10
0 0 0 538.9 0 0 0 12.3 687.2 0 618.2 0 368.4
0 6 4 9
0 0 0 0 1474.8 0 453.5 0 0 296.7 0 0 0
**********2022-06-02 12:14:18**********
41151.402 41217.734 0.161 89.401 109.47 
0 1 2 11 5
0 855.0 1.4 0 0 8.7 0 0 0 0 0 1359.9 0
0 7 8 12 3 10
0 0 0 538.9 0 0 0 12.3 687.2 0 618.2 0 368.4
0 6 4 9
0 0 0 0 1474.8 0 453.5 0 0 296.7 0 0 0
**********2022-06-02 12:14:27**********
41151.504 41217.734 0.161 89.401 118.909 
0 1 2 11 5
0 855.0 1.4 0 0 8.7 0 0 0 0 0 1359.9 0
0 7 8 12 3 10
0 0 0 538.9 0 0 0 12.3 687.2 0 618.2 0 368.4
0 6 4 9
0 0 0 0 1474.8 0 453.5 0 0 296.7 0 0 0
**********2022-06-02 12:14:35**********
41151.504 41217.734 0.161 89.401 126.476 
0 1 2 11 5
0 855.0 1.4 0 0 8.7 0 0 0 0 0 1359.9 0
0 7 8 12 3 10
0 0 0 538.9 0 0 0 12.3 687.2 0 618.2 0 368.4
0 6 4 9
0 0 0 0 1474.8 0 453.5 0 0 296.7 0 0 0
**********2022-06-02 12:14:42**********
41151.544 41217.734 0.161 89.401 133.415 
0 1 2 11 5
0 855.0 1.4 0 0 8.7 0 0 0 0 0 1359.9 0
0 7 8 12 3 10
0 0 0 538.9 0 0 0 12.3 687.2 0 618.2 0 368.4
0 6 4 9
0 0 0 0 1474.8 0 453.5 0 0 296.7 0 0 0
**********2022-06-02 12:14:52**********
41151.544 41217.734 0.161 89.401 143.744 
0 1 2 11 5
0 855.0 1.4 0 0 8.7 0 0 0 0 0 1359.9 0
0 7 8 12 3 10
0 0 0 538.9 0 0 0 12.3 687.2 0 618.2 0 368.4
0 6 4 9
0 0 0 0 1474.8 0 453.5 0 0 296.7 0 0 0
**********2022-06-02 12:15:00**********
41151.544 41217.734 0.161 89.401 151.534 
0 1 2 11 5
0 855.0 1.4 0 0 8.7 0 0 0 0 0 1359.9 0
0 7 8 12 3 10
0 0 0 538.9 0 0 0 12.3 687.2 0 618.2 0 368.4
0 6 4 9
0 0 0 0 1474.8 0 453.5 0 0 296.7 0 0 0
**********2022-06-02 12:15:09**********
41151.544 41217.734 0.161 89.401 160.665 
0 1 2 11 5
0 855.0 1.4 0 0 8.7 0 0 0 0 0 1359.9 0
0 7 8 12 3 10
0 0 0 538.9 0 0 0 12.3 687.2 0 618.2 0 368.4
0 6 4 9
0 0 0 0 1474.8 0 453.5 0 0 296.7 0 0 0
**********2022-06-02 12:15:18**********
41151.657 41217.734 0.16 89.401 170.203 
0 1 2 11 5
0 855.0 1.4 0 0 8.7 0 0 0 0 0 1359.9 0
0 7 8 12 3 10
0 0 0 538.9 0 0 0 12.3 687.2 0 618.2 0 368.4
0 6 4 9
0 0 0 0 1474.8 0 453.5 0 0 296.7 0 0 0
**********2022-06-02 12:15:28**********
41152.042 41217.734 0.159 89.401 179.461 
0 1 2 11 5
0 855.0 1.4 0 0 8.7 0 0 0 0 0 1359.9 0
0 7 8 12 3 10
0 0 0 538.9 0 0 0 12.3 687.2 0 618.2 0 368.4
0 6 4 9
0 0 0 0 1474.8 0 453.5 0 0 296.7 0 0 0
**********2022-06-02 12:15:35**********
41152.042 41217.734 0.159 89.401 186.479 
0 1 2 11 5
0 855.0 1.4 0 0 8.7 0 0 0 0 0 1359.9 0
0 7 8 12 3 10
0 0 0 538.9 0 0 0 12.3 687.2 0 618.2 0 368.4
0 6 4 9
0 0 0 0 1474.8 0 453.5 0 0 296.7 0 0 0
**********2022-06-02 12:15:43**********
41152.042 41217.734 0.159 89.401 194.46 
0 1 2 11 5
0 855.0 1.4 0 0 8.7 0 0 0 0 0 1359.9 0
0 7 8 12 3 10
0 0 0 538.9 0 0 0 12.3 687.2 0 618.2 0 368.4
0 6 4 9
0 0 0 0 1474.8 0 453.5 0 0 296.7 0 0 0
**********2022-06-02 12:15:50**********
41152.415 41217.734 0.158 89.401 201.825 
0 1 2 11 5
0 855.0 1.4 0 0 8.7 0 0 0 0 0 1359.9 0
0 7 8 12 3 10
0 0 0 538.9 0 0 0 12.3 687.2 0 618.2 0 368.4
0 6 4 9
0 0 0 0 1474.8 0 453.5 0 0 296.7 0 0 0
**********2022-06-02 12:15:57**********
41152.444 41217.734 0.158 89.401 208.747 
0 1 2 11 5
0 855.0 1.4 0 0 8.7 0 0 0 0 0 1359.9 0
0 7 8 12 3 10
0 0 0 538.9 0 0 0 12.3 687.2 0 618.2 0 368.4
0 6 4 9
0 0 0 0 1474.8 0 453.5 0 0 296.7 0 0 0
**********2022-06-02 12:16:05**********
41152.444 41217.734 0.158 89.401 216.701 
0 1 2 11 5
0 855.0 1.4 0 0 8.7 0 0 0 0 0 1359.9 0
0 7 8 12 3 10
0 0 0 538.9 0 0 0 12.3 687.2 0 618.2 0 368.4
0 6 4 9
0 0 0 0 1474.8 0 453.5 0 0 296.7 0 0 0
**********2022-06-02 12:16:13**********
41152.455 41217.734 0.158 89.401 224.978 
0 1 2 11 5
0 855.0 1.4 0 0 8.7 0 0 0 0 0 1359.9 0
0 7 8 12 3 10
0 0 0 538.9 0 0 0 12.3 687.2 0 618.2 0 368.4
0 6 4 9
0 0 0 0 1474.8 0 453.5 0 0 296.7 0 0 0
**********2022-06-02 12:16:20**********
41152.455 41217.734 0.158 89.401 232.211 
0 1 2 11 5
0 855.0 1.4 0 0 8.7 0 0 0 0 0 1359.9 0
0 7 8 12 3 10
0 0 0 538.9 0 0 0 12.3 687.2 0 618.2 0 368.4
0 6 4 9
0 0 0 0 1474.8 0 453.5 0 0 296.7 0 0 0
**********2022-06-02 12:16:26**********
41152.543 41217.734 0.158 89.401 237.926 
0 1 2 11 5
0 855.0 1.4 0 0 8.7 0 0 0 0 0 1359.9 0
0 7 8 12 3 10
0 0 0 538.9 0 0 0 12.3 687.2 0 618.2 0 368.4
0 6 4 9
0 0 0 0 1474.8 0 453.5 0 0 296.7 0 0 0
**********2022-06-02 12:16:34**********
41152.543 41217.734 0.158 89.401 246.0 
0 1 2 11 5
0 855.0 1.4 0 0 8.7 0 0 0 0 0 1359.9 0
0 7 8 12 3 10
0 0 0 538.9 0 0 0 12.3 687.2 0 618.2 0 368.4
0 6 4 9
0 0 0 0 1474.8 0 453.5 0 0 296.7 0 0 0
**********2022-06-02 12:16:42**********
41152.543 41217.734 0.158 89.401 253.387 
0 1 2 11 5
0 855.0 1.4 0 0 8.7 0 0 0 0 0 1359.9 0
0 7 8 12 3 10
0 0 0 538.9 0 0 0 12.3 687.2 0 618.2 0 368.4
0 6 4 9
0 0 0 0 1474.8 0 453.5 0 0 296.7 0 0 0
**********2022-06-02 12:16:48**********
41152.543 41217.734 0.158 89.401 259.979 
0 1 2 11 5
0 855.0 1.4 0 0 8.7 0 0 0 0 0 1359.9 0
0 7 8 12 3 10
0 0 0 538.9 0 0 0 12.3 687.2 0 618.2 0 368.4
0 6 4 9
0 0 0 0 1474.8 0 453.5 0 0 296.7 0 0 0
**********2022-06-02 12:16:55**********
41152.543 41217.734 0.158 89.401 267.095 
0 1 2 11 5
0 855.0 1.4 0 0 8.7 0 0 0 0 0 1359.9 0
0 7 8 12 3 10
0 0 0 538.9 0 0 0 12.3 687.2 0 618.2 0 368.4
0 6 4 9
0 0 0 0 1474.8 0 453.5 0 0 296.7 0 0 0
**********2022-06-02 12:17:04**********
41152.65 41217.734 0.158 89.401 276.286 
0 1 2 11 5
0 855.0 1.4 0 0 8.7 0 0 0 0 0 1359.9 0
0 7 8 12 3 10
0 0 0 538.9 0 0 0 12.3 687.2 0 618.2 0 368.4
0 6 4 9
0 0 0 0 1474.8 0 453.5 0 0 296.7 0 0 0
**********2022-06-02 12:17:11**********
41152.65 41217.734 0.158 89.401 283.0 
0 1 2 11 5
0 855.0 1.4 0 0 8.7 0 0 0 0 0 1359.9 0
0 7 8 12 3 10
0 0 0 538.9 0 0 0 12.3 687.2 0 618.2 0 368.4
0 6 4 9
0 0 0 0 1474.8 0 453.5 0 0 296.7 0 0 0
**********2022-06-02 12:17:18**********
41152.716 41217.734 0.158 89.401 289.838 
0 1 2 11 5
0 855.0 1.4 0 0 8.7 0 0 0 0 0 1359.9 0
0 7 8 12 3 10
0 0 0 538.9 0 0 0 12.3 687.2 0 618.2 0 368.4
0 6 4 9
0 0 0 0 1474.8 0 453.5 0 0 296.7 0 0 0
**********2022-06-02 12:17:24**********
41152.716 41217.734 0.158 89.401 296.183 
0 1 2 11 5
0 855.0 1.4 0 0 8.7 0 0 0 0 0 1359.9 0
0 7 8 12 3 10
0 0 0 538.9 0 0 0 12.3 687.2 0 618.2 0 368.4
0 6 4 9
0 0 0 0 1474.8 0 453.5 0 0 296.7 0 0 0
**********2022-06-02 12:17:32**********
41152.724 41217.734 0.158 89.401 304.043 
0 1 2 11 5
0 855.0 1.4 0 0 8.7 0 0 0 0 0 1359.9 0
0 7 8 12 3 10
0 0 0 538.9 0 0 0 12.3 687.2 0 618.2 0 368.4
0 6 4 9
0 0 0 0 1474.8 0 453.5 0 0 296.7 0 0 0
**********2022-06-02 12:17:39**********
41152.742 41217.734 0.158 89.401 310.848 
0 1 2 11 5
0 855.0 1.4 0 0 8.7 0 0 0 0 0 1359.9 0
0 7 8 12 3 10
0 0 0 538.9 0 0 0 12.3 687.2 0 618.2 0 368.4
0 6 4 9
0 0 0 0 1474.8 0 453.5 0 0 296.7 0 0 0
**********2022-06-02 12:17:46**********
41152.822 41217.734 0.157 89.401 317.795 
0 1 2 11 5
0 855.0 1.4 0 0 8.7 0 0 0 0 0 1359.9 0
0 7 8 12 3 10
0 0 0 538.9 0 0 0 12.3 687.2 0 618.2 0 368.4
0 6 4 9
0 0 0 0 1474.8 0 453.5 0 0 296.7 0 0 0
**********2022-06-02 12:17:52**********
41152.822 41217.734 0.157 89.401 323.827 
0 1 2 11 5
0 855.0 1.4 0 0 8.7 0 0 0 0 0 1359.9 0
0 7 8 12 3 10
0 0 0 538.9 0 0 0 12.3 687.2 0 618.2 0 368.4
0 6 4 9
0 0 0 0 1474.8 0 453.5 0 0 296.7 0 0 0
**********2022-06-02 12:17:59**********
41152.929 41217.734 0.157 89.401 330.722 
0 1 2 11 5
0 855.0 1.4 0 0 8.7 0 0 0 0 0 1359.9 0
0 7 8 12 3 10
0 0 0 538.9 0 0 0 12.3 687.2 0 618.2 0 368.4
0 6 4 9
0 0 0 0 1474.8 0 453.5 0 0 296.7 0 0 0
**********2022-06-02 12:18:07**********
41152.929 41217.734 0.157 89.401 338.636 
0 1 2 11 5
0 855.0 1.4 0 0 8.7 0 0 0 0 0 1359.9 0
0 7 8 12 3 10
0 0 0 538.9 0 0 0 12.3 687.2 0 618.2 0 368.4
0 6 4 9
0 0 0 0 1474.8 0 453.5 0 0 296.7 0 0 0
**********2022-06-02 12:18:13**********
41152.944 41217.734 0.157 89.401 344.926 
0 1 2 11 5
0 855.0 1.4 0 0 8.7 0 0 0 0 0 1359.9 0
0 7 8 12 3 10
0 0 0 538.9 0 0 0 12.3 687.2 0 618.2 0 368.4
0 6 4 9
0 0 0 0 1474.8 0 453.5 0 0 296.7 0 0 0
**********2022-06-02 12:18:19**********
41152.944 41217.734 0.157 89.401 350.483 
0 1 2 11 5
0 855.0 1.4 0 0 8.7 0 0 0 0 0 1359.9 0
0 7 8 12 3 10
0 0 0 538.9 0 0 0 12.3 687.2 0 618.2 0 368.4
0 6 4 9
0 0 0 0 1474.8 0 453.5 0 0 296.7 0 0 0
**********2022-06-02 12:18:21**********
41152.944 41217.734 0.157 89.401 352.548 
0 1 2 11 5
0 855.0 1.4 0 0 8.7 0 0 0 0 0 1359.9 0
0 7 8 12 3 10
0 0 0 538.9 0 0 0 12.3 687.2 0 618.2 0 368.4
0 6 4 9
0 0 0 0 1474.8 0 453.5 0 0 296.7 0 0 0
**********2022-06-02 12:18:27**********
41152.944 41217.734 0.157 89.401 358.398 
0 1 2 11 5
0 855.0 1.4 0 0 8.7 0 0 0 0 0 1359.9 0
0 7 8 12 3 10
0 0 0 538.9 0 0 0 12.3 687.2 0 618.2 0 368.4
0 6 4 9
0 0 0 0 1474.8 0 453.5 0 0 296.7 0 0 0
**********2022-06-02 12:18:32**********
41153.119 41217.734 0.157 89.401 363.94 
0 1 2 11 5
0 855.0 1.4 0 0 8.7 0 0 0 0 0 1359.9 0
0 7 8 12 3 10
0 0 0 538.9 0 0 0 12.3 687.2 0 618.2 0 368.4
0 6 4 9
0 0 0 0 1474.8 0 453.5 0 0 296.7 0 0 0
**********2022-06-02 12:18:38**********
41153.119 41217.734 0.157 89.401 369.565 
0 1 2 11 5
0 855.0 1.4 0 0 8.7 0 0 0 0 0 1359.9 0
0 7 8 12 3 10
0 0 0 538.9 0 0 0 12.3 687.2 0 618.2 0 368.4
0 6 4 9
0 0 0 0 1474.8 0 453.5 0 0 296.7 0 0 0
**********2022-06-02 12:18:43**********
41153.273 41217.734 0.156 89.401 374.391 
0 1 2 11 5
0 855.0 1.4 0 0 8.7 0 0 0 0 0 1359.9 0
0 7 8 12 3 10
0 0 0 538.9 0 0 0 12.3 687.2 0 618.2 0 368.4
0 6 4 9
0 0 0 0 1474.8 0 453.5 0 0 296.7 0 0 0
**********2022-06-02 12:18:48**********
41153.273 41217.734 0.156 89.401 379.595 
0 1 2 11 5
0 855.0 1.4 0 0 8.7 0 0 0 0 0 1359.9 0
0 7 8 12 3 10
0 0 0 538.9 0 0 0 12.3 687.2 0 618.2 0 368.4
0 6 4 9
0 0 0 0 1474.8 0 453.5 0 0 296.7 0 0 0
**********2022-06-02 12:18:54**********
41153.388 41217.734 0.156 89.401 385.735 
0 1 2 11 5
0 855.0 1.4 0 0 8.7 0 0 0 0 0 1359.9 0
0 7 8 12 3 10
0 0 0 538.9 0 0 0 12.3 687.2 0 618.2 0 368.4
0 6 4 9
0 0 0 0 1474.8 0 453.5 0 0 296.7 0 0 0
**********2022-06-02 12:19:01**********
41153.455 41217.734 0.156 89.401 393.265 
0 1 2 11 5
0 855.0 1.4 0 0 8.7 0 0 0 0 0 1359.9 0
0 7 8 12 3 10
0 0 0 538.9 0 0 0 12.3 687.2 0 618.2 0 368.4
0 6 4 9
0 0 0 0 1474.8 0 453.5 0 0 296.7 0 0 0
**********2022-06-02 12:19:08**********
41153.455 41217.734 0.156 89.401 399.934 
0 1 2 11 5
0 855.0 1.4 0 0 8.7 0 0 0 0 0 1359.9 0
0 7 8 12 3 10
0 0 0 538.9 0 0 0 12.3 687.2 0 618.2 0 368.4
0 6 4 9
0 0 0 0 1474.8 0 453.5 0 0 296.7 0 0 0
**********2022-06-02 12:19:15**********
41153.467 41217.734 0.156 89.401 407.319 
0 1 2 11 5
0 855.0 1.4 0 0 8.7 0 0 0 0 0 1359.9 0
0 7 8 12 3 10
0 0 0 538.9 0 0 0 12.3 687.2 0 618.2 0 368.4
0 6 4 9
0 0 0 0 1474.8 0 453.5 0 0 296.7 0 0 0
**********2022-06-02 12:19:22**********
41153.467 41217.734 0.156 89.401 413.753 
0 1 2 11 5
0 855.0 1.4 0 0 8.7 0 0 0 0 0 1359.9 0
0 7 8 12 3 10
0 0 0 538.9 0 0 0 12.3 687.2 0 618.2 0 368.4
0 6 4 9
0 0 0 0 1474.8 0 453.5 0 0 296.7 0 0 0
**********2022-06-02 12:19:28**********
41153.526 41217.734 0.156 89.401 419.894 
0 1 2 11 5
0 855.0 1.4 0 0 8.7 0 0 0 0 0 1359.9 0
0 7 8 12 3 10
0 0 0 538.9 0 0 0 12.3 687.2 0 618.2 0 368.4
0 6 4 9
0 0 0 0 1474.8 0 453.5 0 0 296.7 0 0 0
**********2022-06-02 12:19:33**********
41153.526 41217.734 0.156 89.401 425.103 
0 1 2 11 5
0 855.0 1.4 0 0 8.7 0 0 0 0 0 1359.9 0
0 7 8 12 3 10
0 0 0 538.9 0 0 0 12.3 687.2 0 618.2 0 368.4
0 6 4 9
0 0 0 0 1474.8 0 453.5 0 0 296.7 0 0 0
**********2022-06-02 12:19:39**********
41153.628 41217.734 0.156 89.401 430.805 
0 1 2 11 5
0 855.0 1.4 0 0 8.7 0 0 0 0 0 1359.9 0
0 7 8 12 3 10
0 0 0 538.9 0 0 0 12.3 687.2 0 618.2 0 368.4
0 6 4 9
0 0 0 0 1474.8 0 453.5 0 0 296.7 0 0 0
**********2022-06-02 12:19:45**********
41153.641 41217.734 0.155 89.401 436.382 
0 1 2 11 5
0 855.0 1.4 0 0 8.7 0 0 0 0 0 1359.9 0
0 7 8 12 3 10
0 0 0 538.9 0 0 0 12.3 687.2 0 618.2 0 368.4
0 6 4 9
0 0 0 0 1474.8 0 453.5 0 0 296.7 0 0 0
**********2022-06-02 12:19:50**********
41153.641 41217.734 0.155 89.401 441.649 
0 1 2 11 5
0 855.0 1.4 0 0 8.7 0 0 0 0 0 1359.9 0
0 7 8 12 3 10
0 0 0 538.9 0 0 0 12.3 687.2 0 618.2 0 368.4
0 6 4 9
0 0 0 0 1474.8 0 453.5 0 0 296.7 0 0 0
**********2022-06-02 12:19:55**********
41153.686 41217.734 0.155 89.401 446.76 
0 1 2 11 5
0 855.0 1.4 0 0 8.7 0 0 0 0 0 1359.9 0
0 7 8 12 3 10
0 0 0 538.9 0 0 0 12.3 687.2 0 618.2 0 368.4
0 6 4 9
0 0 0 0 1474.8 0 453.5 0 0 296.7 0 0 0
**********2022-06-02 12:20:02**********
41153.686 41217.734 0.155 89.401 453.913 
0 1 2 11 5
0 855.0 1.4 0 0 8.7 0 0 0 0 0 1359.9 0
0 7 8 12 3 10
0 0 0 538.9 0 0 0 12.3 687.2 0 618.2 0 368.4
0 6 4 9
0 0 0 0 1474.8 0 453.5 0 0 296.7 0 0 0
**********2022-06-02 12:20:09**********
41153.697 41217.734 0.155 89.401 461.157 
0 1 2 11 5
0 855.0 1.4 0 0 8.7 0 0 0 0 0 1359.9 0
0 7 8 12 3 10
0 0 0 538.9 0 0 0 12.3 687.2 0 618.2 0 368.4
0 6 4 9
0 0 0 0 1474.8 0 453.5 0 0 296.7 0 0 0
**********2022-06-02 12:20:17**********
41153.697 41217.734 0.155 89.401 469.038 
0 1 2 11 5
0 855.0 1.4 0 0 8.7 0 0 0 0 0 1359.9 0
0 7 8 12 3 10
0 0 0 538.9 0 0 0 12.3 687.2 0 618.2 0 368.4
0 6 4 9
0 0 0 0 1474.8 0 453.5 0 0 296.7 0 0 0
**********2022-06-02 12:20:25**********
41153.727 41217.734 0.155 89.401 477.054 
0 1 2 11 5
0 855.0 1.4 0 0 8.7 0 0 0 0 0 1359.9 0
0 7 8 12 3 10
0 0 0 538.9 0 0 0 12.3 687.2 0 618.2 0 368.4
0 6 4 9
0 0 0 0 1474.8 0 453.5 0 0 296.7 0 0 0
**********2022-06-02 12:20:30**********
41153.727 41217.734 0.155 89.401 481.87 
0 1 2 11 5
0 855.0 1.4 0 0 8.7 0 0 0 0 0 1359.9 0
0 7 8 12 3 10
0 0 0 538.9 0 0 0 12.3 687.2 0 618.2 0 368.4
0 6 4 9
0 0 0 0 1474.8 0 453.5 0 0 296.7 0 0 0
**********2022-06-02 12:20:35**********
41153.727 41217.734 0.155 89.401 487.304 
0 1 2 11 5
0 855.0 1.4 0 0 8.7 0 0 0 0 0 1359.9 0
0 7 8 12 3 10
0 0 0 538.9 0 0 0 12.3 687.2 0 618.2 0 368.4
0 6 4 9
0 0 0 0 1474.8 0 453.5 0 0 296.7 0 0 0
**********2022-06-02 12:20:40**********
41153.727 41217.734 0.155 89.401 491.657 
0 1 2 11 5
0 855.0 1.4 0 0 8.7 0 0 0 0 0 1359.9 0
0 7 8 12 3 10
0 0 0 538.9 0 0 0 12.3 687.2 0 618.2 0 368.4
0 6 4 9
0 0 0 0 1474.8 0 453.5 0 0 296.7 0 0 0
**********2022-06-02 12:20:42**********
41153.727 41217.734 0.155 89.401 493.689 
0 1 2 11 5
0 855.0 1.4 0 0 8.7 0 0 0 0 0 1359.9 0
0 7 8 12 3 10
0 0 0 538.9 0 0 0 12.3 687.2 0 618.2 0 368.4
0 6 4 9
0 0 0 0 1474.8 0 453.5 0 0 296.7 0 0 0
**********2022-06-02 12:20:48**********
41153.756 41217.734 0.155 89.401 499.38 
0 1 2 11 5
0 855.0 1.4 0 0 8.7 0 0 0 0 0 1359.9 0
0 7 8 12 3 10
0 0 0 538.9 0 0 0 12.3 687.2 0 618.2 0 368.4
0 6 4 9
0 0 0 0 1474.8 0 453.5 0 0 296.7 0 0 0
**********2022-06-02 12:20:51**********
41153.756 41217.734 0.155 89.401 503.224 
0 1 2 11 5
0 855.0 1.4 0 0 8.7 0 0 0 0 0 1359.9 0
0 7 8 12 3 10
0 0 0 538.9 0 0 0 12.3 687.2 0 618.2 0 368.4
0 6 4 9
0 0 0 0 1474.8 0 453.5 0 0 296.7 0 0 0
**********2022-06-02 12:20:56**********
41153.82 41217.734 0.155 89.401 507.73 
0 1 2 11 5
0 855.0 1.4 0 0 8.7 0 0 0 0 0 1359.9 0
0 7 8 12 3 10
0 0 0 538.9 0 0 0 12.3 687.2 0 618.2 0 368.4
0 6 4 9
0 0 0 0 1474.8 0 453.5 0 0 296.7 0 0 0
**********2022-06-02 12:21:02**********
41153.825 41217.734 0.155 89.401 514.161 
0 1 2 11 5
0 855.0 1.4 0 0 8.7 0 0 0 0 0 1359.9 0
0 7 8 12 3 10
0 0 0 538.9 0 0 0 12.3 687.2 0 618.2 0 368.4
0 6 4 9
0 0 0 0 1474.8 0 453.5 0 0 296.7 0 0 0
**********2022-06-02 12:21:08**********
41153.869 41217.734 0.155 89.401 519.823 
0 1 2 11 5
0 855.0 1.4 0 0 8.7 0 0 0 0 0 1359.9 0
0 7 8 12 3 10
0 0 0 538.9 0 0 0 12.3 687.2 0 618.2 0 368.4
0 6 4 9
0 0 0 0 1474.8 0 453.5 0 0 296.7 0 0 0
**********2022-06-02 12:21:16**********
41153.913 41217.734 0.155 89.401 528.003 
0 1 2 11 5
0 855.0 1.4 0 0 8.7 0 0 0 0 0 1359.9 0
0 7 8 12 3 10
0 0 0 538.9 0 0 0 12.3 687.2 0 618.2 0 368.4
0 6 4 9
0 0 0 0 1474.8 0 453.5 0 0 296.7 0 0 0
**********2022-06-02 12:21:20**********
41153.943 41217.734 0.155 89.401 531.652 
0 1 2 11 5
0 855.0 1.4 0 0 8.7 0 0 0 0 0 1359.9 0
0 7 8 12 3 10
0 0 0 538.9 0 0 0 12.3 687.2 0 618.2 0 368.4
0 6 4 9
0 0 0 0 1474.8 0 453.5 0 0 296.7 0 0 0
**********2022-06-02 12:21:25**********
41153.943 41217.734 0.155 89.401 536.718 
0 1 2 11 5
0 855.0 1.4 0 0 8.7 0 0 0 0 0 1359.9 0
0 7 8 12 3 10
0 0 0 538.9 0 0 0 12.3 687.2 0 618.2 0 368.4
0 6 4 9
0 0 0 0 1474.8 0 453.5 0 0 296.7 0 0 0
**********2022-06-02 12:21:30**********
41153.943 41217.734 0.155 89.401 541.447 
0 1 2 11 5
0 855.0 1.4 0 0 8.7 0 0 0 0 0 1359.9 0
0 7 8 12 3 10
0 0 0 538.9 0 0 0 12.3 687.2 0 618.2 0 368.4
0 6 4 9
0 0 0 0 1474.8 0 453.5 0 0 296.7 0 0 0
**********2022-06-02 12:21:32**********
41153.943 41217.734 0.155 89.401 543.432 
0 1 2 11 5
0 855.0 1.4 0 0 8.7 0 0 0 0 0 1359.9 0
0 7 8 12 3 10
0 0 0 538.9 0 0 0 12.3 687.2 0 618.2 0 368.4
0 6 4 9
0 0 0 0 1474.8 0 453.5 0 0 296.7 0 0 0
**********2022-06-02 12:21:37**********
41153.992 41217.734 0.155 89.401 548.39 
0 1 2 11 5
0 855.0 1.4 0 0 8.7 0 0 0 0 0 1359.9 0
0 7 8 12 3 10
0 0 0 538.9 0 0 0 12.3 687.2 0 618.2 0 368.4
0 6 4 9
0 0 0 0 1474.8 0 453.5 0 0 296.7 0 0 0
**********2022-06-02 12:21:43**********
41153.992 41217.734 0.155 89.401 554.681 
0 1 2 11 5
0 855.0 1.4 0 0 8.7 0 0 0 0 0 1359.9 0
0 7 8 12 3 10
0 0 0 538.9 0 0 0 12.3 687.2 0 618.2 0 368.4
0 6 4 9
0 0 0 0 1474.8 0 453.5 0 0 296.7 0 0 0
**********2022-06-02 12:21:48**********
41154.122 41217.734 0.154 89.401 559.865 
0 1 2 11 5
0 855.0 1.4 0 0 8.7 0 0 0 0 0 1359.9 0
0 7 8 12 3 10
0 0 0 538.9 0 0 0 12.3 687.2 0 618.2 0 368.4
0 6 4 9
0 0 0 0 1474.8 0 453.5 0 0 296.7 0 0 0
**********2022-06-02 12:21:54**********
41154.183 41217.734 0.154 89.401 566.214 
0 1 2 11 5
0 855.0 1.4 0 0 8.7 0 0 0 0 0 1359.9 0
0 7 8 12 3 10
0 0 0 538.9 0 0 0 12.3 687.2 0 618.2 0 368.4
0 6 4 9
0 0 0 0 1474.8 0 453.5 0 0 296.7 0 0 0
**********2022-06-02 12:22:02**********
41154.263 41217.734 0.154 89.401 574.063 
0 1 2 11 5
0 855.0 1.4 0 0 8.7 0 0 0 0 0 1359.9 0
0 7 8 12 3 10
0 0 0 538.9 0 0 0 12.3 687.2 0 618.2 0 368.4
0 6 4 9
0 0 0 0 1474.8 0 453.5 0 0 296.7 0 0 0
**********2022-06-02 12:22:08**********
41154.263 41217.734 0.154 89.401 579.968 
0 1 2 11 5
0 855.0 1.4 0 0 8.7 0 0 0 0 0 1359.9 0
0 7 8 12 3 10
0 0 0 538.9 0 0 0 12.3 687.2 0 618.2 0 368.4
0 6 4 9
0 0 0 0 1474.8 0 453.5 0 0 296.7 0 0 0
**********2022-06-02 12:22:14**********
41154.263 41217.734 0.154 89.401 586.171 
0 1 2 11 5
0 855.0 1.4 0 0 8.7 0 0 0 0 0 1359.9 0
0 7 8 12 3 10
0 0 0 538.9 0 0 0 12.3 687.2 0 618.2 0 368.4
0 6 4 9
0 0 0 0 1474.8 0 453.5 0 0 296.7 0 0 0
**********2022-06-02 12:22:21**********
41154.269 41217.734 0.154 89.401 593.146 
0 1 2 11 5
0 855.0 1.4 0 0 8.7 0 0 0 0 0 1359.9 0
0 7 8 12 3 10
0 0 0 538.9 0 0 0 12.3 687.2 0 618.2 0 368.4
0 6 4 9
0 0 0 0 1474.8 0 453.5 0 0 296.7 0 0 0
**********2022-06-02 12:22:29**********
41154.288 41217.734 0.154 89.401 600.94 
0 1 2 11 5
0 855.0 1.4 0 0 8.7 0 0 0 0 0 1359.9 0
0 7 8 12 3 10
0 0 0 538.9 0 0 0 12.3 687.2 0 618.2 0 368.4
0 6 4 9
0 0 0 0 1474.8 0 453.5 0 0 296.7 0 0 0
**********2022-06-02 12:22:36**********
41154.288 41217.734 0.154 89.401 607.488 
0 1 2 11 5
0 855.0 1.4 0 0 8.7 0 0 0 0 0 1359.9 0
0 7 8 12 3 10
0 0 0 538.9 0 0 0 12.3 687.2 0 618.2 0 368.4
0 6 4 9
0 0 0 0 1474.8 0 453.5 0 0 296.7 0 0 0
**********2022-06-02 12:22:43**********
41154.288 41217.734 0.154 89.401 615.182 
0 1 2 11 5
0 855.0 1.4 0 0 8.7 0 0 0 0 0 1359.9 0
0 7 8 12 3 10
0 0 0 538.9 0 0 0 12.3 687.2 0 618.2 0 368.4
0 6 4 9
0 0 0 0 1474.8 0 453.5 0 0 296.7 0 0 0
**********2022-06-02 12:22:49**********
41154.303 41217.734 0.154 89.401 621.011 
0 1 2 11 5
0 855.0 1.4 0 0 8.7 0 0 0 0 0 1359.9 0
0 7 8 12 3 10
0 0 0 538.9 0 0 0 12.3 687.2 0 618.2 0 368.4
0 6 4 9
0 0 0 0 1474.8 0 453.5 0 0 296.7 0 0 0
**********2022-06-02 12:22:56**********
41154.303 41217.734 0.154 89.401 627.766 
0 1 2 11 5
0 855.0 1.4 0 0 8.7 0 0 0 0 0 1359.9 0
0 7 8 12 3 10
0 0 0 538.9 0 0 0 12.3 687.2 0 618.2 0 368.4
0 6 4 9
0 0 0 0 1474.8 0 453.5 0 0 296.7 0 0 0
**********2022-06-02 12:23:03**********
41154.39 41217.734 0.154 89.401 635.323 
0 1 2 11 5
0 855.0 1.4 0 0 8.7 0 0 0 0 0 1359.9 0
0 7 8 12 3 10
0 0 0 538.9 0 0 0 12.3 687.2 0 618.2 0 368.4
0 6 4 9
0 0 0 0 1474.8 0 453.5 0 0 296.7 0 0 0
**********2022-06-02 12:23:08**********
41154.39 41217.734 0.154 89.401 640.227 
0 1 2 11 5
0 855.0 1.4 0 0 8.7 0 0 0 0 0 1359.9 0
0 7 8 12 3 10
0 0 0 538.9 0 0 0 12.3 687.2 0 618.2 0 368.4
0 6 4 9
0 0 0 0 1474.8 0 453.5 0 0 296.7 0 0 0
**********2022-06-02 12:23:10**********
41154.39 41217.734 0.154 89.401 642.249 
0 1 2 11 5
0 855.0 1.4 0 0 8.7 0 0 0 0 0 1359.9 0
0 7 8 12 3 10
0 0 0 538.9 0 0 0 12.3 687.2 0 618.2 0 368.4
0 6 4 9
0 0 0 0 1474.8 0 453.5 0 0 296.7 0 0 0
**********2022-06-02 12:23:15**********
41154.39 41217.734 0.154 89.401 646.717 
0 1 2 11 5
0 855.0 1.4 0 0 8.7 0 0 0 0 0 1359.9 0
0 7 8 12 3 10
0 0 0 538.9 0 0 0 12.3 687.2 0 618.2 0 368.4
0 6 4 9
0 0 0 0 1474.8 0 453.5 0 0 296.7 0 0 0
**********2022-06-02 12:23:20**********
41154.473 41217.734 0.153 89.401 651.468 
0 1 2 11 5
0 855.0 1.4 0 0 8.7 0 0 0 0 0 1359.9 0
0 7 8 12 3 10
0 0 0 538.9 0 0 0 12.3 687.2 0 618.2 0 368.4
0 6 4 9
0 0 0 0 1474.8 0 453.5 0 0 296.7 0 0 0
**********2022-06-02 12:23:26**********
41154.477 41217.734 0.153 89.401 657.799 
0 1 2 11 5
0 855.0 1.4 0 0 8.7 0 0 0 0 0 1359.9 0
0 7 8 12 3 10
0 0 0 538.9 0 0 0 12.3 687.2 0 618.2 0 368.4
0 6 4 9
0 0 0 0 1474.8 0 453.5 0 0 296.7 0 0 0
**********2022-06-02 12:23:34**********
41154.477 41217.734 0.153 89.401 665.492 
0 1 2 11 5
0 855.0 1.4 0 0 8.7 0 0 0 0 0 1359.9 0
0 7 8 12 3 10
0 0 0 538.9 0 0 0 12.3 687.2 0 618.2 0 368.4
0 6 4 9
0 0 0 0 1474.8 0 453.5 0 0 296.7 0 0 0
**********2022-06-02 12:23:43**********
41154.491 41217.734 0.153 89.401 674.648 
0 1 2 11 5
0 855.0 1.4 0 0 8.7 0 0 0 0 0 1359.9 0
0 7 8 12 3 10
0 0 0 538.9 0 0 0 12.3 687.2 0 618.2 0 368.4
0 6 4 9
0 0 0 0 1474.8 0 453.5 0 0 296.7 0 0 0
**********2022-06-02 12:23:46**********
41154.494 41217.734 0.153 89.401 677.654 
0 1 2 11 5
0 855.0 1.4 0 0 8.7 0 0 0 0 0 1359.9 0
0 7 8 12 3 10
0 0 0 538.9 0 0 0 12.3 687.2 0 618.2 0 368.4
0 6 4 9
0 0 0 0 1474.8 0 453.5 0 0 296.7 0 0 0
**********2022-06-02 12:23:52**********
41154.506 41217.734 0.153 89.401 683.57 
0 1 2 11 5
0 855.0 1.4 0 0 8.7 0 0 0 0 0 1359.9 0
0 7 8 12 3 10
0 0 0 538.9 0 0 0 12.3 687.2 0 618.2 0 368.4
0 6 4 9
0 0 0 0 1474.8 0 453.5 0 0 296.7 0 0 0
**********2022-06-02 12:24:01**********
41154.542 41217.734 0.153 89.401 693.315 
0 1 2 11 5
0 855.0 1.4 0 0 8.7 0 0 0 0 0 1359.9 0
0 7 8 12 3 10
0 0 0 538.9 0 0 0 12.3 687.2 0 618.2 0 368.4
0 6 4 9
0 0 0 0 1474.8 0 453.5 0 0 296.7 0 0 0
**********2022-06-02 12:24:08**********
41154.547 41217.734 0.153 89.401 699.709 
0 1 2 11 5
0 855.0 1.4 0 0 8.7 0 0 0 0 0 1359.9 0
0 7 8 12 3 10
0 0 0 538.9 0 0 0 12.3 687.2 0 618.2 0 368.4
0 6 4 9
0 0 0 0 1474.8 0 453.5 0 0 296.7 0 0 0
**********2022-06-02 12:24:15**********
41154.547 41217.734 0.153 89.401 707.276 
0 1 2 11 5
0 855.0 1.4 0 0 8.7 0 0 0 0 0 1359.9 0
0 7 8 12 3 10
0 0 0 538.9 0 0 0 12.3 687.2 0 618.2 0 368.4
0 6 4 9
0 0 0 0 1474.8 0 453.5 0 0 296.7 0 0 0
**********2022-06-02 12:24:23**********
41154.547 41217.734 0.153 89.401 714.473 
0 1 2 11 5
0 855.0 1.4 0 0 8.7 0 0 0 0 0 1359.9 0
0 7 8 12 3 10
0 0 0 538.9 0 0 0 12.3 687.2 0 618.2 0 368.4
0 6 4 9
0 0 0 0 1474.8 0 453.5 0 0 296.7 0 0 0
**********2022-06-02 12:24:28**********
41154.588 41217.734 0.153 89.401 719.998 
0 1 2 11 5
0 855.0 1.4 0 0 8.7 0 0 0 0 0 1359.9 0
0 7 8 12 3 10
0 0 0 538.9 0 0 0 12.3 687.2 0 618.2 0 368.4
0 6 4 9
0 0 0 0 1474.8 0 453.5 0 0 296.7 0 0 0
**********2022-06-02 12:24:36**********
41154.588 41217.734 0.153 89.401 727.567 
0 1 2 11 5
0 855.0 1.4 0 0 8.7 0 0 0 0 0 1359.9 0
0 7 8 12 3 10
0 0 0 538.9 0 0 0 12.3 687.2 0 618.2 0 368.4
0 6 4 9
0 0 0 0 1474.8 0 453.5 0 0 296.7 0 0 0
**********2022-06-02 12:24:43**********
41154.665 41217.734 0.153 89.401 734.424 
0 1 2 11 5
0 855.0 1.4 0 0 8.7 0 0 0 0 0 1359.9 0
0 7 8 12 3 10
0 0 0 538.9 0 0 0 12.3 687.2 0 618.2 0 368.4
0 6 4 9
0 0 0 0 1474.8 0 453.5 0 0 296.7 0 0 0
**********2022-06-02 12:24:50**********
41154.712 41217.734 0.153 89.401 741.557 
0 1 2 11 5
0 855.0 1.4 0 0 8.7 0 0 0 0 0 1359.9 0
0 7 8 12 3 10
0 0 0 538.9 0 0 0 12.3 687.2 0 618.2 0 368.4
0 6 4 9
0 0 0 0 1474.8 0 453.5 0 0 296.7 0 0 0
**********2022-06-02 12:24:52**********
41154.712 41217.734 0.153 89.401 743.643 
0 1 2 11 5
0 855.0 1.4 0 0 8.7 0 0 0 0 0 1359.9 0
0 7 8 12 3 10
0 0 0 538.9 0 0 0 12.3 687.2 0 618.2 0 368.4
0 6 4 9
0 0 0 0 1474.8 0 453.5 0 0 296.7 0 0 0
**********2022-06-02 12:24:57**********
41154.712 41217.734 0.153 89.401 749.15 
0 1 2 11 5
0 855.0 1.4 0 0 8.7 0 0 0 0 0 1359.9 0
0 7 8 12 3 10
0 0 0 538.9 0 0 0 12.3 687.2 0 618.2 0 368.4
0 6 4 9
0 0 0 0 1474.8 0 453.5 0 0 296.7 0 0 0
**********2022-06-02 12:25:02**********
41154.712 41217.734 0.153 89.401 754.276 
0 1 2 11 5
0 855.0 1.4 0 0 8.7 0 0 0 0 0 1359.9 0
0 7 8 12 3 10
0 0 0 538.9 0 0 0 12.3 687.2 0 618.2 0 368.4
0 6 4 9
0 0 0 0 1474.8 0 453.5 0 0 296.7 0 0 0
**********2022-06-02 12:25:08**********
41154.712 41217.734 0.153 89.401 760.189 
0 1 2 11 5
0 855.0 1.4 0 0 8.7 0 0 0 0 0 1359.9 0
0 7 8 12 3 10
0 0 0 538.9 0 0 0 12.3 687.2 0 618.2 0 368.4
0 6 4 9
0 0 0 0 1474.8 0 453.5 0 0 296.7 0 0 0
**********2022-06-02 12:25:14**********
41154.716 41217.734 0.153 89.401 766.183 
0 1 2 11 5
0 855.0 1.4 0 0 8.7 0 0 0 0 0 1359.9 0
0 7 8 12 3 10
0 0 0 538.9 0 0 0 12.3 687.2 0 618.2 0 368.4
0 6 4 9
0 0 0 0 1474.8 0 453.5 0 0 296.7 0 0 0
**********2022-06-02 12:25:21**********
41154.716 41217.734 0.153 89.401 772.819 
0 1 2 11 5
0 855.0 1.4 0 0 8.7 0 0 0 0 0 1359.9 0
0 7 8 12 3 10
0 0 0 538.9 0 0 0 12.3 687.2 0 618.2 0 368.4
0 6 4 9
0 0 0 0 1474.8 0 453.5 0 0 296.7 0 0 0
**********2022-06-02 12:25:27**********
41154.725 41217.734 0.153 89.401 778.725 
0 1 2 11 5
0 855.0 1.4 0 0 8.7 0 0 0 0 0 1359.9 0
0 7 8 12 3 10
0 0 0 538.9 0 0 0 12.3 687.2 0 618.2 0 368.4
0 6 4 9
0 0 0 0 1474.8 0 453.5 0 0 296.7 0 0 0
**********2022-06-02 12:25:34**********
41154.725 41217.734 0.153 89.401 785.541 
0 1 2 11 5
0 855.0 1.4 0 0 8.7 0 0 0 0 0 1359.9 0
0 7 8 12 3 10
0 0 0 538.9 0 0 0 12.3 687.2 0 618.2 0 368.4
0 6 4 9
0 0 0 0 1474.8 0 453.5 0 0 296.7 0 0 0
**********2022-06-02 12:25:40**********
41154.734 41217.734 0.153 89.401 791.427 
0 1 2 11 5
0 855.0 1.4 0 0 8.7 0 0 0 0 0 1359.9 0
0 7 8 12 3 10
0 0 0 538.9 0 0 0 12.3 687.2 0 618.2 0 368.4
0 6 4 9
0 0 0 0 1474.8 0 453.5 0 0 296.7 0 0 0
**********2022-06-02 12:25:48**********
41154.734 41217.734 0.153 89.401 799.613 
0 1 2 11 5
0 855.0 1.4 0 0 8.7 0 0 0 0 0 1359.9 0
0 7 8 12 3 10
0 0 0 538.9 0 0 0 12.3 687.2 0 618.2 0 368.4
0 6 4 9
0 0 0 0 1474.8 0 453.5 0 0 296.7 0 0 0
**********2022-06-02 12:25:56**********
41154.741 41215.848 0.148 807.991 807.991 
0 6 4 9
0 0 0 0 1474.8 0 453.5 0 0 296.7 0 0 0
0 3 8 7 12 10
0 0 0 538.9 0 0 0 12.3 687.2 0 618.2 0 368.4
0 1 5 11 2
0 855.0 1.4 0.0 0.0 8.7 0.0 0.0 0.0 0.0 0.0 1359.9 0.0
**********2022-06-02 12:26:00**********
41154.741 41215.848 0.148 807.991 812.159 
0 6 4 9
0 0 0 0 1474.8 0 453.5 0 0 296.7 0 0 0
0 3 8 7 12 10
0 0 0 538.9 0 0 0 12.3 687.2 0 618.2 0 368.4
0 1 5 11 2
0 855.0 1.4 0.0 0.0 8.7 0.0 0.0 0.0 0.0 0.0 1359.9 0.0
**********2022-06-02 12:26:05**********
41154.744 41215.848 0.148 807.991 816.381 
0 6 4 9
0 0 0 0 1474.8 0 453.5 0 0 296.7 0 0 0
0 3 8 7 12 10
0 0 0 538.9 0 0 0 12.3 687.2 0 618.2 0 368.4
0 1 5 11 2
0 855.0 1.4 0.0 0.0 8.7 0.0 0.0 0.0 0.0 0.0 1359.9 0.0
**********2022-06-02 12:26:09**********
41154.744 41215.848 0.148 807.991 821.31 
0 6 4 9
0 0 0 0 1474.8 0 453.5 0 0 296.7 0 0 0
0 3 8 7 12 10
0 0 0 538.9 0 0 0 12.3 687.2 0 618.2 0 368.4
0 1 5 11 2
0 855.0 1.4 0.0 0.0 8.7 0.0 0.0 0.0 0.0 0.0 1359.9 0.0
**********2022-06-02 12:26:11**********
41154.744 41215.848 0.148 807.991 823.356 
0 6 4 9
0 0 0 0 1474.8 0 453.5 0 0 296.7 0 0 0
0 3 8 7 12 10
0 0 0 538.9 0 0 0 12.3 687.2 0 618.2 0 368.4
0 1 5 11 2
0 855.0 1.4 0.0 0.0 8.7 0.0 0.0 0.0 0.0 0.0 1359.9 0.0
**********2022-06-02 12:26:17**********
41154.744 41215.848 0.148 807.991 828.452 
0 6 4 9
0 0 0 0 1474.8 0 453.5 0 0 296.7 0 0 0
0 3 8 7 12 10
0 0 0 538.9 0 0 0 12.3 687.2 0 618.2 0 368.4
0 1 5 11 2
0 855.0 1.4 0.0 0.0 8.7 0.0 0.0 0.0 0.0 0.0 1359.9 0.0
**********2022-06-02 12:26:22**********
41154.744 41215.848 0.148 807.991 833.486 
0 6 4 9
0 0 0 0 1474.8 0 453.5 0 0 296.7 0 0 0
0 3 8 7 12 10
0 0 0 538.9 0 0 0 12.3 687.2 0 618.2 0 368.4
0 1 5 11 2
0 855.0 1.4 0.0 0.0 8.7 0.0 0.0 0.0 0.0 0.0 1359.9 0.0
**********2022-06-02 12:26:27**********
41154.744 41215.848 0.148 807.991 838.51 
0 6 4 9
0 0 0 0 1474.8 0 453.5 0 0 296.7 0 0 0
0 3 8 7 12 10
0 0 0 538.9 0 0 0 12.3 687.2 0 618.2 0 368.4
0 1 5 11 2
0 855.0 1.4 0.0 0.0 8.7 0.0 0.0 0.0 0.0 0.0 1359.9 0.0
**********2022-06-02 12:26:33**********
41154.755 41215.848 0.148 807.991 844.501 
0 6 4 9
0 0 0 0 1474.8 0 453.5 0 0 296.7 0 0 0
0 3 8 7 12 10
0 0 0 538.9 0 0 0 12.3 687.2 0 618.2 0 368.4
0 1 5 11 2
0 855.0 1.4 0.0 0.0 8.7 0.0 0.0 0.0 0.0 0.0 1359.9 0.0
**********2022-06-02 12:26:38**********
41154.767 41215.848 0.148 807.991 850.342 
0 6 4 9
0 0 0 0 1474.8 0 453.5 0 0 296.7 0 0 0
0 3 8 7 12 10
0 0 0 538.9 0 0 0 12.3 687.2 0 618.2 0 368.4
0 1 5 11 2
0 855.0 1.4 0.0 0.0 8.7 0.0 0.0 0.0 0.0 0.0 1359.9 0.0
**********2022-06-02 12:26:45**********
41154.769 41215.848 0.148 807.991 856.905 
0 6 4 9
0 0 0 0 1474.8 0 453.5 0 0 296.7 0 0 0
0 3 8 7 12 10
0 0 0 538.9 0 0 0 12.3 687.2 0 618.2 0 368.4
0 1 5 11 2
0 855.0 1.4 0.0 0.0 8.7 0.0 0.0 0.0 0.0 0.0 1359.9 0.0
**********2022-06-02 12:26:51**********
41154.769 41215.848 0.148 807.991 863.2 
0 6 4 9
0 0 0 0 1474.8 0 453.5 0 0 296.7 0 0 0
0 3 8 7 12 10
0 0 0 538.9 0 0 0 12.3 687.2 0 618.2 0 368.4
0 1 5 11 2
0 855.0 1.4 0.0 0.0 8.7 0.0 0.0 0.0 0.0 0.0 1359.9 0.0
**********2022-06-02 12:26:57**********
41154.769 41215.848 0.148 807.991 868.702 
0 6 4 9
0 0 0 0 1474.8 0 453.5 0 0 296.7 0 0 0
0 3 8 7 12 10
0 0 0 538.9 0 0 0 12.3 687.2 0 618.2 0 368.4
0 1 5 11 2
0 855.0 1.4 0.0 0.0 8.7 0.0 0.0 0.0 0.0 0.0 1359.9 0.0
**********2022-06-02 12:27:03**********
41154.771 41215.848 0.148 807.991 875.108 
0 6 4 9
0 0 0 0 1474.8 0 453.5 0 0 296.7 0 0 0
0 3 8 7 12 10
0 0 0 538.9 0 0 0 12.3 687.2 0 618.2 0 368.4
0 1 5 11 2
0 855.0 1.4 0.0 0.0 8.7 0.0 0.0 0.0 0.0 0.0 1359.9 0.0
**********2022-06-02 12:27:11**********
41154.771 41215.848 0.148 807.991 882.846 
0 6 4 9
0 0 0 0 1474.8 0 453.5 0 0 296.7 0 0 0
0 3 8 7 12 10
0 0 0 538.9 0 0 0 12.3 687.2 0 618.2 0 368.4
0 1 5 11 2
0 855.0 1.4 0.0 0.0 8.7 0.0 0.0 0.0 0.0 0.0 1359.9 0.0
**********2022-06-02 12:27:18**********
41154.797 41215.848 0.148 807.991 890.181 
0 6 4 9
0 0 0 0 1474.8 0 453.5 0 0 296.7 0 0 0
0 3 8 7 12 10
0 0 0 538.9 0 0 0 12.3 687.2 0 618.2 0 368.4
0 1 5 11 2
0 855.0 1.4 0.0 0.0 8.7 0.0 0.0 0.0 0.0 0.0 1359.9 0.0
**********2022-06-02 12:27:22**********
41154.797 41215.848 0.148 807.991 894.09 
0 6 4 9
0 0 0 0 1474.8 0 453.5 0 0 296.7 0 0 0
0 3 8 7 12 10
0 0 0 538.9 0 0 0 12.3 687.2 0 618.2 0 368.4
0 1 5 11 2
0 855.0 1.4 0.0 0.0 8.7 0.0 0.0 0.0 0.0 0.0 1359.9 0.0
**********2022-06-02 12:27:26**********
41154.811 41215.848 0.148 807.991 897.823 
0 6 4 9
0 0 0 0 1474.8 0 453.5 0 0 296.7 0 0 0
0 3 8 7 12 10
0 0 0 538.9 0 0 0 12.3 687.2 0 618.2 0 368.4
0 1 5 11 2
0 855.0 1.4 0.0 0.0 8.7 0.0 0.0 0.0 0.0 0.0 1359.9 0.0
**********2022-06-02 12:27:32**********
41154.811 41215.848 0.148 807.991 903.846 
0 6 4 9
0 0 0 0 1474.8 0 453.5 0 0 296.7 0 0 0
0 3 8 7 12 10
0 0 0 538.9 0 0 0 12.3 687.2 0 618.2 0 368.4
0 1 5 11 2
0 855.0 1.4 0.0 0.0 8.7 0.0 0.0 0.0 0.0 0.0 1359.9 0.0
**********2022-06-02 12:27:38**********
41154.811 41215.848 0.148 807.991 910.339 
0 6 4 9
0 0 0 0 1474.8 0 453.5 0 0 296.7 0 0 0
0 3 8 7 12 10
0 0 0 538.9 0 0 0 12.3 687.2 0 618.2 0 368.4
0 1 5 11 2
0 855.0 1.4 0.0 0.0 8.7 0.0 0.0 0.0 0.0 0.0 1359.9 0.0
**********2022-06-02 12:27:45**********
41154.811 41215.848 0.148 807.991 916.712 
0 6 4 9
0 0 0 0 1474.8 0 453.5 0 0 296.7 0 0 0
0 3 8 7 12 10
0 0 0 538.9 0 0 0 12.3 687.2 0 618.2 0 368.4
0 1 5 11 2
0 855.0 1.4 0.0 0.0 8.7 0.0 0.0 0.0 0.0 0.0 1359.9 0.0
**********2022-06-02 12:27:50**********
41154.815 41215.848 0.148 807.991 921.944 
0 6 4 9
0 0 0 0 1474.8 0 453.5 0 0 296.7 0 0 0
0 3 8 7 12 10
0 0 0 538.9 0 0 0 12.3 687.2 0 618.2 0 368.4
0 1 5 11 2
0 855.0 1.4 0.0 0.0 8.7 0.0 0.0 0.0 0.0 0.0 1359.9 0.0
**********2022-06-02 12:27:56**********
41154.815 41215.848 0.148 807.991 927.778 
0 6 4 9
0 0 0 0 1474.8 0 453.5 0 0 296.7 0 0 0
0 3 8 7 12 10
0 0 0 538.9 0 0 0 12.3 687.2 0 618.2 0 368.4
0 1 5 11 2
0 855.0 1.4 0.0 0.0 8.7 0.0 0.0 0.0 0.0 0.0 1359.9 0.0
**********2022-06-02 12:28:03**********
41154.815 41215.848 0.148 807.991 934.378 
0 6 4 9
0 0 0 0 1474.8 0 453.5 0 0 296.7 0 0 0
0 3 8 7 12 10
0 0 0 538.9 0 0 0 12.3 687.2 0 618.2 0 368.4
0 1 5 11 2
0 855.0 1.4 0.0 0.0 8.7 0.0 0.0 0.0 0.0 0.0 1359.9 0.0
**********2022-06-02 12:28:09**********
41154.842 41215.848 0.148 807.991 941.041 
0 6 4 9
0 0 0 0 1474.8 0 453.5 0 0 296.7 0 0 0
0 3 8 7 12 10
0 0 0 538.9 0 0 0 12.3 687.2 0 618.2 0 368.4
0 1 5 11 2
0 855.0 1.4 0.0 0.0 8.7 0.0 0.0 0.0 0.0 0.0 1359.9 0.0
**********2022-06-02 12:28:16**********
41154.842 41215.848 0.148 807.991 947.416 
0 6 4 9
0 0 0 0 1474.8 0 453.5 0 0 296.7 0 0 0
0 3 8 7 12 10
0 0 0 538.9 0 0 0 12.3 687.2 0 618.2 0 368.4
0 1 5 11 2
0 855.0 1.4 0.0 0.0 8.7 0.0 0.0 0.0 0.0 0.0 1359.9 0.0
**********2022-06-02 12:28:21**********
41154.878 41215.848 0.148 807.991 952.754 
0 6 4 9
0 0 0 0 1474.8 0 453.5 0 0 296.7 0 0 0
0 3 8 7 12 10
0 0 0 538.9 0 0 0 12.3 687.2 0 618.2 0 368.4
0 1 5 11 2
0 855.0 1.4 0.0 0.0 8.7 0.0 0.0 0.0 0.0 0.0 1359.9 0.0
**********2022-06-02 12:28:28**********
41154.878 41215.848 0.148 807.991 959.771 
0 6 4 9
0 0 0 0 1474.8 0 453.5 0 0 296.7 0 0 0
0 3 8 7 12 10
0 0 0 538.9 0 0 0 12.3 687.2 0 618.2 0 368.4
0 1 5 11 2
0 855.0 1.4 0.0 0.0 8.7 0.0 0.0 0.0 0.0 0.0 1359.9 0.0
**********2022-06-02 12:28:34**********
41154.919 41215.848 0.148 807.991 966.296 
0 6 4 9
0 0 0 0 1474.8 0 453.5 0 0 296.7 0 0 0
0 3 8 7 12 10
0 0 0 538.9 0 0 0 12.3 687.2 0 618.2 0 368.4
0 1 5 11 2
0 855.0 1.4 0.0 0.0 8.7 0.0 0.0 0.0 0.0 0.0 1359.9 0.0
**********2022-06-02 12:28:41**********
41154.965 41215.848 0.148 807.991 973.096 
0 6 4 9
0 0 0 0 1474.8 0 453.5 0 0 296.7 0 0 0
0 3 8 7 12 10
0 0 0 538.9 0 0 0 12.3 687.2 0 618.2 0 368.4
0 1 5 11 2
0 855.0 1.4 0.0 0.0 8.7 0.0 0.0 0.0 0.0 0.0 1359.9 0.0
**********2022-06-02 12:28:49**********
41154.968 41215.848 0.148 807.991 981.155 
0 6 4 9
0 0 0 0 1474.8 0 453.5 0 0 296.7 0 0 0
0 3 8 7 12 10
0 0 0 538.9 0 0 0 12.3 687.2 0 618.2 0 368.4
0 1 5 11 2
0 855.0 1.4 0.0 0.0 8.7 0.0 0.0 0.0 0.0 0.0 1359.9 0.0
**********2022-06-02 12:28:55**********
41154.973 41215.848 0.148 807.991 986.515 
0 6 4 9
0 0 0 0 1474.8 0 453.5 0 0 296.7 0 0 0
0 3 8 7 12 10
0 0 0 538.9 0 0 0 12.3 687.2 0 618.2 0 368.4
0 1 5 11 2
0 855.0 1.4 0.0 0.0 8.7 0.0 0.0 0.0 0.0 0.0 1359.9 0.0
**********2022-06-02 12:29:01**********
41155.003 41215.848 0.148 807.991 992.392 
0 6 4 9
0 0 0 0 1474.8 0 453.5 0 0 296.7 0 0 0
0 3 8 7 12 10
0 0 0 538.9 0 0 0 12.3 687.2 0 618.2 0 368.4
0 1 5 11 2
0 855.0 1.4 0.0 0.0 8.7 0.0 0.0 0.0 0.0 0.0 1359.9 0.0
**********2022-06-02 12:29:04**********
41155.034 41215.848 0.148 807.991 995.845 
0 6 4 9
0 0 0 0 1474.8 0 453.5 0 0 296.7 0 0 0
0 3 8 7 12 10
0 0 0 538.9 0 0 0 12.3 687.2 0 618.2 0 368.4
0 1 5 11 2
0 855.0 1.4 0.0 0.0 8.7 0.0 0.0 0.0 0.0 0.0 1359.9 0.0
**********2022-06-02 12:29:06**********
41155.034 41215.848 0.148 807.991 997.879 
0 6 4 9
0 0 0 0 1474.8 0 453.5 0 0 296.7 0 0 0
0 3 8 7 12 10
0 0 0 538.9 0 0 0 12.3 687.2 0 618.2 0 368.4
0 1 5 11 2
0 855.0 1.4 0.0 0.0 8.7 0.0 0.0 0.0 0.0 0.0 1359.9 0.0
**********2022-06-02 12:29:13**********
41155.034 41215.848 0.148 807.991 1004.568 
0 6 4 9
0 0 0 0 1474.8 0 453.5 0 0 296.7 0 0 0
0 3 8 7 12 10
0 0 0 538.9 0 0 0 12.3 687.2 0 618.2 0 368.4
0 1 5 11 2
0 855.0 1.4 0.0 0.0 8.7 0.0 0.0 0.0 0.0 0.0 1359.9 0.0
**********2022-06-02 12:29:19**********
41155.034 41215.848 0.148 807.991 1010.507 
0 6 4 9
0 0 0 0 1474.8 0 453.5 0 0 296.7 0 0 0
0 3 8 7 12 10
0 0 0 538.9 0 0 0 12.3 687.2 0 618.2 0 368.4
0 1 5 11 2
0 855.0 1.4 0.0 0.0 8.7 0.0 0.0 0.0 0.0 0.0 1359.9 0.0
**********2022-06-13 13:07:24**********
104849.432 104850.973 0.001 70.527 70.529 
0 10
0 0 0 0 0 0 0 0 0 0 5534.0 0 0
0 5 11 8
0 0.0 0.0 0.0 0.0 29.3 0.0 0.0 25.6 0.0 0.0 5479.1 0.0
0 2 9 3 7 4 12 1 6
0 610.3 1576.5 427.0 75.9 0.0 510.6 433.0 0.0 1055.7 0.0 0.0 845.0
**********2024-02-15 00:17:11**********
104849.432 104849.432 0.0 85.411 85.412 1 506.0 
0 10
0 0 0 0 0 0 0 0 0 0 5534.0 0 0
0 5 11 8
0 0.0 0.0 0.0 0.0 29.3 0.0 0.0 25.6 0.0 0.0 5479.1 0.0
0 4 12 7 9 2 6 3 1
0 610.3 1576.5 427.0 75.9 0.0 510.6 433.0 0.0 1055.7 0.0 0.0 845.0
