**********2022-05-23 22:52:19**********
60203.538 60246.078 0.071 20.049 20.049 
0 7 5 2 11
0 0 436.3 0 0 589.3 0 872.2 0 0 0 8310.2 0
0 4 12 3 9 1 6
0 1121.2 0.0 1546.2 111.3 0.0 485.2 0.0 0.0 4991.2 0.0 0.0 1952.9
0 8 10
0 0.0 0.0 0.0 0.0 0.0 0.0 0.0 0.0 0.0 10208.0 0.0 0.0
**********2022-05-23 22:52:25**********
60203.538 60246.078 0.071 20.049 26.536 
0 7 5 2 11
0 0 436.3 0 0 589.3 0 872.2 0 0 0 8310.2 0
0 4 12 3 9 1 6
0 1121.2 0.0 1546.2 111.3 0.0 485.2 0.0 0.0 4991.2 0.0 0.0 1952.9
0 8 10
0 0.0 0.0 0.0 0.0 0.0 0.0 0.0 0.0 0.0 10208.0 0.0 0.0
**********2022-05-23 22:52:34**********
60203.538 60246.078 0.071 20.049 35.158 
0 7 5 2 11
0 0 436.3 0 0 589.3 0 872.2 0 0 0 8310.2 0
0 4 12 3 9 1 6
0 1121.2 0.0 1546.2 111.3 0.0 485.2 0.0 0.0 4991.2 0.0 0.0 1952.9
0 8 10
0 0.0 0.0 0.0 0.0 0.0 0.0 0.0 0.0 0.0 10208.0 0.0 0.0
**********2022-05-23 22:52:42**********
60204.525 60246.078 0.069 20.049 43.519 
0 7 5 2 11
0 0 436.3 0 0 589.3 0 872.2 0 0 0 8310.2 0
0 4 12 3 9 1 6
0 1121.2 0.0 1546.2 111.3 0.0 485.2 0.0 0.0 4991.2 0.0 0.0 1952.9
0 8 10
0 0.0 0.0 0.0 0.0 0.0 0.0 0.0 0.0 0.0 10208.0 0.0 0.0
**********2022-05-23 22:52:49**********
60204.791 60236.612 0.053 49.942 49.942 
0 4 11 5 1
0 1122.4 0.0 0.0 111.4 594.3 0.0 0.0 0.0 0.0 0.0 8379.9 0.0
0 8 10
0 0.0 0.0 0.0 0.0 0.0 0.0 0.0 0.0 0.0 10208.0 0.0 0.0
0 3 9 7 6 12 2
0 0.0 435.9 1533.3 0.0 0.0 481.2 871.3 0.0 4949.7 0.0 0.0 1936.6
**********2022-05-23 22:52:54**********
60204.791 60236.612 0.053 49.942 54.976 
0 4 11 5 1
0 1122.4 0.0 0.0 111.4 594.3 0.0 0.0 0.0 0.0 0.0 8379.9 0.0
0 8 10
0 0.0 0.0 0.0 0.0 0.0 0.0 0.0 0.0 0.0 10208.0 0.0 0.0
0 3 9 7 6 12 2
0 0.0 435.9 1533.3 0.0 0.0 481.2 871.3 0.0 4949.7 0.0 0.0 1936.6
**********2022-05-23 22:52:59**********
60204.855 60232.723 0.046 60.469 60.469 
0 10
0 0 0 0 0 0 0 0 0 0 10208.0 0 0
0 3 9 7 6 12 2
0 0.0 435.9 1533.3 0.0 0.0 481.2 871.3 0.0 4949.7 0.0 0.0 1936.6
0 4 8 1 5 11
0 1122.4 0.0 0.0 111.4 594.3 0.0 -0.0 0.0 0.0 0.0 8379.9 0.0
**********2022-05-23 22:53:09**********
60205.625 60232.723 0.045 60.469 69.815 
0 10
0 0 0 0 0 0 0 0 0 0 10208.0 0 0
0 3 9 7 6 12 2
0 0.0 435.9 1533.3 0.0 0.0 481.2 871.3 0.0 4949.7 0.0 0.0 1936.6
0 4 8 1 5 11
0 1122.4 0.0 0.0 111.4 594.3 0.0 -0.0 0.0 0.0 0.0 8379.9 0.0
**********2022-05-23 22:53:16**********
60205.661 60232.723 0.045 60.469 77.124 
0 10
0 0 0 0 0 0 0 0 0 0 10208.0 0 0
0 3 9 7 6 12 2
0 0.0 435.9 1533.3 0.0 0.0 481.2 871.3 0.0 4949.7 0.0 0.0 1936.6
0 4 8 1 5 11
0 1122.4 0.0 0.0 111.4 594.3 0.0 -0.0 0.0 0.0 0.0 8379.9 0.0
**********2022-05-23 22:53:23**********
60205.661 60232.723 0.045 60.469 84.112 
0 10
0 0 0 0 0 0 0 0 0 0 10208.0 0 0
0 3 9 7 6 12 2
0 0.0 435.9 1533.3 0.0 0.0 481.2 871.3 0.0 4949.7 0.0 0.0 1936.6
0 4 8 1 5 11
0 1122.4 0.0 0.0 111.4 594.3 0.0 -0.0 0.0 0.0 0.0 8379.9 0.0
**********2022-05-23 22:53:30**********
60205.689 60232.723 0.045 60.469 91.49 
0 10
0 0 0 0 0 0 0 0 0 0 10208.0 0 0
0 3 9 7 6 12 2
0 0.0 435.9 1533.3 0.0 0.0 481.2 871.3 0.0 4949.7 0.0 0.0 1936.6
0 4 8 1 5 11
0 1122.4 0.0 0.0 111.4 594.3 0.0 -0.0 0.0 0.0 0.0 8379.9 0.0
**********2022-05-23 22:53:38**********
60205.689 60232.723 0.045 60.469 98.918 
0 10
0 0 0 0 0 0 0 0 0 0 10208.0 0 0
0 3 9 7 6 12 2
0 0.0 435.9 1533.3 0.0 0.0 481.2 871.3 0.0 4949.7 0.0 0.0 1936.6
0 4 8 1 5 11
0 1122.4 0.0 0.0 111.4 594.3 0.0 -0.0 0.0 0.0 0.0 8379.9 0.0
**********2022-05-23 22:53:46**********
60205.689 60232.723 0.045 60.469 106.708 
0 10
0 0 0 0 0 0 0 0 0 0 10208.0 0 0
0 3 9 7 6 12 2
0 0.0 435.9 1533.3 0.0 0.0 481.2 871.3 0.0 4949.7 0.0 0.0 1936.6
0 4 8 1 5 11
0 1122.4 0.0 0.0 111.4 594.3 0.0 -0.0 0.0 0.0 0.0 8379.9 0.0
**********2022-05-23 22:53:54**********
60205.751 60232.723 0.045 60.469 115.281 
0 10
0 0 0 0 0 0 0 0 0 0 10208.0 0 0
0 3 9 7 6 12 2
0 0.0 435.9 1533.3 0.0 0.0 481.2 871.3 0.0 4949.7 0.0 0.0 1936.6
0 4 8 1 5 11
0 1122.4 0.0 0.0 111.4 594.3 0.0 -0.0 0.0 0.0 0.0 8379.9 0.0
**********2022-05-23 22:54:01**********
60205.751 60232.723 0.045 60.469 122.541 
0 10
0 0 0 0 0 0 0 0 0 0 10208.0 0 0
0 3 9 7 6 12 2
0 0.0 435.9 1533.3 0.0 0.0 481.2 871.3 0.0 4949.7 0.0 0.0 1936.6
0 4 8 1 5 11
0 1122.4 0.0 0.0 111.4 594.3 0.0 -0.0 0.0 0.0 0.0 8379.9 0.0
**********2022-05-23 22:54:08**********
60205.751 60232.723 0.045 60.469 128.959 
0 10
0 0 0 0 0 0 0 0 0 0 10208.0 0 0
0 3 9 7 6 12 2
0 0.0 435.9 1533.3 0.0 0.0 481.2 871.3 0.0 4949.7 0.0 0.0 1936.6
0 4 8 1 5 11
0 1122.4 0.0 0.0 111.4 594.3 0.0 -0.0 0.0 0.0 0.0 8379.9 0.0
**********2022-05-23 22:54:16**********
60205.751 60232.723 0.045 60.469 136.604 
0 10
0 0 0 0 0 0 0 0 0 0 10208.0 0 0
0 3 9 7 6 12 2
0 0.0 435.9 1533.3 0.0 0.0 481.2 871.3 0.0 4949.7 0.0 0.0 1936.6
0 4 8 1 5 11
0 1122.4 0.0 0.0 111.4 594.3 0.0 -0.0 0.0 0.0 0.0 8379.9 0.0
**********2022-05-23 22:54:22**********
60205.751 60232.723 0.045 60.469 142.982 
0 10
0 0 0 0 0 0 0 0 0 0 10208.0 0 0
0 3 9 7 6 12 2
0 0.0 435.9 1533.3 0.0 0.0 481.2 871.3 0.0 4949.7 0.0 0.0 1936.6
0 4 8 1 5 11
0 1122.4 0.0 0.0 111.4 594.3 0.0 -0.0 0.0 0.0 0.0 8379.9 0.0
**********2022-05-23 22:54:28**********
60205.803 60232.723 0.045 60.469 148.843 
0 10
0 0 0 0 0 0 0 0 0 0 10208.0 0 0
0 3 9 7 6 12 2
0 0.0 435.9 1533.3 0.0 0.0 481.2 871.3 0.0 4949.7 0.0 0.0 1936.6
0 4 8 1 5 11
0 1122.4 0.0 0.0 111.4 594.3 0.0 -0.0 0.0 0.0 0.0 8379.9 0.0
**********2022-05-23 22:54:34**********
60205.803 60232.723 0.045 60.469 154.627 
0 10
0 0 0 0 0 0 0 0 0 0 10208.0 0 0
0 3 9 7 6 12 2
0 0.0 435.9 1533.3 0.0 0.0 481.2 871.3 0.0 4949.7 0.0 0.0 1936.6
0 4 8 1 5 11
0 1122.4 0.0 0.0 111.4 594.3 0.0 -0.0 0.0 0.0 0.0 8379.9 0.0
**********2022-05-23 22:54:38**********
60205.81 60232.723 0.045 60.469 159.261 
0 10
0 0 0 0 0 0 0 0 0 0 10208.0 0 0
0 3 9 7 6 12 2
0 0.0 435.9 1533.3 0.0 0.0 481.2 871.3 0.0 4949.7 0.0 0.0 1936.6
0 4 8 1 5 11
0 1122.4 0.0 0.0 111.4 594.3 0.0 -0.0 0.0 0.0 0.0 8379.9 0.0
**********2022-05-23 22:54:44**********
60205.925 60232.723 0.044 60.469 165.444 
0 10
0 0 0 0 0 0 0 0 0 0 10208.0 0 0
0 3 9 7 6 12 2
0 0.0 435.9 1533.3 0.0 0.0 481.2 871.3 0.0 4949.7 0.0 0.0 1936.6
0 4 8 1 5 11
0 1122.4 0.0 0.0 111.4 594.3 0.0 -0.0 0.0 0.0 0.0 8379.9 0.0
**********2022-05-23 22:54:50**********
60205.925 60232.723 0.044 60.469 171.255 
0 10
0 0 0 0 0 0 0 0 0 0 10208.0 0 0
0 3 9 7 6 12 2
0 0.0 435.9 1533.3 0.0 0.0 481.2 871.3 0.0 4949.7 0.0 0.0 1936.6
0 4 8 1 5 11
0 1122.4 0.0 0.0 111.4 594.3 0.0 -0.0 0.0 0.0 0.0 8379.9 0.0
**********2022-05-23 22:54:55**********
60205.925 60232.723 0.044 60.469 176.429 
0 10
0 0 0 0 0 0 0 0 0 0 10208.0 0 0
0 3 9 7 6 12 2
0 0.0 435.9 1533.3 0.0 0.0 481.2 871.3 0.0 4949.7 0.0 0.0 1936.6
0 4 8 1 5 11
0 1122.4 0.0 0.0 111.4 594.3 0.0 -0.0 0.0 0.0 0.0 8379.9 0.0
**********2022-05-23 22:55:00**********
60206.082 60232.723 0.044 60.469 180.633 
0 10
0 0 0 0 0 0 0 0 0 0 10208.0 0 0
0 3 9 7 6 12 2
0 0.0 435.9 1533.3 0.0 0.0 481.2 871.3 0.0 4949.7 0.0 0.0 1936.6
0 4 8 1 5 11
0 1122.4 0.0 0.0 111.4 594.3 0.0 -0.0 0.0 0.0 0.0 8379.9 0.0
**********2022-05-23 22:55:04**********
60206.131 60232.723 0.044 60.469 185.186 
0 10
0 0 0 0 0 0 0 0 0 0 10208.0 0 0
0 3 9 7 6 12 2
0 0.0 435.9 1533.3 0.0 0.0 481.2 871.3 0.0 4949.7 0.0 0.0 1936.6
0 4 8 1 5 11
0 1122.4 0.0 0.0 111.4 594.3 0.0 -0.0 0.0 0.0 0.0 8379.9 0.0
**********2022-05-23 22:55:12**********
60206.131 60232.723 0.044 60.469 192.876 
0 10
0 0 0 0 0 0 0 0 0 0 10208.0 0 0
0 3 9 7 6 12 2
0 0.0 435.9 1533.3 0.0 0.0 481.2 871.3 0.0 4949.7 0.0 0.0 1936.6
0 4 8 1 5 11
0 1122.4 0.0 0.0 111.4 594.3 0.0 -0.0 0.0 0.0 0.0 8379.9 0.0
**********2022-05-23 22:55:19**********
60206.149 60232.723 0.044 60.469 200.206 
0 10
0 0 0 0 0 0 0 0 0 0 10208.0 0 0
0 3 9 7 6 12 2
0 0.0 435.9 1533.3 0.0 0.0 481.2 871.3 0.0 4949.7 0.0 0.0 1936.6
0 4 8 1 5 11
0 1122.4 0.0 0.0 111.4 594.3 0.0 -0.0 0.0 0.0 0.0 8379.9 0.0
**********2022-05-23 22:55:27**********
60206.545 60232.723 0.043 60.469 208.256 
0 10
0 0 0 0 0 0 0 0 0 0 10208.0 0 0
0 3 9 7 6 12 2
0 0.0 435.9 1533.3 0.0 0.0 481.2 871.3 0.0 4949.7 0.0 0.0 1936.6
0 4 8 1 5 11
0 1122.4 0.0 0.0 111.4 594.3 0.0 -0.0 0.0 0.0 0.0 8379.9 0.0
**********2022-05-23 22:55:32**********
60206.545 60232.723 0.043 60.469 212.684 
0 10
0 0 0 0 0 0 0 0 0 0 10208.0 0 0
0 3 9 7 6 12 2
0 0.0 435.9 1533.3 0.0 0.0 481.2 871.3 0.0 4949.7 0.0 0.0 1936.6
0 4 8 1 5 11
0 1122.4 0.0 0.0 111.4 594.3 0.0 -0.0 0.0 0.0 0.0 8379.9 0.0
**********2022-05-23 22:55:36**********
60206.747 60232.723 0.043 60.469 217.046 
0 10
0 0 0 0 0 0 0 0 0 0 10208.0 0 0
0 3 9 7 6 12 2
0 0.0 435.9 1533.3 0.0 0.0 481.2 871.3 0.0 4949.7 0.0 0.0 1936.6
0 4 8 1 5 11
0 1122.4 0.0 0.0 111.4 594.3 0.0 -0.0 0.0 0.0 0.0 8379.9 0.0
**********2022-05-23 22:55:41**********
60206.747 60232.723 0.043 60.469 221.819 
0 10
0 0 0 0 0 0 0 0 0 0 10208.0 0 0
0 3 9 7 6 12 2
0 0.0 435.9 1533.3 0.0 0.0 481.2 871.3 0.0 4949.7 0.0 0.0 1936.6
0 4 8 1 5 11
0 1122.4 0.0 0.0 111.4 594.3 0.0 -0.0 0.0 0.0 0.0 8379.9 0.0
**********2022-05-23 22:55:45**********
60206.786 60232.723 0.043 60.469 225.919 
0 10
0 0 0 0 0 0 0 0 0 0 10208.0 0 0
0 3 9 7 6 12 2
0 0.0 435.9 1533.3 0.0 0.0 481.2 871.3 0.0 4949.7 0.0 0.0 1936.6
0 4 8 1 5 11
0 1122.4 0.0 0.0 111.4 594.3 0.0 -0.0 0.0 0.0 0.0 8379.9 0.0
**********2022-05-23 22:55:52**********
60206.786 60232.723 0.043 60.469 232.976 
0 10
0 0 0 0 0 0 0 0 0 0 10208.0 0 0
0 3 9 7 6 12 2
0 0.0 435.9 1533.3 0.0 0.0 481.2 871.3 0.0 4949.7 0.0 0.0 1936.6
0 4 8 1 5 11
0 1122.4 0.0 0.0 111.4 594.3 0.0 -0.0 0.0 0.0 0.0 8379.9 0.0
**********2022-05-23 22:55:58**********
60206.804 60232.723 0.043 60.469 239.46 
0 10
0 0 0 0 0 0 0 0 0 0 10208.0 0 0
0 3 9 7 6 12 2
0 0.0 435.9 1533.3 0.0 0.0 481.2 871.3 0.0 4949.7 0.0 0.0 1936.6
0 4 8 1 5 11
0 1122.4 0.0 0.0 111.4 594.3 0.0 -0.0 0.0 0.0 0.0 8379.9 0.0
**********2022-05-23 22:56:04**********
60206.804 60232.723 0.043 60.469 245.421 
0 10
0 0 0 0 0 0 0 0 0 0 10208.0 0 0
0 3 9 7 6 12 2
0 0.0 435.9 1533.3 0.0 0.0 481.2 871.3 0.0 4949.7 0.0 0.0 1936.6
0 4 8 1 5 11
0 1122.4 0.0 0.0 111.4 594.3 0.0 -0.0 0.0 0.0 0.0 8379.9 0.0
**********2022-05-23 22:56:10**********
60206.804 60232.723 0.043 60.469 250.786 
0 10
0 0 0 0 0 0 0 0 0 0 10208.0 0 0
0 3 9 7 6 12 2
0 0.0 435.9 1533.3 0.0 0.0 481.2 871.3 0.0 4949.7 0.0 0.0 1936.6
0 4 8 1 5 11
0 1122.4 0.0 0.0 111.4 594.3 0.0 -0.0 0.0 0.0 0.0 8379.9 0.0
**********2022-05-23 22:56:15**********
60206.804 60232.723 0.043 60.469 256.38 
0 10
0 0 0 0 0 0 0 0 0 0 10208.0 0 0
0 3 9 7 6 12 2
0 0.0 435.9 1533.3 0.0 0.0 481.2 871.3 0.0 4949.7 0.0 0.0 1936.6
0 4 8 1 5 11
0 1122.4 0.0 0.0 111.4 594.3 0.0 -0.0 0.0 0.0 0.0 8379.9 0.0
**********2022-05-23 22:56:20**********
60206.804 60232.723 0.043 60.469 261.167 
0 10
0 0 0 0 0 0 0 0 0 0 10208.0 0 0
0 3 9 7 6 12 2
0 0.0 435.9 1533.3 0.0 0.0 481.2 871.3 0.0 4949.7 0.0 0.0 1936.6
0 4 8 1 5 11
0 1122.4 0.0 0.0 111.4 594.3 0.0 -0.0 0.0 0.0 0.0 8379.9 0.0
**********2022-05-23 22:56:26**********
60206.804 60232.723 0.043 60.469 267.029 
0 10
0 0 0 0 0 0 0 0 0 0 10208.0 0 0
0 3 9 7 6 12 2
0 0.0 435.9 1533.3 0.0 0.0 481.2 871.3 0.0 4949.7 0.0 0.0 1936.6
0 4 8 1 5 11
0 1122.4 0.0 0.0 111.4 594.3 0.0 -0.0 0.0 0.0 0.0 8379.9 0.0
**********2022-05-23 22:56:34**********
60206.804 60232.723 0.043 60.469 275.091 
0 10
0 0 0 0 0 0 0 0 0 0 10208.0 0 0
0 3 9 7 6 12 2
0 0.0 435.9 1533.3 0.0 0.0 481.2 871.3 0.0 4949.7 0.0 0.0 1936.6
0 4 8 1 5 11
0 1122.4 0.0 0.0 111.4 594.3 0.0 -0.0 0.0 0.0 0.0 8379.9 0.0
**********2022-05-23 22:56:40**********
60206.807 60232.723 0.043 60.469 280.584 
0 10
0 0 0 0 0 0 0 0 0 0 10208.0 0 0
0 3 9 7 6 12 2
0 0.0 435.9 1533.3 0.0 0.0 481.2 871.3 0.0 4949.7 0.0 0.0 1936.6
0 4 8 1 5 11
0 1122.4 0.0 0.0 111.4 594.3 0.0 -0.0 0.0 0.0 0.0 8379.9 0.0
**********2022-05-23 22:56:41**********
60206.807 60232.723 0.043 60.469 281.73 
0 10
0 0 0 0 0 0 0 0 0 0 10208.0 0 0
0 3 9 7 6 12 2
0 0.0 435.9 1533.3 0.0 0.0 481.2 871.3 0.0 4949.7 0.0 0.0 1936.6
0 4 8 1 5 11
0 1122.4 0.0 0.0 111.4 594.3 0.0 -0.0 0.0 0.0 0.0 8379.9 0.0
**********2022-05-23 22:56:44**********
60206.807 60232.723 0.043 60.469 285.428 
0 10
0 0 0 0 0 0 0 0 0 0 10208.0 0 0
0 3 9 7 6 12 2
0 0.0 435.9 1533.3 0.0 0.0 481.2 871.3 0.0 4949.7 0.0 0.0 1936.6
0 4 8 1 5 11
0 1122.4 0.0 0.0 111.4 594.3 0.0 -0.0 0.0 0.0 0.0 8379.9 0.0
**********2022-05-23 22:56:48**********
60206.873 60232.723 0.043 60.469 288.92 
0 10
0 0 0 0 0 0 0 0 0 0 10208.0 0 0
0 3 9 7 6 12 2
0 0.0 435.9 1533.3 0.0 0.0 481.2 871.3 0.0 4949.7 0.0 0.0 1936.6
0 4 8 1 5 11
0 1122.4 0.0 0.0 111.4 594.3 0.0 -0.0 0.0 0.0 0.0 8379.9 0.0
**********2022-05-23 22:56:55**********
60206.961 60232.723 0.043 60.469 296.035 
0 10
0 0 0 0 0 0 0 0 0 0 10208.0 0 0
0 3 9 7 6 12 2
0 0.0 435.9 1533.3 0.0 0.0 481.2 871.3 0.0 4949.7 0.0 0.0 1936.6
0 4 8 1 5 11
0 1122.4 0.0 0.0 111.4 594.3 0.0 -0.0 0.0 0.0 0.0 8379.9 0.0
**********2022-05-23 22:57:03**********
60206.961 60232.723 0.043 60.469 304.034 
0 10
0 0 0 0 0 0 0 0 0 0 10208.0 0 0
0 3 9 7 6 12 2
0 0.0 435.9 1533.3 0.0 0.0 481.2 871.3 0.0 4949.7 0.0 0.0 1936.6
0 4 8 1 5 11
0 1122.4 0.0 0.0 111.4 594.3 0.0 -0.0 0.0 0.0 0.0 8379.9 0.0
**********2022-05-23 22:57:09**********
60206.985 60232.723 0.043 60.469 310.318 
0 10
0 0 0 0 0 0 0 0 0 0 10208.0 0 0
0 3 9 7 6 12 2
0 0.0 435.9 1533.3 0.0 0.0 481.2 871.3 0.0 4949.7 0.0 0.0 1936.6
0 4 8 1 5 11
0 1122.4 0.0 0.0 111.4 594.3 0.0 -0.0 0.0 0.0 0.0 8379.9 0.0
**********2022-05-23 22:57:18**********
60206.987 60232.723 0.043 60.469 318.59 
0 10
0 0 0 0 0 0 0 0 0 0 10208.0 0 0
0 3 9 7 6 12 2
0 0.0 435.9 1533.3 0.0 0.0 481.2 871.3 0.0 4949.7 0.0 0.0 1936.6
0 4 8 1 5 11
0 1122.4 0.0 0.0 111.4 594.3 0.0 -0.0 0.0 0.0 0.0 8379.9 0.0
**********2022-05-23 22:57:23**********
60206.987 60232.723 0.043 60.469 323.844 
0 10
0 0 0 0 0 0 0 0 0 0 10208.0 0 0
0 3 9 7 6 12 2
0 0.0 435.9 1533.3 0.0 0.0 481.2 871.3 0.0 4949.7 0.0 0.0 1936.6
0 4 8 1 5 11
0 1122.4 0.0 0.0 111.4 594.3 0.0 -0.0 0.0 0.0 0.0 8379.9 0.0
**********2022-05-23 22:57:28**********
60206.987 60232.723 0.043 60.469 329.293 
0 10
0 0 0 0 0 0 0 0 0 0 10208.0 0 0
0 3 9 7 6 12 2
0 0.0 435.9 1533.3 0.0 0.0 481.2 871.3 0.0 4949.7 0.0 0.0 1936.6
0 4 8 1 5 11
0 1122.4 0.0 0.0 111.4 594.3 0.0 -0.0 0.0 0.0 0.0 8379.9 0.0
**********2022-05-23 22:57:32**********
60207.027 60232.723 0.043 60.469 333.302 
0 10
0 0 0 0 0 0 0 0 0 0 10208.0 0 0
0 3 9 7 6 12 2
0 0.0 435.9 1533.3 0.0 0.0 481.2 871.3 0.0 4949.7 0.0 0.0 1936.6
0 4 8 1 5 11
0 1122.4 0.0 0.0 111.4 594.3 0.0 -0.0 0.0 0.0 0.0 8379.9 0.0
**********2022-05-23 22:57:38**********
60207.049 60232.723 0.043 60.469 338.808 
0 10
0 0 0 0 0 0 0 0 0 0 10208.0 0 0
0 3 9 7 6 12 2
0 0.0 435.9 1533.3 0.0 0.0 481.2 871.3 0.0 4949.7 0.0 0.0 1936.6
0 4 8 1 5 11
0 1122.4 0.0 0.0 111.4 594.3 0.0 -0.0 0.0 0.0 0.0 8379.9 0.0
**********2022-05-23 22:57:44**********
60207.049 60232.723 0.043 60.469 345.011 
0 10
0 0 0 0 0 0 0 0 0 0 10208.0 0 0
0 3 9 7 6 12 2
0 0.0 435.9 1533.3 0.0 0.0 481.2 871.3 0.0 4949.7 0.0 0.0 1936.6
0 4 8 1 5 11
0 1122.4 0.0 0.0 111.4 594.3 0.0 -0.0 0.0 0.0 0.0 8379.9 0.0
**********2022-05-23 22:57:52**********
60207.049 60232.723 0.043 60.469 352.826 
0 10
0 0 0 0 0 0 0 0 0 0 10208.0 0 0
0 3 9 7 6 12 2
0 0.0 435.9 1533.3 0.0 0.0 481.2 871.3 0.0 4949.7 0.0 0.0 1936.6
0 4 8 1 5 11
0 1122.4 0.0 0.0 111.4 594.3 0.0 -0.0 0.0 0.0 0.0 8379.9 0.0
**********2022-05-23 22:58:01**********
60207.049 60232.723 0.043 60.469 361.899 
0 10
0 0 0 0 0 0 0 0 0 0 10208.0 0 0
0 3 9 7 6 12 2
0 0.0 435.9 1533.3 0.0 0.0 481.2 871.3 0.0 4949.7 0.0 0.0 1936.6
0 4 8 1 5 11
0 1122.4 0.0 0.0 111.4 594.3 0.0 -0.0 0.0 0.0 0.0 8379.9 0.0
**********2022-05-23 22:58:07**********
60207.099 60232.723 0.043 60.469 368.164 
0 10
0 0 0 0 0 0 0 0 0 0 10208.0 0 0
0 3 9 7 6 12 2
0 0.0 435.9 1533.3 0.0 0.0 481.2 871.3 0.0 4949.7 0.0 0.0 1936.6
0 4 8 1 5 11
0 1122.4 0.0 0.0 111.4 594.3 0.0 -0.0 0.0 0.0 0.0 8379.9 0.0
**********2022-05-23 22:58:15**********
60207.111 60232.723 0.043 60.469 376.03 
0 10
0 0 0 0 0 0 0 0 0 0 10208.0 0 0
0 3 9 7 6 12 2
0 0.0 435.9 1533.3 0.0 0.0 481.2 871.3 0.0 4949.7 0.0 0.0 1936.6
0 4 8 1 5 11
0 1122.4 0.0 0.0 111.4 594.3 0.0 -0.0 0.0 0.0 0.0 8379.9 0.0
**********2022-05-23 22:58:21**********
60207.297 60232.723 0.042 60.469 382.084 
0 10
0 0 0 0 0 0 0 0 0 0 10208.0 0 0
0 3 9 7 6 12 2
0 0.0 435.9 1533.3 0.0 0.0 481.2 871.3 0.0 4949.7 0.0 0.0 1936.6
0 4 8 1 5 11
0 1122.4 0.0 0.0 111.4 594.3 0.0 -0.0 0.0 0.0 0.0 8379.9 0.0
**********2022-05-23 22:58:29**********
60207.337 60232.723 0.042 60.469 390.245 
0 10
0 0 0 0 0 0 0 0 0 0 10208.0 0 0
0 3 9 7 6 12 2
0 0.0 435.9 1533.3 0.0 0.0 481.2 871.3 0.0 4949.7 0.0 0.0 1936.6
0 4 8 1 5 11
0 1122.4 0.0 0.0 111.4 594.3 0.0 -0.0 0.0 0.0 0.0 8379.9 0.0
**********2022-05-23 22:58:35**********
60207.337 60232.723 0.042 60.469 395.86 
0 10
0 0 0 0 0 0 0 0 0 0 10208.0 0 0
0 3 9 7 6 12 2
0 0.0 435.9 1533.3 0.0 0.0 481.2 871.3 0.0 4949.7 0.0 0.0 1936.6
0 4 8 1 5 11
0 1122.4 0.0 0.0 111.4 594.3 0.0 -0.0 0.0 0.0 0.0 8379.9 0.0
**********2022-05-23 22:58:41**********
60207.36 60232.723 0.042 60.469 401.74 
0 10
0 0 0 0 0 0 0 0 0 0 10208.0 0 0
0 3 9 7 6 12 2
0 0.0 435.9 1533.3 0.0 0.0 481.2 871.3 0.0 4949.7 0.0 0.0 1936.6
0 4 8 1 5 11
0 1122.4 0.0 0.0 111.4 594.3 0.0 -0.0 0.0 0.0 0.0 8379.9 0.0
**********2022-05-23 22:58:47**********
60207.36 60232.723 0.042 60.469 407.81 
0 10
0 0 0 0 0 0 0 0 0 0 10208.0 0 0
0 3 9 7 6 12 2
0 0.0 435.9 1533.3 0.0 0.0 481.2 871.3 0.0 4949.7 0.0 0.0 1936.6
0 4 8 1 5 11
0 1122.4 0.0 0.0 111.4 594.3 0.0 -0.0 0.0 0.0 0.0 8379.9 0.0
**********2022-05-23 22:58:53**********
60207.36 60232.723 0.042 60.469 414.041 
0 10
0 0 0 0 0 0 0 0 0 0 10208.0 0 0
0 3 9 7 6 12 2
0 0.0 435.9 1533.3 0.0 0.0 481.2 871.3 0.0 4949.7 0.0 0.0 1936.6
0 4 8 1 5 11
0 1122.4 0.0 0.0 111.4 594.3 0.0 -0.0 0.0 0.0 0.0 8379.9 0.0
**********2022-05-23 22:58:59**********
60207.409 60232.723 0.042 60.469 419.821 
0 10
0 0 0 0 0 0 0 0 0 0 10208.0 0 0
0 3 9 7 6 12 2
0 0.0 435.9 1533.3 0.0 0.0 481.2 871.3 0.0 4949.7 0.0 0.0 1936.6
0 4 8 1 5 11
0 1122.4 0.0 0.0 111.4 594.3 0.0 -0.0 0.0 0.0 0.0 8379.9 0.0
**********2022-05-23 22:59:04**********
60207.419 60232.723 0.042 60.469 424.77 
0 10
0 0 0 0 0 0 0 0 0 0 10208.0 0 0
0 3 9 7 6 12 2
0 0.0 435.9 1533.3 0.0 0.0 481.2 871.3 0.0 4949.7 0.0 0.0 1936.6
0 4 8 1 5 11
0 1122.4 0.0 0.0 111.4 594.3 0.0 -0.0 0.0 0.0 0.0 8379.9 0.0
**********2022-05-23 22:59:09**********
60207.425 60232.723 0.042 60.469 430.484 
0 10
0 0 0 0 0 0 0 0 0 0 10208.0 0 0
0 3 9 7 6 12 2
0 0.0 435.9 1533.3 0.0 0.0 481.2 871.3 0.0 4949.7 0.0 0.0 1936.6
0 4 8 1 5 11
0 1122.4 0.0 0.0 111.4 594.3 0.0 -0.0 0.0 0.0 0.0 8379.9 0.0
**********2022-05-23 22:59:15**********
60207.425 60232.723 0.042 60.469 436.046 
0 10
0 0 0 0 0 0 0 0 0 0 10208.0 0 0
0 3 9 7 6 12 2
0 0.0 435.9 1533.3 0.0 0.0 481.2 871.3 0.0 4949.7 0.0 0.0 1936.6
0 4 8 1 5 11
0 1122.4 0.0 0.0 111.4 594.3 0.0 -0.0 0.0 0.0 0.0 8379.9 0.0
**********2022-05-23 22:59:21**********
60207.431 60232.723 0.042 60.469 441.563 
0 10
0 0 0 0 0 0 0 0 0 0 10208.0 0 0
0 3 9 7 6 12 2
0 0.0 435.9 1533.3 0.0 0.0 481.2 871.3 0.0 4949.7 0.0 0.0 1936.6
0 4 8 1 5 11
0 1122.4 0.0 0.0 111.4 594.3 0.0 -0.0 0.0 0.0 0.0 8379.9 0.0
**********2022-05-23 22:59:27**********
60207.431 60232.723 0.042 60.469 447.983 
0 10
0 0 0 0 0 0 0 0 0 0 10208.0 0 0
0 3 9 7 6 12 2
0 0.0 435.9 1533.3 0.0 0.0 481.2 871.3 0.0 4949.7 0.0 0.0 1936.6
0 4 8 1 5 11
0 1122.4 0.0 0.0 111.4 594.3 0.0 -0.0 0.0 0.0 0.0 8379.9 0.0
**********2022-05-23 22:59:34**********
60207.431 60232.723 0.042 60.469 454.736 
0 10
0 0 0 0 0 0 0 0 0 0 10208.0 0 0
0 3 9 7 6 12 2
0 0.0 435.9 1533.3 0.0 0.0 481.2 871.3 0.0 4949.7 0.0 0.0 1936.6
0 4 8 1 5 11
0 1122.4 0.0 0.0 111.4 594.3 0.0 -0.0 0.0 0.0 0.0 8379.9 0.0
**********2022-05-23 22:59:40**********
60207.431 60232.723 0.042 60.469 460.66 
0 10
0 0 0 0 0 0 0 0 0 0 10208.0 0 0
0 3 9 7 6 12 2
0 0.0 435.9 1533.3 0.0 0.0 481.2 871.3 0.0 4949.7 0.0 0.0 1936.6
0 4 8 1 5 11
0 1122.4 0.0 0.0 111.4 594.3 0.0 -0.0 0.0 0.0 0.0 8379.9 0.0
**********2022-05-23 22:59:45**********
60207.466 60232.723 0.042 60.469 466.091 
0 10
0 0 0 0 0 0 0 0 0 0 10208.0 0 0
0 3 9 7 6 12 2
0 0.0 435.9 1533.3 0.0 0.0 481.2 871.3 0.0 4949.7 0.0 0.0 1936.6
0 4 8 1 5 11
0 1122.4 0.0 0.0 111.4 594.3 0.0 -0.0 0.0 0.0 0.0 8379.9 0.0
**********2022-05-23 22:59:50**********
60207.466 60232.723 0.042 60.469 471.329 
0 10
0 0 0 0 0 0 0 0 0 0 10208.0 0 0
0 3 9 7 6 12 2
0 0.0 435.9 1533.3 0.0 0.0 481.2 871.3 0.0 4949.7 0.0 0.0 1936.6
0 4 8 1 5 11
0 1122.4 0.0 0.0 111.4 594.3 0.0 -0.0 0.0 0.0 0.0 8379.9 0.0
**********2022-05-23 22:59:57**********
60207.549 60232.723 0.042 60.469 477.654 
0 10
0 0 0 0 0 0 0 0 0 0 10208.0 0 0
0 3 9 7 6 12 2
0 0.0 435.9 1533.3 0.0 0.0 481.2 871.3 0.0 4949.7 0.0 0.0 1936.6
0 4 8 1 5 11
0 1122.4 0.0 0.0 111.4 594.3 0.0 -0.0 0.0 0.0 0.0 8379.9 0.0
**********2022-05-23 23:00:00**********
60207.549 60232.723 0.042 60.469 481.167 
0 10
0 0 0 0 0 0 0 0 0 0 10208.0 0 0
0 3 9 7 6 12 2
0 0.0 435.9 1533.3 0.0 0.0 481.2 871.3 0.0 4949.7 0.0 0.0 1936.6
0 4 8 1 5 11
0 1122.4 0.0 0.0 111.4 594.3 0.0 -0.0 0.0 0.0 0.0 8379.9 0.0
**********2022-05-23 23:00:05**********
60207.603 60232.723 0.042 60.469 485.741 
0 10
0 0 0 0 0 0 0 0 0 0 10208.0 0 0
0 3 9 7 6 12 2
0 0.0 435.9 1533.3 0.0 0.0 481.2 871.3 0.0 4949.7 0.0 0.0 1936.6
0 4 8 1 5 11
0 1122.4 0.0 0.0 111.4 594.3 0.0 -0.0 0.0 0.0 0.0 8379.9 0.0
**********2022-05-23 23:00:10**********
60207.603 60232.723 0.042 60.469 491.48 
0 10
0 0 0 0 0 0 0 0 0 0 10208.0 0 0
0 3 9 7 6 12 2
0 0.0 435.9 1533.3 0.0 0.0 481.2 871.3 0.0 4949.7 0.0 0.0 1936.6
0 4 8 1 5 11
0 1122.4 0.0 0.0 111.4 594.3 0.0 -0.0 0.0 0.0 0.0 8379.9 0.0
**********2022-05-23 23:00:16**********
60207.603 60232.723 0.042 60.469 497.069 
0 10
0 0 0 0 0 0 0 0 0 0 10208.0 0 0
0 3 9 7 6 12 2
0 0.0 435.9 1533.3 0.0 0.0 481.2 871.3 0.0 4949.7 0.0 0.0 1936.6
0 4 8 1 5 11
0 1122.4 0.0 0.0 111.4 594.3 0.0 -0.0 0.0 0.0 0.0 8379.9 0.0
**********2022-05-23 23:00:21**********
60207.607 60232.723 0.042 60.469 501.6 
0 10
0 0 0 0 0 0 0 0 0 0 10208.0 0 0
0 3 9 7 6 12 2
0 0.0 435.9 1533.3 0.0 0.0 481.2 871.3 0.0 4949.7 0.0 0.0 1936.6
0 4 8 1 5 11
0 1122.4 0.0 0.0 111.4 594.3 0.0 -0.0 0.0 0.0 0.0 8379.9 0.0
**********2022-05-23 23:00:25**********
60207.607 60232.723 0.042 60.469 506.451 
0 10
0 0 0 0 0 0 0 0 0 0 10208.0 0 0
0 3 9 7 6 12 2
0 0.0 435.9 1533.3 0.0 0.0 481.2 871.3 0.0 4949.7 0.0 0.0 1936.6
0 4 8 1 5 11
0 1122.4 0.0 0.0 111.4 594.3 0.0 -0.0 0.0 0.0 0.0 8379.9 0.0
**********2022-05-23 23:00:30**********
60207.607 60232.723 0.042 60.469 511.137 
0 10
0 0 0 0 0 0 0 0 0 0 10208.0 0 0
0 3 9 7 6 12 2
0 0.0 435.9 1533.3 0.0 0.0 481.2 871.3 0.0 4949.7 0.0 0.0 1936.6
0 4 8 1 5 11
0 1122.4 0.0 0.0 111.4 594.3 0.0 -0.0 0.0 0.0 0.0 8379.9 0.0
**********2022-05-23 23:00:36**********
60207.685 60232.723 0.042 60.469 517.246 
0 10
0 0 0 0 0 0 0 0 0 0 10208.0 0 0
0 3 9 7 6 12 2
0 0.0 435.9 1533.3 0.0 0.0 481.2 871.3 0.0 4949.7 0.0 0.0 1936.6
0 4 8 1 5 11
0 1122.4 0.0 0.0 111.4 594.3 0.0 -0.0 0.0 0.0 0.0 8379.9 0.0
**********2022-05-23 23:00:44**********
60207.744 60232.723 0.041 60.469 524.697 
0 10
0 0 0 0 0 0 0 0 0 0 10208.0 0 0
0 3 9 7 6 12 2
0 0.0 435.9 1533.3 0.0 0.0 481.2 871.3 0.0 4949.7 0.0 0.0 1936.6
0 4 8 1 5 11
0 1122.4 0.0 0.0 111.4 594.3 0.0 -0.0 0.0 0.0 0.0 8379.9 0.0
**********2022-05-23 23:00:52**********
60207.778 60232.723 0.041 60.469 532.666 
0 10
0 0 0 0 0 0 0 0 0 0 10208.0 0 0
0 3 9 7 6 12 2
0 0.0 435.9 1533.3 0.0 0.0 481.2 871.3 0.0 4949.7 0.0 0.0 1936.6
0 4 8 1 5 11
0 1122.4 0.0 0.0 111.4 594.3 0.0 -0.0 0.0 0.0 0.0 8379.9 0.0
**********2022-05-23 23:00:55**********
60207.778 60232.723 0.041 60.469 536.504 
0 10
0 0 0 0 0 0 0 0 0 0 10208.0 0 0
0 3 9 7 6 12 2
0 0.0 435.9 1533.3 0.0 0.0 481.2 871.3 0.0 4949.7 0.0 0.0 1936.6
0 4 8 1 5 11
0 1122.4 0.0 0.0 111.4 594.3 0.0 -0.0 0.0 0.0 0.0 8379.9 0.0
**********2022-05-23 23:01:00**********
60207.778 60232.723 0.041 60.469 541.236 
0 10
0 0 0 0 0 0 0 0 0 0 10208.0 0 0
0 3 9 7 6 12 2
0 0.0 435.9 1533.3 0.0 0.0 481.2 871.3 0.0 4949.7 0.0 0.0 1936.6
0 4 8 1 5 11
0 1122.4 0.0 0.0 111.4 594.3 0.0 -0.0 0.0 0.0 0.0 8379.9 0.0
**********2022-05-23 23:01:04**********
60207.778 60232.723 0.041 60.469 545.423 
0 10
0 0 0 0 0 0 0 0 0 0 10208.0 0 0
0 3 9 7 6 12 2
0 0.0 435.9 1533.3 0.0 0.0 481.2 871.3 0.0 4949.7 0.0 0.0 1936.6
0 4 8 1 5 11
0 1122.4 0.0 0.0 111.4 594.3 0.0 -0.0 0.0 0.0 0.0 8379.9 0.0
**********2022-05-23 23:01:08**********
60207.778 60232.723 0.041 60.469 549.378 
0 10
0 0 0 0 0 0 0 0 0 0 10208.0 0 0
0 3 9 7 6 12 2
0 0.0 435.9 1533.3 0.0 0.0 481.2 871.3 0.0 4949.7 0.0 0.0 1936.6
0 4 8 1 5 11
0 1122.4 0.0 0.0 111.4 594.3 0.0 -0.0 0.0 0.0 0.0 8379.9 0.0
**********2022-05-23 23:01:12**********
60207.778 60232.723 0.041 60.469 552.895 
0 10
0 0 0 0 0 0 0 0 0 0 10208.0 0 0
0 3 9 7 6 12 2
0 0.0 435.9 1533.3 0.0 0.0 481.2 871.3 0.0 4949.7 0.0 0.0 1936.6
0 4 8 1 5 11
0 1122.4 0.0 0.0 111.4 594.3 0.0 -0.0 0.0 0.0 0.0 8379.9 0.0
**********2022-05-23 23:01:18**********
60207.786 60232.723 0.041 60.469 558.834 
0 10
0 0 0 0 0 0 0 0 0 0 10208.0 0 0
0 3 9 7 6 12 2
0 0.0 435.9 1533.3 0.0 0.0 481.2 871.3 0.0 4949.7 0.0 0.0 1936.6
0 4 8 1 5 11
0 1122.4 0.0 0.0 111.4 594.3 0.0 -0.0 0.0 0.0 0.0 8379.9 0.0
**********2022-05-23 23:01:25**********
60207.816 60232.723 0.041 60.469 565.705 
0 10
0 0 0 0 0 0 0 0 0 0 10208.0 0 0
0 3 9 7 6 12 2
0 0.0 435.9 1533.3 0.0 0.0 481.2 871.3 0.0 4949.7 0.0 0.0 1936.6
0 4 8 1 5 11
0 1122.4 0.0 0.0 111.4 594.3 0.0 -0.0 0.0 0.0 0.0 8379.9 0.0
**********2022-05-23 23:01:31**********
60207.872 60232.723 0.041 60.469 571.757 
0 10
0 0 0 0 0 0 0 0 0 0 10208.0 0 0
0 3 9 7 6 12 2
0 0.0 435.9 1533.3 0.0 0.0 481.2 871.3 0.0 4949.7 0.0 0.0 1936.6
0 4 8 1 5 11
0 1122.4 0.0 0.0 111.4 594.3 0.0 -0.0 0.0 0.0 0.0 8379.9 0.0
**********2022-05-23 23:01:35**********
60207.871 60232.723 0.041 60.469 575.865 
0 10
0 0 0 0 0 0 0 0 0 0 10208.0 0 0
0 3 9 7 6 12 2
0 0.0 435.9 1533.3 0.0 0.0 481.2 871.3 0.0 4949.7 0.0 0.0 1936.6
0 4 8 1 5 11
0 1122.4 0.0 0.0 111.4 594.3 0.0 -0.0 0.0 0.0 0.0 8379.9 0.0
**********2022-05-23 23:01:41**********
60207.903 60232.723 0.041 60.469 582.39 
0 10
0 0 0 0 0 0 0 0 0 0 10208.0 0 0
0 3 9 7 6 12 2
0 0.0 435.9 1533.3 0.0 0.0 481.2 871.3 0.0 4949.7 0.0 0.0 1936.6
0 4 8 1 5 11
0 1122.4 0.0 0.0 111.4 594.3 0.0 -0.0 0.0 0.0 0.0 8379.9 0.0
**********2022-05-23 23:01:46**********
60207.911 60232.723 0.041 60.469 586.703 
0 10
0 0 0 0 0 0 0 0 0 0 10208.0 0 0
0 3 9 7 6 12 2
0 0.0 435.9 1533.3 0.0 0.0 481.2 871.3 0.0 4949.7 0.0 0.0 1936.6
0 4 8 1 5 11
0 1122.4 0.0 0.0 111.4 594.3 0.0 -0.0 0.0 0.0 0.0 8379.9 0.0
**********2022-05-23 23:01:51**********
60207.911 60232.723 0.041 60.469 592.513 
0 10
0 0 0 0 0 0 0 0 0 0 10208.0 0 0
0 3 9 7 6 12 2
0 0.0 435.9 1533.3 0.0 0.0 481.2 871.3 0.0 4949.7 0.0 0.0 1936.6
0 4 8 1 5 11
0 1122.4 0.0 0.0 111.4 594.3 0.0 -0.0 0.0 0.0 0.0 8379.9 0.0
**********2022-05-23 23:01:56**********
60207.944 60232.723 0.041 60.469 597.051 
0 10
0 0 0 0 0 0 0 0 0 0 10208.0 0 0
0 3 9 7 6 12 2
0 0.0 435.9 1533.3 0.0 0.0 481.2 871.3 0.0 4949.7 0.0 0.0 1936.6
0 4 8 1 5 11
0 1122.4 0.0 0.0 111.4 594.3 0.0 -0.0 0.0 0.0 0.0 8379.9 0.0
**********2022-05-23 23:02:04**********
60207.944 60232.723 0.041 60.469 605.067 
0 10
0 0 0 0 0 0 0 0 0 0 10208.0 0 0
0 3 9 7 6 12 2
0 0.0 435.9 1533.3 0.0 0.0 481.2 871.3 0.0 4949.7 0.0 0.0 1936.6
0 4 8 1 5 11
0 1122.4 0.0 0.0 111.4 594.3 0.0 -0.0 0.0 0.0 0.0 8379.9 0.0
**********2022-05-23 23:02:11**********
60207.944 60232.723 0.041 60.469 612.465 
0 10
0 0 0 0 0 0 0 0 0 0 10208.0 0 0
0 3 9 7 6 12 2
0 0.0 435.9 1533.3 0.0 0.0 481.2 871.3 0.0 4949.7 0.0 0.0 1936.6
0 4 8 1 5 11
0 1122.4 0.0 0.0 111.4 594.3 0.0 -0.0 0.0 0.0 0.0 8379.9 0.0
**********2022-05-23 23:02:19**********
60207.944 60232.723 0.041 60.469 620.248 
0 10
0 0 0 0 0 0 0 0 0 0 10208.0 0 0
0 3 9 7 6 12 2
0 0.0 435.9 1533.3 0.0 0.0 481.2 871.3 0.0 4949.7 0.0 0.0 1936.6
0 4 8 1 5 11
0 1122.4 0.0 0.0 111.4 594.3 0.0 -0.0 0.0 0.0 0.0 8379.9 0.0
**********2022-05-23 23:02:24**********
60207.987 60232.723 0.041 60.469 625.296 
0 10
0 0 0 0 0 0 0 0 0 0 10208.0 0 0
0 3 9 7 6 12 2
0 0.0 435.9 1533.3 0.0 0.0 481.2 871.3 0.0 4949.7 0.0 0.0 1936.6
0 4 8 1 5 11
0 1122.4 0.0 0.0 111.4 594.3 0.0 -0.0 0.0 0.0 0.0 8379.9 0.0
**********2022-05-23 23:02:28**********
60208.024 60232.723 0.041 60.469 629.358 
0 10
0 0 0 0 0 0 0 0 0 0 10208.0 0 0
0 3 9 7 6 12 2
0 0.0 435.9 1533.3 0.0 0.0 481.2 871.3 0.0 4949.7 0.0 0.0 1936.6
0 4 8 1 5 11
0 1122.4 0.0 0.0 111.4 594.3 0.0 -0.0 0.0 0.0 0.0 8379.9 0.0
**********2022-05-23 23:02:30**********
60208.024 60232.723 0.041 60.469 630.78 
0 10
0 0 0 0 0 0 0 0 0 0 10208.0 0 0
0 3 9 7 6 12 2
0 0.0 435.9 1533.3 0.0 0.0 481.2 871.3 0.0 4949.7 0.0 0.0 1936.6
0 4 8 1 5 11
0 1122.4 0.0 0.0 111.4 594.3 0.0 -0.0 0.0 0.0 0.0 8379.9 0.0
**********2022-05-23 23:02:34**********
60208.025 60232.723 0.041 60.469 635.533 
0 10
0 0 0 0 0 0 0 0 0 0 10208.0 0 0
0 3 9 7 6 12 2
0 0.0 435.9 1533.3 0.0 0.0 481.2 871.3 0.0 4949.7 0.0 0.0 1936.6
0 4 8 1 5 11
0 1122.4 0.0 0.0 111.4 594.3 0.0 -0.0 0.0 0.0 0.0 8379.9 0.0
**********2022-05-23 23:02:38**********
60208.031 60232.723 0.041 60.469 639.488 
0 10
0 0 0 0 0 0 0 0 0 0 10208.0 0 0
0 3 9 7 6 12 2
0 0.0 435.9 1533.3 0.0 0.0 481.2 871.3 0.0 4949.7 0.0 0.0 1936.6
0 4 8 1 5 11
0 1122.4 0.0 0.0 111.4 594.3 0.0 -0.0 0.0 0.0 0.0 8379.9 0.0
**********2022-05-23 23:02:44**********
60208.031 60232.723 0.041 60.469 645.051 
0 10
0 0 0 0 0 0 0 0 0 0 10208.0 0 0
0 3 9 7 6 12 2
0 0.0 435.9 1533.3 0.0 0.0 481.2 871.3 0.0 4949.7 0.0 0.0 1936.6
0 4 8 1 5 11
0 1122.4 0.0 0.0 111.4 594.3 0.0 -0.0 0.0 0.0 0.0 8379.9 0.0
**********2022-05-23 23:02:49**********
60208.031 60232.723 0.041 60.469 650.206 
0 10
0 0 0 0 0 0 0 0 0 0 10208.0 0 0
0 3 9 7 6 12 2
0 0.0 435.9 1533.3 0.0 0.0 481.2 871.3 0.0 4949.7 0.0 0.0 1936.6
0 4 8 1 5 11
0 1122.4 0.0 0.0 111.4 594.3 0.0 -0.0 0.0 0.0 0.0 8379.9 0.0
**********2022-05-23 23:02:54**********
60208.031 60232.723 0.041 60.469 654.9 
0 10
0 0 0 0 0 0 0 0 0 0 10208.0 0 0
0 3 9 7 6 12 2
0 0.0 435.9 1533.3 0.0 0.0 481.2 871.3 0.0 4949.7 0.0 0.0 1936.6
0 4 8 1 5 11
0 1122.4 0.0 0.0 111.4 594.3 0.0 -0.0 0.0 0.0 0.0 8379.9 0.0
**********2022-05-23 23:02:58**********
60208.031 60232.723 0.041 60.469 659.163 
0 10
0 0 0 0 0 0 0 0 0 0 10208.0 0 0
0 3 9 7 6 12 2
0 0.0 435.9 1533.3 0.0 0.0 481.2 871.3 0.0 4949.7 0.0 0.0 1936.6
0 4 8 1 5 11
0 1122.4 0.0 0.0 111.4 594.3 0.0 -0.0 0.0 0.0 0.0 8379.9 0.0
**********2022-05-23 23:03:03**********
60208.041 60232.723 0.041 60.469 664.297 
0 10
0 0 0 0 0 0 0 0 0 0 10208.0 0 0
0 3 9 7 6 12 2
0 0.0 435.9 1533.3 0.0 0.0 481.2 871.3 0.0 4949.7 0.0 0.0 1936.6
0 4 8 1 5 11
0 1122.4 0.0 0.0 111.4 594.3 0.0 -0.0 0.0 0.0 0.0 8379.9 0.0
**********2022-05-23 23:03:11**********
60208.05 60232.723 0.041 60.469 672.311 
0 10
0 0 0 0 0 0 0 0 0 0 10208.0 0 0
0 3 9 7 6 12 2
0 0.0 435.9 1533.3 0.0 0.0 481.2 871.3 0.0 4949.7 0.0 0.0 1936.6
0 4 8 1 5 11
0 1122.4 0.0 0.0 111.4 594.3 0.0 -0.0 0.0 0.0 0.0 8379.9 0.0
**********2022-05-23 23:03:12**********
60208.05 60232.723 0.041 60.469 673.514 
0 10
0 0 0 0 0 0 0 0 0 0 10208.0 0 0
0 3 9 7 6 12 2
0 0.0 435.9 1533.3 0.0 0.0 481.2 871.3 0.0 4949.7 0.0 0.0 1936.6
0 4 8 1 5 11
0 1122.4 0.0 0.0 111.4 594.3 0.0 -0.0 0.0 0.0 0.0 8379.9 0.0
**********2022-05-23 23:03:17**********
60208.073 60232.723 0.041 60.469 677.698 
0 10
0 0 0 0 0 0 0 0 0 0 10208.0 0 0
0 3 9 7 6 12 2
0 0.0 435.9 1533.3 0.0 0.0 481.2 871.3 0.0 4949.7 0.0 0.0 1936.6
0 4 8 1 5 11
0 1122.4 0.0 0.0 111.4 594.3 0.0 -0.0 0.0 0.0 0.0 8379.9 0.0
**********2022-05-23 23:03:21**********
60208.073 60232.723 0.041 60.469 682.512 
0 10
0 0 0 0 0 0 0 0 0 0 10208.0 0 0
0 3 9 7 6 12 2
0 0.0 435.9 1533.3 0.0 0.0 481.2 871.3 0.0 4949.7 0.0 0.0 1936.6
0 4 8 1 5 11
0 1122.4 0.0 0.0 111.4 594.3 0.0 -0.0 0.0 0.0 0.0 8379.9 0.0
**********2022-05-23 23:03:25**********
60208.073 60232.723 0.041 60.469 685.863 
0 10
0 0 0 0 0 0 0 0 0 0 10208.0 0 0
0 3 9 7 6 12 2
0 0.0 435.9 1533.3 0.0 0.0 481.2 871.3 0.0 4949.7 0.0 0.0 1936.6
0 4 8 1 5 11
0 1122.4 0.0 0.0 111.4 594.3 0.0 -0.0 0.0 0.0 0.0 8379.9 0.0
**********2022-05-23 23:03:30**********
60208.136 60232.723 0.041 60.469 691.023 
0 10
0 0 0 0 0 0 0 0 0 0 10208.0 0 0
0 3 9 7 6 12 2
0 0.0 435.9 1533.3 0.0 0.0 481.2 871.3 0.0 4949.7 0.0 0.0 1936.6
0 4 8 1 5 11
0 1122.4 0.0 0.0 111.4 594.3 0.0 -0.0 0.0 0.0 0.0 8379.9 0.0
**********2022-05-23 23:03:37**********
60208.212 60232.723 0.041 60.469 697.971 
0 10
0 0 0 0 0 0 0 0 0 0 10208.0 0 0
0 3 9 7 6 12 2
0 0.0 435.9 1533.3 0.0 0.0 481.2 871.3 0.0 4949.7 0.0 0.0 1936.6
0 4 8 1 5 11
0 1122.4 0.0 0.0 111.4 594.3 0.0 -0.0 0.0 0.0 0.0 8379.9 0.0
**********2022-05-23 23:03:46**********
60208.212 60232.723 0.041 60.469 706.709 
0 10
0 0 0 0 0 0 0 0 0 0 10208.0 0 0
0 3 9 7 6 12 2
0 0.0 435.9 1533.3 0.0 0.0 481.2 871.3 0.0 4949.7 0.0 0.0 1936.6
0 4 8 1 5 11
0 1122.4 0.0 0.0 111.4 594.3 0.0 -0.0 0.0 0.0 0.0 8379.9 0.0
**********2022-05-23 23:03:53**********
60208.266 60232.723 0.041 60.469 714.117 
0 10
0 0 0 0 0 0 0 0 0 0 10208.0 0 0
0 3 9 7 6 12 2
0 0.0 435.9 1533.3 0.0 0.0 481.2 871.3 0.0 4949.7 0.0 0.0 1936.6
0 4 8 1 5 11
0 1122.4 0.0 0.0 111.4 594.3 0.0 -0.0 0.0 0.0 0.0 8379.9 0.0
**********2022-05-23 23:04:00**********
60208.34 60232.723 0.04 60.469 721.462 
0 10
0 0 0 0 0 0 0 0 0 0 10208.0 0 0
0 3 9 7 6 12 2
0 0.0 435.9 1533.3 0.0 0.0 481.2 871.3 0.0 4949.7 0.0 0.0 1936.6
0 4 8 1 5 11
0 1122.4 0.0 0.0 111.4 594.3 0.0 -0.0 0.0 0.0 0.0 8379.9 0.0
**********2022-05-23 23:04:09**********
60208.371 60232.723 0.04 60.469 729.745 
0 10
0 0 0 0 0 0 0 0 0 0 10208.0 0 0
0 3 9 7 6 12 2
0 0.0 435.9 1533.3 0.0 0.0 481.2 871.3 0.0 4949.7 0.0 0.0 1936.6
0 4 8 1 5 11
0 1122.4 0.0 0.0 111.4 594.3 0.0 -0.0 0.0 0.0 0.0 8379.9 0.0
**********2022-05-23 23:04:12**********
60208.537 60232.723 0.04 60.469 733.253 
0 10
0 0 0 0 0 0 0 0 0 0 10208.0 0 0
0 3 9 7 6 12 2
0 0.0 435.9 1533.3 0.0 0.0 481.2 871.3 0.0 4949.7 0.0 0.0 1936.6
0 4 8 1 5 11
0 1122.4 0.0 0.0 111.4 594.3 0.0 -0.0 0.0 0.0 0.0 8379.9 0.0
**********2022-05-23 23:04:17**********
60208.546 60232.723 0.04 60.469 737.81 
0 10
0 0 0 0 0 0 0 0 0 0 10208.0 0 0
0 3 9 7 6 12 2
0 0.0 435.9 1533.3 0.0 0.0 481.2 871.3 0.0 4949.7 0.0 0.0 1936.6
0 4 8 1 5 11
0 1122.4 0.0 0.0 111.4 594.3 0.0 -0.0 0.0 0.0 0.0 8379.9 0.0
**********2022-05-23 23:04:23**********
60208.66 60232.723 0.04 60.469 744.11 
0 10
0 0 0 0 0 0 0 0 0 0 10208.0 0 0
0 3 9 7 6 12 2
0 0.0 435.9 1533.3 0.0 0.0 481.2 871.3 0.0 4949.7 0.0 0.0 1936.6
0 4 8 1 5 11
0 1122.4 0.0 0.0 111.4 594.3 0.0 -0.0 0.0 0.0 0.0 8379.9 0.0
**********2022-05-23 23:04:27**********
60208.663 60232.723 0.04 60.469 748.302 
0 10
0 0 0 0 0 0 0 0 0 0 10208.0 0 0
0 3 9 7 6 12 2
0 0.0 435.9 1533.3 0.0 0.0 481.2 871.3 0.0 4949.7 0.0 0.0 1936.6
0 4 8 1 5 11
0 1122.4 0.0 0.0 111.4 594.3 0.0 -0.0 0.0 0.0 0.0 8379.9 0.0
**********2022-05-23 23:04:36**********
60208.663 60232.723 0.04 60.469 757.33 
0 10
0 0 0 0 0 0 0 0 0 0 10208.0 0 0
0 3 9 7 6 12 2
0 0.0 435.9 1533.3 0.0 0.0 481.2 871.3 0.0 4949.7 0.0 0.0 1936.6
0 4 8 1 5 11
0 1122.4 0.0 0.0 111.4 594.3 0.0 -0.0 0.0 0.0 0.0 8379.9 0.0
**********2022-05-23 23:04:44**********
60208.663 60232.723 0.04 60.469 765.315 
0 10
0 0 0 0 0 0 0 0 0 0 10208.0 0 0
0 3 9 7 6 12 2
0 0.0 435.9 1533.3 0.0 0.0 481.2 871.3 0.0 4949.7 0.0 0.0 1936.6
0 4 8 1 5 11
0 1122.4 0.0 0.0 111.4 594.3 0.0 -0.0 0.0 0.0 0.0 8379.9 0.0
**********2022-05-23 23:04:51**********
60208.67 60232.723 0.04 60.469 772.147 
0 10
0 0 0 0 0 0 0 0 0 0 10208.0 0 0
0 3 9 7 6 12 2
0 0.0 435.9 1533.3 0.0 0.0 481.2 871.3 0.0 4949.7 0.0 0.0 1936.6
0 4 8 1 5 11
0 1122.4 0.0 0.0 111.4 594.3 0.0 -0.0 0.0 0.0 0.0 8379.9 0.0
**********2022-05-23 23:04:56**********
60208.686 60232.723 0.04 60.469 776.605 
0 10
0 0 0 0 0 0 0 0 0 0 10208.0 0 0
0 3 9 7 6 12 2
0 0.0 435.9 1533.3 0.0 0.0 481.2 871.3 0.0 4949.7 0.0 0.0 1936.6
0 4 8 1 5 11
0 1122.4 0.0 0.0 111.4 594.3 0.0 -0.0 0.0 0.0 0.0 8379.9 0.0
**********2022-05-23 23:04:58**********
60208.686 60232.723 0.04 60.469 779.232 
0 10
0 0 0 0 0 0 0 0 0 0 10208.0 0 0
0 3 9 7 6 12 2
0 0.0 435.9 1533.3 0.0 0.0 481.2 871.3 0.0 4949.7 0.0 0.0 1936.6
0 4 8 1 5 11
0 1122.4 0.0 0.0 111.4 594.3 0.0 -0.0 0.0 0.0 0.0 8379.9 0.0
**********2022-05-23 23:04:59**********
60208.686 60232.723 0.04 60.469 780.294 
0 10
0 0 0 0 0 0 0 0 0 0 10208.0 0 0
0 3 9 7 6 12 2
0 0.0 435.9 1533.3 0.0 0.0 481.2 871.3 0.0 4949.7 0.0 0.0 1936.6
0 4 8 1 5 11
0 1122.4 0.0 0.0 111.4 594.3 0.0 -0.0 0.0 0.0 0.0 8379.9 0.0
**********2022-05-23 23:05:02**********
60208.686 60232.723 0.04 60.469 783.028 
0 10
0 0 0 0 0 0 0 0 0 0 10208.0 0 0
0 3 9 7 6 12 2
0 0.0 435.9 1533.3 0.0 0.0 481.2 871.3 0.0 4949.7 0.0 0.0 1936.6
0 4 8 1 5 11
0 1122.4 0.0 0.0 111.4 594.3 0.0 -0.0 0.0 0.0 0.0 8379.9 0.0
**********2022-05-23 23:05:03**********
60208.686 60232.723 0.04 60.469 784.099 
0 10
0 0 0 0 0 0 0 0 0 0 10208.0 0 0
0 3 9 7 6 12 2
0 0.0 435.9 1533.3 0.0 0.0 481.2 871.3 0.0 4949.7 0.0 0.0 1936.6
0 4 8 1 5 11
0 1122.4 0.0 0.0 111.4 594.3 0.0 -0.0 0.0 0.0 0.0 8379.9 0.0
**********2022-05-23 23:05:04**********
60208.686 60232.723 0.04 60.469 785.185 
0 10
0 0 0 0 0 0 0 0 0 0 10208.0 0 0
0 3 9 7 6 12 2
0 0.0 435.9 1533.3 0.0 0.0 481.2 871.3 0.0 4949.7 0.0 0.0 1936.6
0 4 8 1 5 11
0 1122.4 0.0 0.0 111.4 594.3 0.0 -0.0 0.0 0.0 0.0 8379.9 0.0
**********2022-05-23 23:05:07**********
60208.876 60232.723 0.04 60.469 787.63 
0 10
0 0 0 0 0 0 0 0 0 0 10208.0 0 0
0 3 9 7 6 12 2
0 0.0 435.9 1533.3 0.0 0.0 481.2 871.3 0.0 4949.7 0.0 0.0 1936.6
0 4 8 1 5 11
0 1122.4 0.0 0.0 111.4 594.3 0.0 -0.0 0.0 0.0 0.0 8379.9 0.0
**********2022-05-23 23:05:14**********
60208.945 60232.723 0.039 60.469 795.249 
0 10
0 0 0 0 0 0 0 0 0 0 10208.0 0 0
0 3 9 7 6 12 2
0 0.0 435.9 1533.3 0.0 0.0 481.2 871.3 0.0 4949.7 0.0 0.0 1936.6
0 4 8 1 5 11
0 1122.4 0.0 0.0 111.4 594.3 0.0 -0.0 0.0 0.0 0.0 8379.9 0.0
**********2022-05-23 23:05:19**********
60208.957 60232.723 0.039 60.469 800.315 
0 10
0 0 0 0 0 0 0 0 0 0 10208.0 0 0
0 3 9 7 6 12 2
0 0.0 435.9 1533.3 0.0 0.0 481.2 871.3 0.0 4949.7 0.0 0.0 1936.6
0 4 8 1 5 11
0 1122.4 0.0 0.0 111.4 594.3 0.0 -0.0 0.0 0.0 0.0 8379.9 0.0
**********2022-05-23 23:05:25**********
60208.957 60232.723 0.039 60.469 806.504 
0 10
0 0 0 0 0 0 0 0 0 0 10208.0 0 0
0 3 9 7 6 12 2
0 0.0 435.9 1533.3 0.0 0.0 481.2 871.3 0.0 4949.7 0.0 0.0 1936.6
0 4 8 1 5 11
0 1122.4 0.0 0.0 111.4 594.3 0.0 -0.0 0.0 0.0 0.0 8379.9 0.0
**********2022-05-23 23:05:31**********
60208.957 60232.723 0.039 60.469 811.687 
0 10
0 0 0 0 0 0 0 0 0 0 10208.0 0 0
0 3 9 7 6 12 2
0 0.0 435.9 1533.3 0.0 0.0 481.2 871.3 0.0 4949.7 0.0 0.0 1936.6
0 4 8 1 5 11
0 1122.4 0.0 0.0 111.4 594.3 0.0 -0.0 0.0 0.0 0.0 8379.9 0.0
**********2022-05-23 23:05:32**********
60208.957 60232.723 0.039 60.469 812.903 
0 10
0 0 0 0 0 0 0 0 0 0 10208.0 0 0
0 3 9 7 6 12 2
0 0.0 435.9 1533.3 0.0 0.0 481.2 871.3 0.0 4949.7 0.0 0.0 1936.6
0 4 8 1 5 11
0 1122.4 0.0 0.0 111.4 594.3 0.0 -0.0 0.0 0.0 0.0 8379.9 0.0
**********2022-05-23 23:05:36**********
60208.993 60232.723 0.039 60.469 817.047 
0 10
0 0 0 0 0 0 0 0 0 0 10208.0 0 0
0 3 9 7 6 12 2
0 0.0 435.9 1533.3 0.0 0.0 481.2 871.3 0.0 4949.7 0.0 0.0 1936.6
0 4 8 1 5 11
0 1122.4 0.0 0.0 111.4 594.3 0.0 -0.0 0.0 0.0 0.0 8379.9 0.0
**********2022-05-23 23:05:41**********
60208.993 60232.723 0.039 60.469 822.268 
0 10
0 0 0 0 0 0 0 0 0 0 10208.0 0 0
0 3 9 7 6 12 2
0 0.0 435.9 1533.3 0.0 0.0 481.2 871.3 0.0 4949.7 0.0 0.0 1936.6
0 4 8 1 5 11
0 1122.4 0.0 0.0 111.4 594.3 0.0 -0.0 0.0 0.0 0.0 8379.9 0.0
**********2022-05-23 23:05:46**********
60208.993 60232.723 0.039 60.469 827.272 
0 10
0 0 0 0 0 0 0 0 0 0 10208.0 0 0
0 3 9 7 6 12 2
0 0.0 435.9 1533.3 0.0 0.0 481.2 871.3 0.0 4949.7 0.0 0.0 1936.6
0 4 8 1 5 11
0 1122.4 0.0 0.0 111.4 594.3 0.0 -0.0 0.0 0.0 0.0 8379.9 0.0
**********2022-05-23 23:05:52**********
60209.0 60232.723 0.039 60.469 832.87 
0 10
0 0 0 0 0 0 0 0 0 0 10208.0 0 0
0 3 9 7 6 12 2
0 0.0 435.9 1533.3 0.0 0.0 481.2 871.3 0.0 4949.7 0.0 0.0 1936.6
0 4 8 1 5 11
0 1122.4 0.0 0.0 111.4 594.3 0.0 -0.0 0.0 0.0 0.0 8379.9 0.0
**********2022-05-23 23:05:56**********
60209.043 60232.723 0.039 60.469 837.012 
0 10
0 0 0 0 0 0 0 0 0 0 10208.0 0 0
0 3 9 7 6 12 2
0 0.0 435.9 1533.3 0.0 0.0 481.2 871.3 0.0 4949.7 0.0 0.0 1936.6
0 4 8 1 5 11
0 1122.4 0.0 0.0 111.4 594.3 0.0 -0.0 0.0 0.0 0.0 8379.9 0.0
**********2022-05-23 23:06:01**********
60209.149 60232.723 0.039 60.469 842.292 
0 10
0 0 0 0 0 0 0 0 0 0 10208.0 0 0
0 3 9 7 6 12 2
0 0.0 435.9 1533.3 0.0 0.0 481.2 871.3 0.0 4949.7 0.0 0.0 1936.6
0 4 8 1 5 11
0 1122.4 0.0 0.0 111.4 594.3 0.0 -0.0 0.0 0.0 0.0 8379.9 0.0
**********2022-05-23 23:06:07**********
60209.229 60232.723 0.039 60.469 848.191 
0 10
0 0 0 0 0 0 0 0 0 0 10208.0 0 0
0 3 9 7 6 12 2
0 0.0 435.9 1533.3 0.0 0.0 481.2 871.3 0.0 4949.7 0.0 0.0 1936.6
0 4 8 1 5 11
0 1122.4 0.0 0.0 111.4 594.3 0.0 -0.0 0.0 0.0 0.0 8379.9 0.0
**********2022-05-23 23:06:11**********
60209.236 60232.723 0.039 60.469 851.613 
0 10
0 0 0 0 0 0 0 0 0 0 10208.0 0 0
0 3 9 7 6 12 2
0 0.0 435.9 1533.3 0.0 0.0 481.2 871.3 0.0 4949.7 0.0 0.0 1936.6
0 4 8 1 5 11
0 1122.4 0.0 0.0 111.4 594.3 0.0 -0.0 0.0 0.0 0.0 8379.9 0.0
**********2022-05-23 23:06:15**********
60209.235 60232.723 0.039 60.469 855.85 
0 10
0 0 0 0 0 0 0 0 0 0 10208.0 0 0
0 3 9 7 6 12 2
0 0.0 435.9 1533.3 0.0 0.0 481.2 871.3 0.0 4949.7 0.0 0.0 1936.6
0 4 8 1 5 11
0 1122.4 0.0 0.0 111.4 594.3 0.0 -0.0 0.0 0.0 0.0 8379.9 0.0
**********2022-05-23 23:06:20**********
60209.235 60232.723 0.039 60.469 861.299 
0 10
0 0 0 0 0 0 0 0 0 0 10208.0 0 0
0 3 9 7 6 12 2
0 0.0 435.9 1533.3 0.0 0.0 481.2 871.3 0.0 4949.7 0.0 0.0 1936.6
0 4 8 1 5 11
0 1122.4 0.0 0.0 111.4 594.3 0.0 -0.0 0.0 0.0 0.0 8379.9 0.0
**********2022-05-23 23:06:25**********
60209.235 60232.723 0.039 60.469 865.601 
0 10
0 0 0 0 0 0 0 0 0 0 10208.0 0 0
0 3 9 7 6 12 2
0 0.0 435.9 1533.3 0.0 0.0 481.2 871.3 0.0 4949.7 0.0 0.0 1936.6
0 4 8 1 5 11
0 1122.4 0.0 0.0 111.4 594.3 0.0 -0.0 0.0 0.0 0.0 8379.9 0.0
**********2022-05-23 23:06:29**********
60209.243 60232.723 0.039 60.469 869.945 
0 10
0 0 0 0 0 0 0 0 0 0 10208.0 0 0
0 3 9 7 6 12 2
0 0.0 435.9 1533.3 0.0 0.0 481.2 871.3 0.0 4949.7 0.0 0.0 1936.6
0 4 8 1 5 11
0 1122.4 0.0 0.0 111.4 594.3 0.0 -0.0 0.0 0.0 0.0 8379.9 0.0
**********2022-05-23 23:06:33**********
60209.328 60232.723 0.039 60.469 874.376 
0 10
0 0 0 0 0 0 0 0 0 0 10208.0 0 0
0 3 9 7 6 12 2
0 0.0 435.9 1533.3 0.0 0.0 481.2 871.3 0.0 4949.7 0.0 0.0 1936.6
0 4 8 1 5 11
0 1122.4 0.0 0.0 111.4 594.3 0.0 -0.0 0.0 0.0 0.0 8379.9 0.0
**********2022-05-23 23:06:37**********
60209.392 60232.723 0.039 60.469 877.992 
0 10
0 0 0 0 0 0 0 0 0 0 10208.0 0 0
0 3 9 7 6 12 2
0 0.0 435.9 1533.3 0.0 0.0 481.2 871.3 0.0 4949.7 0.0 0.0 1936.6
0 4 8 1 5 11
0 1122.4 0.0 0.0 111.4 594.3 0.0 -0.0 0.0 0.0 0.0 8379.9 0.0
**********2022-05-23 23:06:45**********
60209.422 60232.723 0.039 60.469 886.508 
0 10
0 0 0 0 0 0 0 0 0 0 10208.0 0 0
0 3 9 7 6 12 2
0 0.0 435.9 1533.3 0.0 0.0 481.2 871.3 0.0 4949.7 0.0 0.0 1936.6
0 4 8 1 5 11
0 1122.4 0.0 0.0 111.4 594.3 0.0 -0.0 0.0 0.0 0.0 8379.9 0.0
**********2022-05-23 23:06:53**********
60209.432 60232.723 0.039 60.469 894.076 
0 10
0 0 0 0 0 0 0 0 0 0 10208.0 0 0
0 3 9 7 6 12 2
0 0.0 435.9 1533.3 0.0 0.0 481.2 871.3 0.0 4949.7 0.0 0.0 1936.6
0 4 8 1 5 11
0 1122.4 0.0 0.0 111.4 594.3 0.0 -0.0 0.0 0.0 0.0 8379.9 0.0
**********2022-05-23 23:06:55**********
60209.432 60232.723 0.039 60.469 896.411 
0 10
0 0 0 0 0 0 0 0 0 0 10208.0 0 0
0 3 9 7 6 12 2
0 0.0 435.9 1533.3 0.0 0.0 481.2 871.3 0.0 4949.7 0.0 0.0 1936.6
0 4 8 1 5 11
0 1122.4 0.0 0.0 111.4 594.3 0.0 -0.0 0.0 0.0 0.0 8379.9 0.0
**********2022-05-23 23:06:58**********
60209.436 60232.723 0.039 60.469 898.889 
0 10
0 0 0 0 0 0 0 0 0 0 10208.0 0 0
0 3 9 7 6 12 2
0 0.0 435.9 1533.3 0.0 0.0 481.2 871.3 0.0 4949.7 0.0 0.0 1936.6
0 4 8 1 5 11
0 1122.4 0.0 0.0 111.4 594.3 0.0 -0.0 0.0 0.0 0.0 8379.9 0.0
**********2022-05-23 23:07:05**********
60209.477 60232.723 0.039 60.469 905.932 
0 10
0 0 0 0 0 0 0 0 0 0 10208.0 0 0
0 3 9 7 6 12 2
0 0.0 435.9 1533.3 0.0 0.0 481.2 871.3 0.0 4949.7 0.0 0.0 1936.6
0 4 8 1 5 11
0 1122.4 0.0 0.0 111.4 594.3 0.0 -0.0 0.0 0.0 0.0 8379.9 0.0
**********2022-05-23 23:07:12**********
60209.495 60229.859 0.034 913.398 913.398 
0 10
0 0 0 0 0 0 0 0 0 0 10208.0 0 0
0 4 11 6 7 8 2
0 -0.0 436.2 0.0 110.5 0.0 481.5 872.0 0.0 0.0 0.0 8307.8 0.0
0 5 12 3 9 1
0 1121.5 0.0 1546.6 0.0 593.8 0.0 0.0 0.0 4992.6 0.0 0.0 1953.4
**********2022-05-23 23:07:17**********
60209.495 60229.859 0.034 913.398 918.161 
0 10
0 0 0 0 0 0 0 0 0 0 10208.0 0 0
0 4 11 6 7 8 2
0 -0.0 436.2 0.0 110.5 0.0 481.5 872.0 0.0 0.0 0.0 8307.8 0.0
0 5 12 3 9 1
0 1121.5 0.0 1546.6 0.0 593.8 0.0 0.0 0.0 4992.6 0.0 0.0 1953.4
**********2022-05-23 23:07:23**********
60209.495 60229.859 0.034 913.398 924.022 
0 10
0 0 0 0 0 0 0 0 0 0 10208.0 0 0
0 4 11 6 7 8 2
0 -0.0 436.2 0.0 110.5 0.0 481.5 872.0 0.0 0.0 0.0 8307.8 0.0
0 5 12 3 9 1
0 1121.5 0.0 1546.6 0.0 593.8 0.0 0.0 0.0 4992.6 0.0 0.0 1953.4
**********2022-05-23 23:07:28**********
60209.533 60229.859 0.034 913.398 929.043 
0 10
0 0 0 0 0 0 0 0 0 0 10208.0 0 0
0 4 11 6 7 8 2
0 -0.0 436.2 0.0 110.5 0.0 481.5 872.0 0.0 0.0 0.0 8307.8 0.0
0 5 12 3 9 1
0 1121.5 0.0 1546.6 0.0 593.8 0.0 0.0 0.0 4992.6 0.0 0.0 1953.4
**********2022-05-23 23:07:32**********
60209.533 60229.859 0.034 913.398 933.448 
0 10
0 0 0 0 0 0 0 0 0 0 10208.0 0 0
0 4 11 6 7 8 2
0 -0.0 436.2 0.0 110.5 0.0 481.5 872.0 0.0 0.0 0.0 8307.8 0.0
0 5 12 3 9 1
0 1121.5 0.0 1546.6 0.0 593.8 0.0 0.0 0.0 4992.6 0.0 0.0 1953.4
**********2022-05-23 23:07:38**********
60209.531 60229.859 0.034 913.398 939.06 
0 10
0 0 0 0 0 0 0 0 0 0 10208.0 0 0
0 4 11 6 7 8 2
0 -0.0 436.2 0.0 110.5 0.0 481.5 872.0 0.0 0.0 0.0 8307.8 0.0
0 5 12 3 9 1
0 1121.5 0.0 1546.6 0.0 593.8 0.0 0.0 0.0 4992.6 0.0 0.0 1953.4
**********2022-05-23 23:07:44**********
60209.626 60229.859 0.034 913.398 944.637 
0 10
0 0 0 0 0 0 0 0 0 0 10208.0 0 0
0 4 11 6 7 8 2
0 -0.0 436.2 0.0 110.5 0.0 481.5 872.0 0.0 0.0 0.0 8307.8 0.0
0 5 12 3 9 1
0 1121.5 0.0 1546.6 0.0 593.8 0.0 0.0 0.0 4992.6 0.0 0.0 1953.4
**********2022-05-23 23:07:50**********
60209.665 60229.859 0.034 913.398 951.543 
0 10
0 0 0 0 0 0 0 0 0 0 10208.0 0 0
0 4 11 6 7 8 2
0 -0.0 436.2 0.0 110.5 0.0 481.5 872.0 0.0 0.0 0.0 8307.8 0.0
0 5 12 3 9 1
0 1121.5 0.0 1546.6 0.0 593.8 0.0 0.0 0.0 4992.6 0.0 0.0 1953.4
**********2022-05-23 23:07:53**********
60209.665 60229.859 0.034 913.398 954.036 
0 10
0 0 0 0 0 0 0 0 0 0 10208.0 0 0
0 4 11 6 7 8 2
0 -0.0 436.2 0.0 110.5 0.0 481.5 872.0 0.0 0.0 0.0 8307.8 0.0
0 5 12 3 9 1
0 1121.5 0.0 1546.6 0.0 593.8 0.0 0.0 0.0 4992.6 0.0 0.0 1953.4
**********2022-05-23 23:07:54**********
60209.665 60229.859 0.034 913.398 955.161 
0 10
0 0 0 0 0 0 0 0 0 0 10208.0 0 0
0 4 11 6 7 8 2
0 -0.0 436.2 0.0 110.5 0.0 481.5 872.0 0.0 0.0 0.0 8307.8 0.0
0 5 12 3 9 1
0 1121.5 0.0 1546.6 0.0 593.8 0.0 0.0 0.0 4992.6 0.0 0.0 1953.4
**********2022-05-23 23:07:56**********
60209.665 60229.859 0.034 913.398 957.285 
0 10
0 0 0 0 0 0 0 0 0 0 10208.0 0 0
0 4 11 6 7 8 2
0 -0.0 436.2 0.0 110.5 0.0 481.5 872.0 0.0 0.0 0.0 8307.8 0.0
0 5 12 3 9 1
0 1121.5 0.0 1546.6 0.0 593.8 0.0 0.0 0.0 4992.6 0.0 0.0 1953.4
**********2022-05-23 23:07:59**********
60209.697 60229.859 0.033 913.398 959.918 
0 10
0 0 0 0 0 0 0 0 0 0 10208.0 0 0
0 4 11 6 7 8 2
0 -0.0 436.2 0.0 110.5 0.0 481.5 872.0 0.0 0.0 0.0 8307.8 0.0
0 5 12 3 9 1
0 1121.5 0.0 1546.6 0.0 593.8 0.0 0.0 0.0 4992.6 0.0 0.0 1953.4
**********2022-05-23 23:08:02**********
60209.709 60229.859 0.033 913.398 962.949 
0 10
0 0 0 0 0 0 0 0 0 0 10208.0 0 0
0 4 11 6 7 8 2
0 -0.0 436.2 0.0 110.5 0.0 481.5 872.0 0.0 0.0 0.0 8307.8 0.0
0 5 12 3 9 1
0 1121.5 0.0 1546.6 0.0 593.8 0.0 0.0 0.0 4992.6 0.0 0.0 1953.4
**********2022-05-23 23:08:08**********
60209.74 60229.859 0.033 913.398 969.223 
0 10
0 0 0 0 0 0 0 0 0 0 10208.0 0 0
0 4 11 6 7 8 2
0 -0.0 436.2 0.0 110.5 0.0 481.5 872.0 0.0 0.0 0.0 8307.8 0.0
0 5 12 3 9 1
0 1121.5 0.0 1546.6 0.0 593.8 0.0 0.0 0.0 4992.6 0.0 0.0 1953.4
**********2022-05-23 23:08:13**********
60209.765 60229.859 0.033 913.398 973.67 
0 10
0 0 0 0 0 0 0 0 0 0 10208.0 0 0
0 4 11 6 7 8 2
0 -0.0 436.2 0.0 110.5 0.0 481.5 872.0 0.0 0.0 0.0 8307.8 0.0
0 5 12 3 9 1
0 1121.5 0.0 1546.6 0.0 593.8 0.0 0.0 0.0 4992.6 0.0 0.0 1953.4
**********2022-05-23 23:08:17**********
60209.765 60229.859 0.033 913.398 977.653 
0 10
0 0 0 0 0 0 0 0 0 0 10208.0 0 0
0 4 11 6 7 8 2
0 -0.0 436.2 0.0 110.5 0.0 481.5 872.0 0.0 0.0 0.0 8307.8 0.0
0 5 12 3 9 1
0 1121.5 0.0 1546.6 0.0 593.8 0.0 0.0 0.0 4992.6 0.0 0.0 1953.4
**********2022-05-23 23:08:22**********
60209.789 60229.859 0.033 913.398 982.694 
0 10
0 0 0 0 0 0 0 0 0 0 10208.0 0 0
0 4 11 6 7 8 2
0 -0.0 436.2 0.0 110.5 0.0 481.5 872.0 0.0 0.0 0.0 8307.8 0.0
0 5 12 3 9 1
0 1121.5 0.0 1546.6 0.0 593.8 0.0 0.0 0.0 4992.6 0.0 0.0 1953.4
**********2022-05-23 23:08:25**********
60209.793 60229.859 0.033 913.398 985.723 
0 10
0 0 0 0 0 0 0 0 0 0 10208.0 0 0
0 4 11 6 7 8 2
0 -0.0 436.2 0.0 110.5 0.0 481.5 872.0 0.0 0.0 0.0 8307.8 0.0
0 5 12 3 9 1
0 1121.5 0.0 1546.6 0.0 593.8 0.0 0.0 0.0 4992.6 0.0 0.0 1953.4
**********2022-05-23 23:08:29**********
60209.822 60229.859 0.033 913.398 989.583 
0 10
0 0 0 0 0 0 0 0 0 0 10208.0 0 0
0 4 11 6 7 8 2
0 -0.0 436.2 0.0 110.5 0.0 481.5 872.0 0.0 0.0 0.0 8307.8 0.0
0 5 12 3 9 1
0 1121.5 0.0 1546.6 0.0 593.8 0.0 0.0 0.0 4992.6 0.0 0.0 1953.4
**********2022-05-23 23:08:32**********
60209.85 60229.859 0.033 913.398 992.67 
0 10
0 0 0 0 0 0 0 0 0 0 10208.0 0 0
0 4 11 6 7 8 2
0 -0.0 436.2 0.0 110.5 0.0 481.5 872.0 0.0 0.0 0.0 8307.8 0.0
0 5 12 3 9 1
0 1121.5 0.0 1546.6 0.0 593.8 0.0 0.0 0.0 4992.6 0.0 0.0 1953.4
**********2022-05-23 23:08:36**********
60209.855 60229.859 0.033 913.398 997.345 
0 10
0 0 0 0 0 0 0 0 0 0 10208.0 0 0
0 4 11 6 7 8 2
0 -0.0 436.2 0.0 110.5 0.0 481.5 872.0 0.0 0.0 0.0 8307.8 0.0
0 5 12 3 9 1
0 1121.5 0.0 1546.6 0.0 593.8 0.0 0.0 0.0 4992.6 0.0 0.0 1953.4
**********2022-05-23 23:08:42**********
60209.861 60229.859 0.033 913.398 1002.999 
0 10
0 0 0 0 0 0 0 0 0 0 10208.0 0 0
0 4 11 6 7 8 2
0 -0.0 436.2 0.0 110.5 0.0 481.5 872.0 0.0 0.0 0.0 8307.8 0.0
0 5 12 3 9 1
0 1121.5 0.0 1546.6 0.0 593.8 0.0 0.0 0.0 4992.6 0.0 0.0 1953.4
**********2022-05-23 23:08:46**********
60209.944 60229.859 0.033 913.398 1007.173 
0 10
0 0 0 0 0 0 0 0 0 0 10208.0 0 0
0 4 11 6 7 8 2
0 -0.0 436.2 0.0 110.5 0.0 481.5 872.0 0.0 0.0 0.0 8307.8 0.0
0 5 12 3 9 1
0 1121.5 0.0 1546.6 0.0 593.8 0.0 0.0 0.0 4992.6 0.0 0.0 1953.4
