**********2022-05-25 11:07:26**********
55077.0 55200.549 0.224 3.826 3.826 
0 11 7 1 4
0 853.2 0 0 796.3 0 0 15.3 0 0 0 1323.2 0
0 6 3
0 0 0 982.3 0 0 2005.7 0 0 0 0 0 0
0 10 12 9 8 5 2
0 0 1.4 0 0 618.7 0 0 90.6 401.4 1569.1 0 306.8
**********2022-05-25 11:07:30**********
55077.0 55137.164 0.109 8.07 8.07 
0 12 1 4 5 9
0 851.0 0 0 794.2 626.1 0 0 0 406.3 0 0 310.5
0 3 6
0 0 0 982.3 0 0 2005.7 0 0 0 0 0 0
0 11 8 10 2 7
0 0 1.4 0 0 0 0 15.1 90.8 0 1573.2 1307.5 0
**********2022-05-25 11:07:34**********
55077.0 55137.164 0.109 8.07 12.69 
0 12 1 4 5 9
0 851.0 0 0 794.2 626.1 0 0 0 406.3 0 0 310.5
0 3 6
0 0 0 982.3 0 0 2005.7 0 0 0 0 0 0
0 11 8 10 2 7
0 0 1.4 0 0 0 0 15.1 90.8 0 1573.2 1307.5 0
**********2022-05-25 11:07:38**********
55077.0 55137.164 0.109 8.07 15.755 
0 12 1 4 5 9
0 851.0 0 0 794.2 626.1 0 0 0 406.3 0 0 310.5
0 3 6
0 0 0 982.3 0 0 2005.7 0 0 0 0 0 0
0 11 8 10 2 7
0 0 1.4 0 0 0 0 15.1 90.8 0 1573.2 1307.5 0
**********2022-05-25 11:07:41**********
55077.0 55137.164 0.109 8.07 18.967 
0 12 1 4 5 9
0 851.0 0 0 794.2 626.1 0 0 0 406.3 0 0 310.5
0 3 6
0 0 0 982.3 0 0 2005.7 0 0 0 0 0 0
0 11 8 10 2 7
0 0 1.4 0 0 0 0 15.1 90.8 0 1573.2 1307.5 0
**********2022-05-25 11:07:43**********
55077.0 55137.164 0.109 8.07 21.566 
0 12 1 4 5 9
0 851.0 0 0 794.2 626.1 0 0 0 406.3 0 0 310.5
0 3 6
0 0 0 982.3 0 0 2005.7 0 0 0 0 0 0
0 11 8 10 2 7
0 0 1.4 0 0 0 0 15.1 90.8 0 1573.2 1307.5 0
**********2022-05-25 11:07:46**********
55077.0 55137.164 0.109 8.07 24.245 
0 12 1 4 5 9
0 851.0 0 0 794.2 626.1 0 0 0 406.3 0 0 310.5
0 3 6
0 0 0 982.3 0 0 2005.7 0 0 0 0 0 0
0 11 8 10 2 7
0 0 1.4 0 0 0 0 15.1 90.8 0 1573.2 1307.5 0
**********2022-05-25 11:07:49**********
55077.0 55137.164 0.109 8.07 26.775 
0 12 1 4 5 9
0 851.0 0 0 794.2 626.1 0 0 0 406.3 0 0 310.5
0 3 6
0 0 0 982.3 0 0 2005.7 0 0 0 0 0 0
0 11 8 10 2 7
0 0 1.4 0 0 0 0 15.1 90.8 0 1573.2 1307.5 0
**********2022-05-25 11:07:51**********
55077.0 55137.164 0.109 8.07 29.417 
0 12 1 4 5 9
0 851.0 0 0 794.2 626.1 0 0 0 406.3 0 0 310.5
0 3 6
0 0 0 982.3 0 0 2005.7 0 0 0 0 0 0
0 11 8 10 2 7
0 0 1.4 0 0 0 0 15.1 90.8 0 1573.2 1307.5 0
**********2022-05-25 11:07:54**********
55077.0 55137.164 0.109 8.07 32.299 
0 12 1 4 5 9
0 851.0 0 0 794.2 626.1 0 0 0 406.3 0 0 310.5
0 3 6
0 0 0 982.3 0 0 2005.7 0 0 0 0 0 0
0 11 8 10 2 7
0 0 1.4 0 0 0 0 15.1 90.8 0 1573.2 1307.5 0
**********2022-05-25 11:07:58**********
55077.0 55123.821 0.085 35.758 35.758 
0 2 11 12 5 4
0 0 1.4 0 777.5 613.0 0 0 0 0 0 1292.1 304.0
0 9 10 3
0 0 0 992.5 0 0 0 0 0 406.5 1589.0 0 0
0 1 6 8 7
0 852.4 0 0 0 0 2028.5 15.2 91.9 0 0 0 0
**********2022-05-25 11:08:00**********
55077.0 55123.821 0.085 35.758 38.399 
0 2 11 12 5 4
0 0 1.4 0 777.5 613.0 0 0 0 0 0 1292.1 304.0
0 9 10 3
0 0 0 992.5 0 0 0 0 0 406.5 1589.0 0 0
0 1 6 8 7
0 852.4 0 0 0 0 2028.5 15.2 91.9 0 0 0 0
**********2022-05-25 11:08:03**********
55077.0 55123.821 0.085 35.758 41.544 
0 2 11 12 5 4
0 0 1.4 0 777.5 613.0 0 0 0 0 0 1292.1 304.0
0 9 10 3
0 0 0 992.5 0 0 0 0 0 406.5 1589.0 0 0
0 1 6 8 7
0 852.4 0 0 0 0 2028.5 15.2 91.9 0 0 0 0
**********2022-05-25 11:08:06**********
55077.0 55123.821 0.085 35.758 44.74 
0 2 11 12 5 4
0 0 1.4 0 777.5 613.0 0 0 0 0 0 1292.1 304.0
0 9 10 3
0 0 0 992.5 0 0 0 0 0 406.5 1589.0 0 0
0 1 6 8 7
0 852.4 0 0 0 0 2028.5 15.2 91.9 0 0 0 0
**********2022-05-25 11:08:10**********
55077.0 55123.821 0.085 35.758 48.0 
0 2 11 12 5 4
0 0 1.4 0 777.5 613.0 0 0 0 0 0 1292.1 304.0
0 9 10 3
0 0 0 992.5 0 0 0 0 0 406.5 1589.0 0 0
0 1 6 8 7
0 852.4 0 0 0 0 2028.5 15.2 91.9 0 0 0 0
**********2022-05-25 11:08:13**********
55077.0 55123.821 0.085 35.758 50.811 
0 2 11 12 5 4
0 0 1.4 0 777.5 613.0 0 0 0 0 0 1292.1 304.0
0 9 10 3
0 0 0 992.5 0 0 0 0 0 406.5 1589.0 0 0
0 1 6 8 7
0 852.4 0 0 0 0 2028.5 15.2 91.9 0 0 0 0
**********2022-05-25 11:08:15**********
55077.0 55122.303 0.082 53.237 53.237 
0 11 3 9 12
0 0 0 978.6 0 0 0 0 0 400.8 0 1302.2 306.3
0 4 2 10 5
0 0 1.4 0 788.5 621.6 0 0 0 0 1576.5 0 0
0 8 6 7 1
0 852.4 0 0 0 0 2028.5 15.2 91.9 0 0 0 0
**********2022-05-25 11:08:17**********
55077.0 55122.303 0.082 53.237 55.302 
0 11 3 9 12
0 0 0 978.6 0 0 0 0 0 400.8 0 1302.2 306.3
0 4 2 10 5
0 0 1.4 0 788.5 621.6 0 0 0 0 1576.5 0 0
0 8 6 7 1
0 852.4 0 0 0 0 2028.5 15.2 91.9 0 0 0 0
**********2022-05-25 11:08:19**********
55077.0 55122.303 0.082 53.237 57.668 
0 11 3 9 12
0 0 0 978.6 0 0 0 0 0 400.8 0 1302.2 306.3
0 4 2 10 5
0 0 1.4 0 788.5 621.6 0 0 0 0 1576.5 0 0
0 8 6 7 1
0 852.4 0 0 0 0 2028.5 15.2 91.9 0 0 0 0
**********2022-05-25 11:08:22**********
55077.0 55122.303 0.082 53.237 60.475 
0 11 3 9 12
0 0 0 978.6 0 0 0 0 0 400.8 0 1302.2 306.3
0 4 2 10 5
0 0 1.4 0 788.5 621.6 0 0 0 0 1576.5 0 0
0 8 6 7 1
0 852.4 0 0 0 0 2028.5 15.2 91.9 0 0 0 0
**********2022-05-25 11:08:26**********
55077.0 55122.303 0.082 53.237 63.822 
0 11 3 9 12
0 0 0 978.6 0 0 0 0 0 400.8 0 1302.2 306.3
0 4 2 10 5
0 0 1.4 0 788.5 621.6 0 0 0 0 1576.5 0 0
0 8 6 7 1
0 852.4 0 0 0 0 2028.5 15.2 91.9 0 0 0 0
**********2022-05-25 11:08:28**********
55077.0 55122.303 0.082 53.237 66.321 
0 11 3 9 12
0 0 0 978.6 0 0 0 0 0 400.8 0 1302.2 306.3
0 4 2 10 5
0 0 1.4 0 788.5 621.6 0 0 0 0 1576.5 0 0
0 8 6 7 1
0 852.4 0 0 0 0 2028.5 15.2 91.9 0 0 0 0
**********2022-05-25 11:08:31**********
55077.0 55122.303 0.082 53.237 68.843 
0 11 3 9 12
0 0 0 978.6 0 0 0 0 0 400.8 0 1302.2 306.3
0 4 2 10 5
0 0 1.4 0 788.5 621.6 0 0 0 0 1576.5 0 0
0 8 6 7 1
0 852.4 0 0 0 0 2028.5 15.2 91.9 0 0 0 0
**********2022-05-25 11:08:33**********
55077.0 55122.303 0.082 53.237 70.909 
0 11 3 9 12
0 0 0 978.6 0 0 0 0 0 400.8 0 1302.2 306.3
0 4 2 10 5
0 0 1.4 0 788.5 621.6 0 0 0 0 1576.5 0 0
0 8 6 7 1
0 852.4 0 0 0 0 2028.5 15.2 91.9 0 0 0 0
**********2022-05-25 11:08:35**********
55077.0 55122.303 0.082 53.237 73.294 
0 11 3 9 12
0 0 0 978.6 0 0 0 0 0 400.8 0 1302.2 306.3
0 4 2 10 5
0 0 1.4 0 788.5 621.6 0 0 0 0 1576.5 0 0
0 8 6 7 1
0 852.4 0 0 0 0 2028.5 15.2 91.9 0 0 0 0
**********2022-05-25 11:08:37**********
55077.0 55122.303 0.082 53.237 75.269 
0 11 3 9 12
0 0 0 978.6 0 0 0 0 0 400.8 0 1302.2 306.3
0 4 2 10 5
0 0 1.4 0 788.5 621.6 0 0 0 0 1576.5 0 0
0 8 6 7 1
0 852.4 0 0 0 0 2028.5 15.2 91.9 0 0 0 0
**********2022-05-25 11:08:40**********
55077.0 55122.303 0.082 53.237 77.836 
0 11 3 9 12
0 0 0 978.6 0 0 0 0 0 400.8 0 1302.2 306.3
0 4 2 10 5
0 0 1.4 0 788.5 621.6 0 0 0 0 1576.5 0 0
0 8 6 7 1
0 852.4 0 0 0 0 2028.5 15.2 91.9 0 0 0 0
**********2022-05-25 11:08:42**********
55077.0 55121.755 0.081 80.117 80.117 
0 4 10 5
0 0 0 0 788.8 621.9 0 0 0 0 1577.2 0 0
0 6 7 3 2
0 0 1.4 976.9 0 0 1994.7 15.0 0 0 0 0 0
0 11 1 12 9 8
0 853.5 0 0 0 0 0 0 92.0 407.5 0 1323.7 311.4
**********2022-05-25 11:08:45**********
55077.0 55121.755 0.081 80.117 82.999 
0 4 10 5
0 0 0 0 788.8 621.9 0 0 0 0 1577.2 0 0
0 6 7 3 2
0 0 1.4 976.9 0 0 1994.7 15.0 0 0 0 0 0
0 11 1 12 9 8
0 853.5 0 0 0 0 0 0 92.0 407.5 0 1323.7 311.4
**********2022-05-25 11:08:47**********
55077.0 55121.755 0.081 80.117 84.943 
0 4 10 5
0 0 0 0 788.8 621.9 0 0 0 0 1577.2 0 0
0 6 7 3 2
0 0 1.4 976.9 0 0 1994.7 15.0 0 0 0 0 0
0 11 1 12 9 8
0 853.5 0 0 0 0 0 0 92.0 407.5 0 1323.7 311.4
**********2022-05-25 20:36:04**********
55077.0 55146.398 0.126 2.943 2.943 
0 8 2 10 11 7
0 0 1.4 0 0 0 0 15.1 90.8 0 1573.2 1307.5 0
0 6 3
0 0 0 982.3 0 0 2005.7 0 0 0 0 0 0
0 12 9 5 4 1
0 851.0 0 0 794.2 626.1 0 0 0 406.3 0 0 310.5
**********2022-05-25 20:36:08**********
55077.0 55140.426 0.115 6.508 6.508 
0 12 1 4 9 5
0 851.0 0 0 794.2 626.1 0 0 0 406.3 0 0 310.5
0 10 11 7 8
0 0 0 0 0 0 0 15.1 90.9 0 1573.9 1308.1 0
0 6 2 3
0 0 1.4 981.8 0 0 2004.8 0 0 0 0 0 0
**********2022-05-25 20:36:12**********
55077.0 55140.426 0.115 6.508 10.555 
0 12 1 4 9 5
0 851.0 0 0 794.2 626.1 0 0 0 406.3 0 0 310.5
0 10 11 7 8
0 0 0 0 0 0 0 15.1 90.9 0 1573.9 1308.1 0
0 6 2 3
0 0 1.4 981.8 0 0 2004.8 0 0 0 0 0 0
**********2022-05-25 20:36:15**********
55077.0 55124.614 0.086 13.383 13.383 
0 5 10 4 7
0 0 0 0 784.9 618.8 0 15.0 0 0 1569.3 0 0
0 6 3
0 0 0 982.3 0 0 2005.7 0 0 0 0 0 0
0 11 8 9 12 2 1
0 853.1 1.4 0 0 0 0 0 91.9 407.3 0 1323.1 311.2
**********2022-05-25 20:36:18**********
55077.0 55124.614 0.086 13.383 16.672 
0 5 10 4 7
0 0 0 0 784.9 618.8 0 15.0 0 0 1569.3 0 0
0 6 3
0 0 0 982.3 0 0 2005.7 0 0 0 0 0 0
0 11 8 9 12 2 1
0 853.1 1.4 0 0 0 0 0 91.9 407.3 0 1323.1 311.2
**********2022-05-25 20:36:20**********
55077.0 55124.614 0.086 13.383 19.237 
0 5 10 4 7
0 0 0 0 784.9 618.8 0 15.0 0 0 1569.3 0 0
0 6 3
0 0 0 982.3 0 0 2005.7 0 0 0 0 0 0
0 11 8 9 12 2 1
0 853.1 1.4 0 0 0 0 0 91.9 407.3 0 1323.1 311.2
**********2022-05-25 20:36:23**********
55077.0 55124.614 0.086 13.383 22.063 
0 5 10 4 7
0 0 0 0 784.9 618.8 0 15.0 0 0 1569.3 0 0
0 6 3
0 0 0 982.3 0 0 2005.7 0 0 0 0 0 0
0 11 8 9 12 2 1
0 853.1 1.4 0 0 0 0 0 91.9 407.3 0 1323.1 311.2
**********2022-05-25 20:36:27**********
55077.0 55124.614 0.086 13.383 25.588 
0 5 10 4 7
0 0 0 0 784.9 618.8 0 15.0 0 0 1569.3 0 0
0 6 3
0 0 0 982.3 0 0 2005.7 0 0 0 0 0 0
0 11 8 9 12 2 1
0 853.1 1.4 0 0 0 0 0 91.9 407.3 0 1323.1 311.2
**********2022-05-25 20:36:30**********
55077.0 55124.614 0.086 13.383 28.944 
0 5 10 4 7
0 0 0 0 784.9 618.8 0 15.0 0 0 1569.3 0 0
0 6 3
0 0 0 982.3 0 0 2005.7 0 0 0 0 0 0
0 11 8 9 12 2 1
0 853.1 1.4 0 0 0 0 0 91.9 407.3 0 1323.1 311.2
**********2022-05-25 20:36:33**********
55077.0 55124.614 0.086 13.383 31.612 
0 5 10 4 7
0 0 0 0 784.9 618.8 0 15.0 0 0 1569.3 0 0
0 6 3
0 0 0 982.3 0 0 2005.7 0 0 0 0 0 0
0 11 8 9 12 2 1
0 853.1 1.4 0 0 0 0 0 91.9 407.3 0 1323.1 311.2
**********2022-05-25 20:36:35**********
55077.0 55124.614 0.086 13.383 34.144 
0 5 10 4 7
0 0 0 0 784.9 618.8 0 15.0 0 0 1569.3 0 0
0 6 3
0 0 0 982.3 0 0 2005.7 0 0 0 0 0 0
0 11 8 9 12 2 1
0 853.1 1.4 0 0 0 0 0 91.9 407.3 0 1323.1 311.2
**********2022-05-25 20:36:38**********
55077.0 55124.614 0.086 13.383 36.439 
0 5 10 4 7
0 0 0 0 784.9 618.8 0 15.0 0 0 1569.3 0 0
0 6 3
0 0 0 982.3 0 0 2005.7 0 0 0 0 0 0
0 11 8 9 12 2 1
0 853.1 1.4 0 0 0 0 0 91.9 407.3 0 1323.1 311.2
**********2022-05-25 20:36:40**********
55077.0 55124.614 0.086 13.383 39.043 
0 5 10 4 7
0 0 0 0 784.9 618.8 0 15.0 0 0 1569.3 0 0
0 6 3
0 0 0 982.3 0 0 2005.7 0 0 0 0 0 0
0 11 8 9 12 2 1
0 853.1 1.4 0 0 0 0 0 91.9 407.3 0 1323.1 311.2
**********2022-05-25 20:36:43**********
55077.0 55124.614 0.086 13.383 41.322 
0 5 10 4 7
0 0 0 0 784.9 618.8 0 15.0 0 0 1569.3 0 0
0 6 3
0 0 0 982.3 0 0 2005.7 0 0 0 0 0 0
0 11 8 9 12 2 1
0 853.1 1.4 0 0 0 0 0 91.9 407.3 0 1323.1 311.2
**********2022-05-25 20:36:45**********
55077.0 55124.614 0.086 13.383 43.57 
0 5 10 4 7
0 0 0 0 784.9 618.8 0 15.0 0 0 1569.3 0 0
0 6 3
0 0 0 982.3 0 0 2005.7 0 0 0 0 0 0
0 11 8 9 12 2 1
0 853.1 1.4 0 0 0 0 0 91.9 407.3 0 1323.1 311.2
**********2022-05-25 20:36:48**********
55077.0 55124.614 0.086 13.383 46.542 
0 5 10 4 7
0 0 0 0 784.9 618.8 0 15.0 0 0 1569.3 0 0
0 6 3
0 0 0 982.3 0 0 2005.7 0 0 0 0 0 0
0 11 8 9 12 2 1
0 853.1 1.4 0 0 0 0 0 91.9 407.3 0 1323.1 311.2
**********2022-05-25 20:36:51**********
55077.0 55124.614 0.086 13.383 49.588 
0 5 10 4 7
0 0 0 0 784.9 618.8 0 15.0 0 0 1569.3 0 0
0 6 3
0 0 0 982.3 0 0 2005.7 0 0 0 0 0 0
0 11 8 9 12 2 1
0 853.1 1.4 0 0 0 0 0 91.9 407.3 0 1323.1 311.2
**********2022-05-25 20:37:03**********
55077.0 55124.614 0.086 13.383 62.145 
0 5 10 4 7
0 0 0 0 784.9 618.8 0 15.0 0 0 1569.3 0 0
0 6 3
0 0 0 982.3 0 0 2005.7 0 0 0 0 0 0
0 11 8 9 12 2 1
0 853.1 1.4 0 0 0 0 0 91.9 407.3 0 1323.1 311.2
**********2022-05-25 20:37:06**********
55077.0 55124.614 0.086 13.383 64.916 
0 5 10 4 7
0 0 0 0 784.9 618.8 0 15.0 0 0 1569.3 0 0
0 6 3
0 0 0 982.3 0 0 2005.7 0 0 0 0 0 0
0 11 8 9 12 2 1
0 853.1 1.4 0 0 0 0 0 91.9 407.3 0 1323.1 311.2
**********2022-05-25 20:37:09**********
55077.0 55124.614 0.086 13.383 67.532 
0 5 10 4 7
0 0 0 0 784.9 618.8 0 15.0 0 0 1569.3 0 0
0 6 3
0 0 0 982.3 0 0 2005.7 0 0 0 0 0 0
0 11 8 9 12 2 1
0 853.1 1.4 0 0 0 0 0 91.9 407.3 0 1323.1 311.2
**********2022-05-25 20:37:12**********
55077.0 55124.614 0.086 13.383 71.105 
0 5 10 4 7
0 0 0 0 784.9 618.8 0 15.0 0 0 1569.3 0 0
0 6 3
0 0 0 982.3 0 0 2005.7 0 0 0 0 0 0
0 11 8 9 12 2 1
0 853.1 1.4 0 0 0 0 0 91.9 407.3 0 1323.1 311.2
**********2022-05-25 20:37:15**********
55077.0 55124.614 0.086 13.383 73.479 
0 5 10 4 7
0 0 0 0 784.9 618.8 0 15.0 0 0 1569.3 0 0
0 6 3
0 0 0 982.3 0 0 2005.7 0 0 0 0 0 0
0 11 8 9 12 2 1
0 853.1 1.4 0 0 0 0 0 91.9 407.3 0 1323.1 311.2
**********2022-05-25 20:37:17**********
55077.0 55124.614 0.086 13.383 76.164 
0 5 10 4 7
0 0 0 0 784.9 618.8 0 15.0 0 0 1569.3 0 0
0 6 3
0 0 0 982.3 0 0 2005.7 0 0 0 0 0 0
0 11 8 9 12 2 1
0 853.1 1.4 0 0 0 0 0 91.9 407.3 0 1323.1 311.2
**********2022-05-25 20:37:20**********
55077.0 55124.614 0.086 13.383 78.352 
0 5 10 4 7
0 0 0 0 784.9 618.8 0 15.0 0 0 1569.3 0 0
0 6 3
0 0 0 982.3 0 0 2005.7 0 0 0 0 0 0
0 11 8 9 12 2 1
0 853.1 1.4 0 0 0 0 0 91.9 407.3 0 1323.1 311.2
**********2022-05-25 20:37:22**********
55077.0 55124.614 0.086 13.383 81.006 
0 5 10 4 7
0 0 0 0 784.9 618.8 0 15.0 0 0 1569.3 0 0
0 6 3
0 0 0 982.3 0 0 2005.7 0 0 0 0 0 0
0 11 8 9 12 2 1
0 853.1 1.4 0 0 0 0 0 91.9 407.3 0 1323.1 311.2
**********2022-05-25 20:37:25**********
55077.0 55124.614 0.086 13.383 83.984 
0 5 10 4 7
0 0 0 0 784.9 618.8 0 15.0 0 0 1569.3 0 0
0 6 3
0 0 0 982.3 0 0 2005.7 0 0 0 0 0 0
0 11 8 9 12 2 1
0 853.1 1.4 0 0 0 0 0 91.9 407.3 0 1323.1 311.2
**********2022-05-25 20:37:29**********
55077.0 55124.614 0.086 13.383 87.728 
0 5 10 4 7
0 0 0 0 784.9 618.8 0 15.0 0 0 1569.3 0 0
0 6 3
0 0 0 982.3 0 0 2005.7 0 0 0 0 0 0
0 11 8 9 12 2 1
0 853.1 1.4 0 0 0 0 0 91.9 407.3 0 1323.1 311.2
**********2022-05-25 20:37:31**********
55077.0 55124.614 0.086 13.383 89.978 
0 5 10 4 7
0 0 0 0 784.9 618.8 0 15.0 0 0 1569.3 0 0
0 6 3
0 0 0 982.3 0 0 2005.7 0 0 0 0 0 0
0 11 8 9 12 2 1
0 853.1 1.4 0 0 0 0 0 91.9 407.3 0 1323.1 311.2
**********2022-05-25 20:37:34**********
55077.0 55118.998 0.076 93.194 93.194 
0 3 6
0 0 0 982.3 0 0 2005.7 0 0 0 0 0 0
0 8 10 12 9 5
0 0 0 0 0 619.0 0 0 90.7 401.6 1569.8 0 306.9
0 7 4 11 1 2
0 852.8 1.4 0.0 795.9 0.0 0.0 15.2 0.0 0.0 0.0 1322.6 0.0
**********2022-05-25 20:37:36**********
55077.0 55118.998 0.076 93.194 95.162 
0 3 6
0 0 0 982.3 0 0 2005.7 0 0 0 0 0 0
0 8 10 12 9 5
0 0 0 0 0 619.0 0 0 90.7 401.6 1569.8 0 306.9
0 7 4 11 1 2
0 852.8 1.4 0.0 795.9 0.0 0.0 15.2 0.0 0.0 0.0 1322.6 0.0
**********2022-05-25 20:37:38**********
55077.0 55118.998 0.076 93.194 97.188 
0 3 6
0 0 0 982.3 0 0 2005.7 0 0 0 0 0 0
0 8 10 12 9 5
0 0 0 0 0 619.0 0 0 90.7 401.6 1569.8 0 306.9
0 7 4 11 1 2
0 852.8 1.4 0.0 795.9 0.0 0.0 15.2 0.0 0.0 0.0 1322.6 0.0
**********2022-05-25 20:37:41**********
55077.0 55118.998 0.076 93.194 99.5 
0 3 6
0 0 0 982.3 0 0 2005.7 0 0 0 0 0 0
0 8 10 12 9 5
0 0 0 0 0 619.0 0 0 90.7 401.6 1569.8 0 306.9
0 7 4 11 1 2
0 852.8 1.4 0.0 795.9 0.0 0.0 15.2 0.0 0.0 0.0 1322.6 0.0
**********2022-05-25 20:37:43**********
55077.0 55118.998 0.076 93.194 101.686 
0 3 6
0 0 0 982.3 0 0 2005.7 0 0 0 0 0 0
0 8 10 12 9 5
0 0 0 0 0 619.0 0 0 90.7 401.6 1569.8 0 306.9
0 7 4 11 1 2
0 852.8 1.4 0.0 795.9 0.0 0.0 15.2 0.0 0.0 0.0 1322.6 0.0
**********2022-05-25 20:37:45**********
55077.0 55118.998 0.076 93.194 103.312 
0 3 6
0 0 0 982.3 0 0 2005.7 0 0 0 0 0 0
0 8 10 12 9 5
0 0 0 0 0 619.0 0 0 90.7 401.6 1569.8 0 306.9
0 7 4 11 1 2
0 852.8 1.4 0.0 795.9 0.0 0.0 15.2 0.0 0.0 0.0 1322.6 0.0
**********2022-05-25 20:37:47**********
55077.0 55118.998 0.076 93.194 105.598 
0 3 6
0 0 0 982.3 0 0 2005.7 0 0 0 0 0 0
0 8 10 12 9 5
0 0 0 0 0 619.0 0 0 90.7 401.6 1569.8 0 306.9
0 7 4 11 1 2
0 852.8 1.4 0.0 795.9 0.0 0.0 15.2 0.0 0.0 0.0 1322.6 0.0
**********2022-05-25 20:37:49**********
55077.0 55118.998 0.076 93.194 108.179 
0 3 6
0 0 0 982.3 0 0 2005.7 0 0 0 0 0 0
0 8 10 12 9 5
0 0 0 0 0 619.0 0 0 90.7 401.6 1569.8 0 306.9
0 7 4 11 1 2
0 852.8 1.4 0.0 795.9 0.0 0.0 15.2 0.0 0.0 0.0 1322.6 0.0
**********2022-05-25 20:37:52**********
55077.0 55118.998 0.076 93.194 110.723 
0 3 6
0 0 0 982.3 0 0 2005.7 0 0 0 0 0 0
0 8 10 12 9 5
0 0 0 0 0 619.0 0 0 90.7 401.6 1569.8 0 306.9
0 7 4 11 1 2
0 852.8 1.4 0.0 795.9 0.0 0.0 15.2 0.0 0.0 0.0 1322.6 0.0
**********2022-05-25 20:37:54**********
55077.0 55118.998 0.076 93.194 113.141 
0 3 6
0 0 0 982.3 0 0 2005.7 0 0 0 0 0 0
0 8 10 12 9 5
0 0 0 0 0 619.0 0 0 90.7 401.6 1569.8 0 306.9
0 7 4 11 1 2
0 852.8 1.4 0.0 795.9 0.0 0.0 15.2 0.0 0.0 0.0 1322.6 0.0
**********2022-05-25 20:37:57**********
55077.0 55118.316 0.075 115.991 115.991 
0 5 10 4 7
0 0 0 0 784.9 618.8 0 15.0 0 0 1569.3 0 0
0 11 2 3 9 12
0 0.0 1.4 978.2 0.0 0.0 0.0 0.0 0.0 400.7 0.0 1301.6 306.2
0 6 8 1
0 856.7 0 0 0 0 2038.9 0 92.3 0 0 0 0
**********2022-05-25 20:38:00**********
55077.0 55118.316 0.075 115.991 118.672 
0 5 10 4 7
0 0 0 0 784.9 618.8 0 15.0 0 0 1569.3 0 0
0 11 2 3 9 12
0 0.0 1.4 978.2 0.0 0.0 0.0 0.0 0.0 400.7 0.0 1301.6 306.2
0 6 8 1
0 856.7 0 0 0 0 2038.9 0 92.3 0 0 0 0
**********2022-05-25 20:38:02**********
55077.0 55118.316 0.075 115.991 121.139 
0 5 10 4 7
0 0 0 0 784.9 618.8 0 15.0 0 0 1569.3 0 0
0 11 2 3 9 12
0 0.0 1.4 978.2 0.0 0.0 0.0 0.0 0.0 400.7 0.0 1301.6 306.2
0 6 8 1
0 856.7 0 0 0 0 2038.9 0 92.3 0 0 0 0
**********2022-05-25 20:38:05**********
55077.0 55118.316 0.075 115.991 124.138 
0 5 10 4 7
0 0 0 0 784.9 618.8 0 15.0 0 0 1569.3 0 0
0 11 2 3 9 12
0 0.0 1.4 978.2 0.0 0.0 0.0 0.0 0.0 400.7 0.0 1301.6 306.2
0 6 8 1
0 856.7 0 0 0 0 2038.9 0 92.3 0 0 0 0
**********2022-05-25 20:38:06**********
55077.0 55118.316 0.075 115.991 125.229 
0 5 10 4 7
0 0 0 0 784.9 618.8 0 15.0 0 0 1569.3 0 0
0 11 2 3 9 12
0 0.0 1.4 978.2 0.0 0.0 0.0 0.0 0.0 400.7 0.0 1301.6 306.2
0 6 8 1
0 856.7 0 0 0 0 2038.9 0 92.3 0 0 0 0
**********2022-05-25 20:38:09**********
55077.0 55118.316 0.075 115.991 127.434 
0 5 10 4 7
0 0 0 0 784.9 618.8 0 15.0 0 0 1569.3 0 0
0 11 2 3 9 12
0 0.0 1.4 978.2 0.0 0.0 0.0 0.0 0.0 400.7 0.0 1301.6 306.2
0 6 8 1
0 856.7 0 0 0 0 2038.9 0 92.3 0 0 0 0
**********2022-05-25 20:38:12**********
55077.0 55118.316 0.075 115.991 130.913 
0 5 10 4 7
0 0 0 0 784.9 618.8 0 15.0 0 0 1569.3 0 0
0 11 2 3 9 12
0 0.0 1.4 978.2 0.0 0.0 0.0 0.0 0.0 400.7 0.0 1301.6 306.2
0 6 8 1
0 856.7 0 0 0 0 2038.9 0 92.3 0 0 0 0
**********2022-05-25 20:38:15**********
55077.0 55118.316 0.075 115.991 133.568 
0 5 10 4 7
0 0 0 0 784.9 618.8 0 15.0 0 0 1569.3 0 0
0 11 2 3 9 12
0 0.0 1.4 978.2 0.0 0.0 0.0 0.0 0.0 400.7 0.0 1301.6 306.2
0 6 8 1
0 856.7 0 0 0 0 2038.9 0 92.3 0 0 0 0
**********2022-05-25 20:38:18**********
55077.0 55118.316 0.075 115.991 136.461 
0 5 10 4 7
0 0 0 0 784.9 618.8 0 15.0 0 0 1569.3 0 0
0 11 2 3 9 12
0 0.0 1.4 978.2 0.0 0.0 0.0 0.0 0.0 400.7 0.0 1301.6 306.2
0 6 8 1
0 856.7 0 0 0 0 2038.9 0 92.3 0 0 0 0
**********2022-05-25 20:38:21**********
55077.0 55118.316 0.075 115.991 139.404 
0 5 10 4 7
0 0 0 0 784.9 618.8 0 15.0 0 0 1569.3 0 0
0 11 2 3 9 12
0 0.0 1.4 978.2 0.0 0.0 0.0 0.0 0.0 400.7 0.0 1301.6 306.2
0 6 8 1
0 856.7 0 0 0 0 2038.9 0 92.3 0 0 0 0
**********2022-05-25 20:38:23**********
55077.0 55118.316 0.075 115.991 141.982 
0 5 10 4 7
0 0 0 0 784.9 618.8 0 15.0 0 0 1569.3 0 0
0 11 2 3 9 12
0 0.0 1.4 978.2 0.0 0.0 0.0 0.0 0.0 400.7 0.0 1301.6 306.2
0 6 8 1
0 856.7 0 0 0 0 2038.9 0 92.3 0 0 0 0
**********2022-05-25 20:38:26**********
55077.0 55118.316 0.075 115.991 144.442 
0 5 10 4 7
0 0 0 0 784.9 618.8 0 15.0 0 0 1569.3 0 0
0 11 2 3 9 12
0 0.0 1.4 978.2 0.0 0.0 0.0 0.0 0.0 400.7 0.0 1301.6 306.2
0 6 8 1
0 856.7 0 0 0 0 2038.9 0 92.3 0 0 0 0
**********2022-05-25 20:38:30**********
55077.0 55118.316 0.075 115.991 148.991 
0 5 10 4 7
0 0 0 0 784.9 618.8 0 15.0 0 0 1569.3 0 0
0 11 2 3 9 12
0 0.0 1.4 978.2 0.0 0.0 0.0 0.0 0.0 400.7 0.0 1301.6 306.2
0 6 8 1
0 856.7 0 0 0 0 2038.9 0 92.3 0 0 0 0
**********2022-05-25 20:38:32**********
55077.0 55118.316 0.075 115.991 151.263 
0 5 10 4 7
0 0 0 0 784.9 618.8 0 15.0 0 0 1569.3 0 0
0 11 2 3 9 12
0 0.0 1.4 978.2 0.0 0.0 0.0 0.0 0.0 400.7 0.0 1301.6 306.2
0 6 8 1
0 856.7 0 0 0 0 2038.9 0 92.3 0 0 0 0
**********2022-05-25 20:38:35**********
55077.0 55118.316 0.075 115.991 153.821 
0 5 10 4 7
0 0 0 0 784.9 618.8 0 15.0 0 0 1569.3 0 0
0 11 2 3 9 12
0 0.0 1.4 978.2 0.0 0.0 0.0 0.0 0.0 400.7 0.0 1301.6 306.2
0 6 8 1
0 856.7 0 0 0 0 2038.9 0 92.3 0 0 0 0
**********2022-05-25 20:38:38**********
55077.0 55118.316 0.075 115.991 157.246 
0 5 10 4 7
0 0 0 0 784.9 618.8 0 15.0 0 0 1569.3 0 0
0 11 2 3 9 12
0 0.0 1.4 978.2 0.0 0.0 0.0 0.0 0.0 400.7 0.0 1301.6 306.2
0 6 8 1
0 856.7 0 0 0 0 2038.9 0 92.3 0 0 0 0
**********2022-05-25 20:38:41**********
55077.0 55118.316 0.075 115.991 160.091 
0 5 10 4 7
0 0 0 0 784.9 618.8 0 15.0 0 0 1569.3 0 0
0 11 2 3 9 12
0 0.0 1.4 978.2 0.0 0.0 0.0 0.0 0.0 400.7 0.0 1301.6 306.2
0 6 8 1
0 856.7 0 0 0 0 2038.9 0 92.3 0 0 0 0
**********2022-05-25 20:38:44**********
55077.0 55118.316 0.075 115.991 163.254 
0 5 10 4 7
0 0 0 0 784.9 618.8 0 15.0 0 0 1569.3 0 0
0 11 2 3 9 12
0 0.0 1.4 978.2 0.0 0.0 0.0 0.0 0.0 400.7 0.0 1301.6 306.2
0 6 8 1
0 856.7 0 0 0 0 2038.9 0 92.3 0 0 0 0
**********2022-05-25 20:38:47**********
55077.0 55118.316 0.075 115.991 165.414 
0 5 10 4 7
0 0 0 0 784.9 618.8 0 15.0 0 0 1569.3 0 0
0 11 2 3 9 12
0 0.0 1.4 978.2 0.0 0.0 0.0 0.0 0.0 400.7 0.0 1301.6 306.2
0 6 8 1
0 856.7 0 0 0 0 2038.9 0 92.3 0 0 0 0
**********2022-05-25 20:38:50**********
55077.0 55118.316 0.075 115.991 168.546 
0 5 10 4 7
0 0 0 0 784.9 618.8 0 15.0 0 0 1569.3 0 0
0 11 2 3 9 12
0 0.0 1.4 978.2 0.0 0.0 0.0 0.0 0.0 400.7 0.0 1301.6 306.2
0 6 8 1
0 856.7 0 0 0 0 2038.9 0 92.3 0 0 0 0
**********2022-05-25 20:38:53**********
55077.0 55111.874 0.063 172.103 172.103 
0 1 4 5 9 12
0 851.0 0 0 794.2 626.1 0 0 0 406.3 0 0 310.5
0 3 6
0 0 0 982.3 0 0 2005.7 0 0 0 0 0 0
0 7 2 10 11 8
0 0 1.4 0 0 0 0 15.1 90.8 0 1573.2 1307.5 0
**********2022-05-25 20:38:56**********
55077.0 55111.874 0.063 172.103 174.361 
0 1 4 5 9 12
0 851.0 0 0 794.2 626.1 0 0 0 406.3 0 0 310.5
0 3 6
0 0 0 982.3 0 0 2005.7 0 0 0 0 0 0
0 7 2 10 11 8
0 0 1.4 0 0 0 0 15.1 90.8 0 1573.2 1307.5 0
**********2022-05-25 20:38:59**********
55077.0 55111.874 0.063 177.953 177.953 
0 3 6
0 0 0 982.3 0 0 2005.7 0 0 0 0 0 0
0 1 4 5 9 12
0 851.0 0 0 794.2 626.1 0 0 0 406.3 0 0 310.5
0 7 2 10 11 8
0 0 1.4 0 0 0 0 15.1 90.8 0 1573.2 1307.5 0
**********2022-05-25 20:39:03**********
55077.0 55111.874 0.063 177.953 181.711 
0 3 6
0 0 0 982.3 0 0 2005.7 0 0 0 0 0 0
0 1 4 5 9 12
0 851.0 0 0 794.2 626.1 0 0 0 406.3 0 0 310.5
0 7 2 10 11 8
0 0 1.4 0 0 0 0 15.1 90.8 0 1573.2 1307.5 0
**********2022-05-25 20:39:06**********
55077.0 55111.874 0.063 177.953 184.833 
0 3 6
0 0 0 982.3 0 0 2005.7 0 0 0 0 0 0
0 1 4 5 9 12
0 851.0 0 0 794.2 626.1 0 0 0 406.3 0 0 310.5
0 7 2 10 11 8
0 0 1.4 0 0 0 0 15.1 90.8 0 1573.2 1307.5 0
**********2022-05-25 20:39:10**********
55077.0 55111.874 0.063 177.953 188.76 
0 3 6
0 0 0 982.3 0 0 2005.7 0 0 0 0 0 0
0 1 4 5 9 12
0 851.0 0 0 794.2 626.1 0 0 0 406.3 0 0 310.5
0 7 2 10 11 8
0 0 1.4 0 0 0 0 15.1 90.8 0 1573.2 1307.5 0
**********2022-05-25 20:39:13**********
55077.0 55111.874 0.063 177.953 191.929 
0 3 6
0 0 0 982.3 0 0 2005.7 0 0 0 0 0 0
0 1 4 5 9 12
0 851.0 0 0 794.2 626.1 0 0 0 406.3 0 0 310.5
0 7 2 10 11 8
0 0 1.4 0 0 0 0 15.1 90.8 0 1573.2 1307.5 0
**********2022-05-25 20:39:15**********
55077.0 55111.874 0.063 177.953 194.241 
0 3 6
0 0 0 982.3 0 0 2005.7 0 0 0 0 0 0
0 1 4 5 9 12
0 851.0 0 0 794.2 626.1 0 0 0 406.3 0 0 310.5
0 7 2 10 11 8
0 0 1.4 0 0 0 0 15.1 90.8 0 1573.2 1307.5 0
**********2022-05-25 20:39:19**********
55077.0 55111.874 0.063 177.953 197.372 
0 3 6
0 0 0 982.3 0 0 2005.7 0 0 0 0 0 0
0 1 4 5 9 12
0 851.0 0 0 794.2 626.1 0 0 0 406.3 0 0 310.5
0 7 2 10 11 8
0 0 1.4 0 0 0 0 15.1 90.8 0 1573.2 1307.5 0
**********2022-05-25 20:39:22**********
55077.0 55111.874 0.063 177.953 200.956 
0 3 6
0 0 0 982.3 0 0 2005.7 0 0 0 0 0 0
0 1 4 5 9 12
0 851.0 0 0 794.2 626.1 0 0 0 406.3 0 0 310.5
0 7 2 10 11 8
0 0 1.4 0 0 0 0 15.1 90.8 0 1573.2 1307.5 0
**********2022-05-25 20:39:25**********
55077.0 55111.874 0.063 177.953 203.748 
0 3 6
0 0 0 982.3 0 0 2005.7 0 0 0 0 0 0
0 1 4 5 9 12
0 851.0 0 0 794.2 626.1 0 0 0 406.3 0 0 310.5
0 7 2 10 11 8
0 0 1.4 0 0 0 0 15.1 90.8 0 1573.2 1307.5 0
**********2022-05-25 20:39:27**********
55077.0 55111.874 0.063 177.953 205.996 
0 3 6
0 0 0 982.3 0 0 2005.7 0 0 0 0 0 0
0 1 4 5 9 12
0 851.0 0 0 794.2 626.1 0 0 0 406.3 0 0 310.5
0 7 2 10 11 8
0 0 1.4 0 0 0 0 15.1 90.8 0 1573.2 1307.5 0
**********2022-05-25 20:39:29**********
55077.0 55111.874 0.063 177.953 208.006 
0 3 6
0 0 0 982.3 0 0 2005.7 0 0 0 0 0 0
0 1 4 5 9 12
0 851.0 0 0 794.2 626.1 0 0 0 406.3 0 0 310.5
0 7 2 10 11 8
0 0 1.4 0 0 0 0 15.1 90.8 0 1573.2 1307.5 0
**********2022-05-25 20:39:32**********
55077.0 55111.874 0.063 177.953 211.251 
0 3 6
0 0 0 982.3 0 0 2005.7 0 0 0 0 0 0
0 1 4 5 9 12
0 851.0 0 0 794.2 626.1 0 0 0 406.3 0 0 310.5
0 7 2 10 11 8
0 0 1.4 0 0 0 0 15.1 90.8 0 1573.2 1307.5 0
**********2022-05-25 20:39:35**********
55077.0 55111.874 0.063 177.953 213.635 
0 3 6
0 0 0 982.3 0 0 2005.7 0 0 0 0 0 0
0 1 4 5 9 12
0 851.0 0 0 794.2 626.1 0 0 0 406.3 0 0 310.5
0 7 2 10 11 8
0 0 1.4 0 0 0 0 15.1 90.8 0 1573.2 1307.5 0
**********2022-05-25 20:39:37**********
55077.0 55111.874 0.063 177.953 215.319 
0 3 6
0 0 0 982.3 0 0 2005.7 0 0 0 0 0 0
0 1 4 5 9 12
0 851.0 0 0 794.2 626.1 0 0 0 406.3 0 0 310.5
0 7 2 10 11 8
0 0 1.4 0 0 0 0 15.1 90.8 0 1573.2 1307.5 0
**********2022-05-25 20:39:39**********
55077.0 55111.874 0.063 177.953 217.997 
0 3 6
0 0 0 982.3 0 0 2005.7 0 0 0 0 0 0
0 1 4 5 9 12
0 851.0 0 0 794.2 626.1 0 0 0 406.3 0 0 310.5
0 7 2 10 11 8
0 0 1.4 0 0 0 0 15.1 90.8 0 1573.2 1307.5 0
**********2022-05-25 20:39:41**********
55077.0 55111.874 0.063 177.953 220.117 
0 3 6
0 0 0 982.3 0 0 2005.7 0 0 0 0 0 0
0 1 4 5 9 12
0 851.0 0 0 794.2 626.1 0 0 0 406.3 0 0 310.5
0 7 2 10 11 8
0 0 1.4 0 0 0 0 15.1 90.8 0 1573.2 1307.5 0
**********2022-05-25 20:39:44**********
55077.0 55111.874 0.063 177.953 222.486 
0 3 6
0 0 0 982.3 0 0 2005.7 0 0 0 0 0 0
0 1 4 5 9 12
0 851.0 0 0 794.2 626.1 0 0 0 406.3 0 0 310.5
0 7 2 10 11 8
0 0 1.4 0 0 0 0 15.1 90.8 0 1573.2 1307.5 0
**********2022-05-25 20:39:46**********
55077.0 55111.874 0.063 177.953 224.77 
0 3 6
0 0 0 982.3 0 0 2005.7 0 0 0 0 0 0
0 1 4 5 9 12
0 851.0 0 0 794.2 626.1 0 0 0 406.3 0 0 310.5
0 7 2 10 11 8
0 0 1.4 0 0 0 0 15.1 90.8 0 1573.2 1307.5 0
**********2022-05-25 20:39:49**********
55077.0 55110.67 0.061 228.217 228.217 
0 2 5 4 10
0 0 1.4 0 788.5 621.6 0 0 0 0 1576.5 0 0
0 1 7 8 6
0 852.4 0 0 0 0 2028.5 15.2 91.9 0 0 0 0
0 11 3 12 9
0 0.0 0.0 978.6 0.0 0.0 0.0 0.0 0.0 400.8 0.0 1302.2 306.3
**********2022-05-25 20:39:52**********
55077.0 55110.67 0.061 228.217 230.373 
0 2 5 4 10
0 0 1.4 0 788.5 621.6 0 0 0 0 1576.5 0 0
0 1 7 8 6
0 852.4 0 0 0 0 2028.5 15.2 91.9 0 0 0 0
0 11 3 12 9
0 0.0 0.0 978.6 0.0 0.0 0.0 0.0 0.0 400.8 0.0 1302.2 306.3
**********2022-05-25 20:39:54**********
55077.0 55110.67 0.061 228.217 232.971 
0 2 5 4 10
0 0 1.4 0 788.5 621.6 0 0 0 0 1576.5 0 0
0 1 7 8 6
0 852.4 0 0 0 0 2028.5 15.2 91.9 0 0 0 0
0 11 3 12 9
0 0.0 0.0 978.6 0.0 0.0 0.0 0.0 0.0 400.8 0.0 1302.2 306.3
**********2022-05-25 20:39:57**********
55077.0 55110.67 0.061 228.217 235.565 
0 2 5 4 10
0 0 1.4 0 788.5 621.6 0 0 0 0 1576.5 0 0
0 1 7 8 6
0 852.4 0 0 0 0 2028.5 15.2 91.9 0 0 0 0
0 11 3 12 9
0 0.0 0.0 978.6 0.0 0.0 0.0 0.0 0.0 400.8 0.0 1302.2 306.3
**********2022-05-25 20:40:01**********
55077.0 55110.67 0.061 228.217 239.57 
0 2 5 4 10
0 0 1.4 0 788.5 621.6 0 0 0 0 1576.5 0 0
0 1 7 8 6
0 852.4 0 0 0 0 2028.5 15.2 91.9 0 0 0 0
0 11 3 12 9
0 0.0 0.0 978.6 0.0 0.0 0.0 0.0 0.0 400.8 0.0 1302.2 306.3
**********2022-05-25 20:40:03**********
55077.0 55110.67 0.061 228.217 241.756 
0 2 5 4 10
0 0 1.4 0 788.5 621.6 0 0 0 0 1576.5 0 0
0 1 7 8 6
0 852.4 0 0 0 0 2028.5 15.2 91.9 0 0 0 0
0 11 3 12 9
0 0.0 0.0 978.6 0.0 0.0 0.0 0.0 0.0 400.8 0.0 1302.2 306.3
**********2022-05-25 20:40:05**********
55077.0 55110.67 0.061 228.217 243.751 
0 2 5 4 10
0 0 1.4 0 788.5 621.6 0 0 0 0 1576.5 0 0
0 1 7 8 6
0 852.4 0 0 0 0 2028.5 15.2 91.9 0 0 0 0
0 11 3 12 9
0 0.0 0.0 978.6 0.0 0.0 0.0 0.0 0.0 400.8 0.0 1302.2 306.3
**********2022-05-25 20:40:07**********
55077.0 55110.67 0.061 228.217 245.859 
0 2 5 4 10
0 0 1.4 0 788.5 621.6 0 0 0 0 1576.5 0 0
0 1 7 8 6
0 852.4 0 0 0 0 2028.5 15.2 91.9 0 0 0 0
0 11 3 12 9
0 0.0 0.0 978.6 0.0 0.0 0.0 0.0 0.0 400.8 0.0 1302.2 306.3
**********2022-05-25 20:40:10**********
55077.0 55110.67 0.061 228.217 248.456 
0 2 5 4 10
0 0 1.4 0 788.5 621.6 0 0 0 0 1576.5 0 0
0 1 7 8 6
0 852.4 0 0 0 0 2028.5 15.2 91.9 0 0 0 0
0 11 3 12 9
0 0.0 0.0 978.6 0.0 0.0 0.0 0.0 0.0 400.8 0.0 1302.2 306.3
**********2022-05-25 20:40:13**********
55077.0 55110.67 0.061 228.217 251.435 
0 2 5 4 10
0 0 1.4 0 788.5 621.6 0 0 0 0 1576.5 0 0
0 1 7 8 6
0 852.4 0 0 0 0 2028.5 15.2 91.9 0 0 0 0
0 11 3 12 9
0 0.0 0.0 978.6 0.0 0.0 0.0 0.0 0.0 400.8 0.0 1302.2 306.3
**********2022-05-25 20:40:15**********
55077.0 55110.67 0.061 228.217 253.996 
0 2 5 4 10
0 0 1.4 0 788.5 621.6 0 0 0 0 1576.5 0 0
0 1 7 8 6
0 852.4 0 0 0 0 2028.5 15.2 91.9 0 0 0 0
0 11 3 12 9
0 0.0 0.0 978.6 0.0 0.0 0.0 0.0 0.0 400.8 0.0 1302.2 306.3
**********2022-05-25 20:40:17**********
55077.0 55110.67 0.061 228.217 256.038 
0 2 5 4 10
0 0 1.4 0 788.5 621.6 0 0 0 0 1576.5 0 0
0 1 7 8 6
0 852.4 0 0 0 0 2028.5 15.2 91.9 0 0 0 0
0 11 3 12 9
0 0.0 0.0 978.6 0.0 0.0 0.0 0.0 0.0 400.8 0.0 1302.2 306.3
**********2022-05-25 20:40:20**********
55077.0 55110.67 0.061 228.217 258.693 
0 2 5 4 10
0 0 1.4 0 788.5 621.6 0 0 0 0 1576.5 0 0
0 1 7 8 6
0 852.4 0 0 0 0 2028.5 15.2 91.9 0 0 0 0
0 11 3 12 9
0 0.0 0.0 978.6 0.0 0.0 0.0 0.0 0.0 400.8 0.0 1302.2 306.3
**********2022-05-25 20:40:22**********
55077.0 55110.67 0.061 228.217 260.375 
0 2 5 4 10
0 0 1.4 0 788.5 621.6 0 0 0 0 1576.5 0 0
0 1 7 8 6
0 852.4 0 0 0 0 2028.5 15.2 91.9 0 0 0 0
0 11 3 12 9
0 0.0 0.0 978.6 0.0 0.0 0.0 0.0 0.0 400.8 0.0 1302.2 306.3
**********2022-05-25 20:40:24**********
55077.0 55110.67 0.061 228.217 262.764 
0 2 5 4 10
0 0 1.4 0 788.5 621.6 0 0 0 0 1576.5 0 0
0 1 7 8 6
0 852.4 0 0 0 0 2028.5 15.2 91.9 0 0 0 0
0 11 3 12 9
0 0.0 0.0 978.6 0.0 0.0 0.0 0.0 0.0 400.8 0.0 1302.2 306.3
**********2022-05-25 20:40:26**********
55077.0 55110.67 0.061 228.217 264.699 
0 2 5 4 10
0 0 1.4 0 788.5 621.6 0 0 0 0 1576.5 0 0
0 1 7 8 6
0 852.4 0 0 0 0 2028.5 15.2 91.9 0 0 0 0
0 11 3 12 9
0 0.0 0.0 978.6 0.0 0.0 0.0 0.0 0.0 400.8 0.0 1302.2 306.3
**********2022-05-25 20:40:28**********
55077.0 55110.67 0.061 228.217 266.613 
0 2 5 4 10
0 0 1.4 0 788.5 621.6 0 0 0 0 1576.5 0 0
0 1 7 8 6
0 852.4 0 0 0 0 2028.5 15.2 91.9 0 0 0 0
0 11 3 12 9
0 0.0 0.0 978.6 0.0 0.0 0.0 0.0 0.0 400.8 0.0 1302.2 306.3
**********2022-05-25 20:40:30**********
55077.0 55110.67 0.061 228.217 268.79 
0 2 5 4 10
0 0 1.4 0 788.5 621.6 0 0 0 0 1576.5 0 0
0 1 7 8 6
0 852.4 0 0 0 0 2028.5 15.2 91.9 0 0 0 0
0 11 3 12 9
0 0.0 0.0 978.6 0.0 0.0 0.0 0.0 0.0 400.8 0.0 1302.2 306.3
**********2022-05-25 20:40:32**********
55077.0 55110.67 0.061 228.217 271.03 
0 2 5 4 10
0 0 1.4 0 788.5 621.6 0 0 0 0 1576.5 0 0
0 1 7 8 6
0 852.4 0 0 0 0 2028.5 15.2 91.9 0 0 0 0
0 11 3 12 9
0 0.0 0.0 978.6 0.0 0.0 0.0 0.0 0.0 400.8 0.0 1302.2 306.3
**********2022-05-25 20:40:34**********
55077.0 55110.67 0.061 228.217 272.829 
0 2 5 4 10
0 0 1.4 0 788.5 621.6 0 0 0 0 1576.5 0 0
0 1 7 8 6
0 852.4 0 0 0 0 2028.5 15.2 91.9 0 0 0 0
0 11 3 12 9
0 0.0 0.0 978.6 0.0 0.0 0.0 0.0 0.0 400.8 0.0 1302.2 306.3
**********2022-05-25 20:40:35**********
55077.0 55110.67 0.061 228.217 273.782 
0 2 5 4 10
0 0 1.4 0 788.5 621.6 0 0 0 0 1576.5 0 0
0 1 7 8 6
0 852.4 0 0 0 0 2028.5 15.2 91.9 0 0 0 0
0 11 3 12 9
0 0.0 0.0 978.6 0.0 0.0 0.0 0.0 0.0 400.8 0.0 1302.2 306.3
**********2022-06-06 12:52:00**********
55077.0 55206.788 0.235 4.114 4.114 
0 11 2 4 1
0 857.2 1.4 0 800.0 0 0 0 0 0 0 1329.4 0
0 9 6 5 7
0 0 0 0 0 608.9 1969.3 14.8 0 395.0 0 0 0
0 12 3 10 8
0 0 0 993.8 0 0 0 0 91.9 0 1591.2 0 311.1
**********2022-06-06 12:52:05**********
55077.0 55160.267 0.151 9.259 9.259 
0 6 3
0 0 0 982.3 0 0 2005.7 0 0 0 0 0 0
0 11 12 1 8 9
0 853.5 0 0 0 0 0 0 92.0 407.5 0 1323.7 311.4
0 10 5 2 4 7
0 0 1.4 0 784.5 618.5 0 15.0 0 0 1568.6 0 0
**********2022-06-06 12:52:10**********
55077.0 55120.765 0.079 14.298 14.298 
0 3 9 10
0 0 0 992.5 0 0 0 0 0 406.5 1589.0 0 0
0 5 4 12 11
0 0 0 0 777.9 613.3 0 0 0 0 0 1292.7 304.1
0 8 6 7 1 2
0 852.0 1.4 0 0 0 2027.6 15.2 91.8 0 0 0 0
**********2022-06-06 12:52:15**********
55077.0 55120.765 0.079 14.298 19.167 
0 3 9 10
0 0 0 992.5 0 0 0 0 0 406.5 1589.0 0 0
0 5 4 12 11
0 0 0 0 777.9 613.3 0 0 0 0 0 1292.7 304.1
0 8 6 7 1 2
0 852.0 1.4 0 0 0 2027.6 15.2 91.8 0 0 0 0
**********2022-06-06 12:52:20**********
55077.0 55120.765 0.079 14.298 23.469 
0 3 9 10
0 0 0 992.5 0 0 0 0 0 406.5 1589.0 0 0
0 5 4 12 11
0 0 0 0 777.9 613.3 0 0 0 0 0 1292.7 304.1
0 8 6 7 1 2
0 852.0 1.4 0 0 0 2027.6 15.2 91.8 0 0 0 0
**********2022-06-06 12:52:24**********
55077.0 55120.765 0.079 14.298 27.598 
0 3 9 10
0 0 0 992.5 0 0 0 0 0 406.5 1589.0 0 0
0 5 4 12 11
0 0 0 0 777.9 613.3 0 0 0 0 0 1292.7 304.1
0 8 6 7 1 2
0 852.0 1.4 0 0 0 2027.6 15.2 91.8 0 0 0 0
**********2022-06-06 12:52:29**********
55077.0 55120.765 0.079 14.298 32.906 
0 3 9 10
0 0 0 992.5 0 0 0 0 0 406.5 1589.0 0 0
0 5 4 12 11
0 0 0 0 777.9 613.3 0 0 0 0 0 1292.7 304.1
0 8 6 7 1 2
0 852.0 1.4 0 0 0 2027.6 15.2 91.8 0 0 0 0
**********2022-06-06 12:52:34**********
55077.0 55120.765 0.079 14.298 37.709 
0 3 9 10
0 0 0 992.5 0 0 0 0 0 406.5 1589.0 0 0
0 5 4 12 11
0 0 0 0 777.9 613.3 0 0 0 0 0 1292.7 304.1
0 8 6 7 1 2
0 852.0 1.4 0 0 0 2027.6 15.2 91.8 0 0 0 0
**********2022-06-06 12:52:39**********
55077.0 55120.765 0.079 14.298 42.76 
0 3 9 10
0 0 0 992.5 0 0 0 0 0 406.5 1589.0 0 0
0 5 4 12 11
0 0 0 0 777.9 613.3 0 0 0 0 0 1292.7 304.1
0 8 6 7 1 2
0 852.0 1.4 0 0 0 2027.6 15.2 91.8 0 0 0 0
**********2022-06-06 12:52:43**********
55077.0 55120.765 0.079 14.298 46.851 
0 3 9 10
0 0 0 992.5 0 0 0 0 0 406.5 1589.0 0 0
0 5 4 12 11
0 0 0 0 777.9 613.3 0 0 0 0 0 1292.7 304.1
0 8 6 7 1 2
0 852.0 1.4 0 0 0 2027.6 15.2 91.8 0 0 0 0
**********2022-06-06 12:52:48**********
55077.0 55113.92 0.067 51.799 51.799 
0 5 10 4
0 0 0 0 788.8 621.9 0 0 0 0 1577.2 0 0
0 3 6
0 0 0 982.3 0 0 2005.7 0 0 0 0 0 0
0 2 7 1 11 12 9 8
0 848.8 1.4 0 0 0 0 15.2 91.5 405.2 0 1316.3 309.7
**********2022-06-06 12:52:52**********
55077.0 55113.92 0.067 51.799 55.893 
0 5 10 4
0 0 0 0 788.8 621.9 0 0 0 0 1577.2 0 0
0 3 6
0 0 0 982.3 0 0 2005.7 0 0 0 0 0 0
0 2 7 1 11 12 9 8
0 848.8 1.4 0 0 0 0 15.2 91.5 405.2 0 1316.3 309.7
**********2022-06-06 12:52:56**********
55077.0 55113.92 0.067 51.799 59.965 
0 5 10 4
0 0 0 0 788.8 621.9 0 0 0 0 1577.2 0 0
0 3 6
0 0 0 982.3 0 0 2005.7 0 0 0 0 0 0
0 2 7 1 11 12 9 8
0 848.8 1.4 0 0 0 0 15.2 91.5 405.2 0 1316.3 309.7
**********2022-06-06 12:53:00**********
55077.0 55113.92 0.067 51.799 63.531 
0 5 10 4
0 0 0 0 788.8 621.9 0 0 0 0 1577.2 0 0
0 3 6
0 0 0 982.3 0 0 2005.7 0 0 0 0 0 0
0 2 7 1 11 12 9 8
0 848.8 1.4 0 0 0 0 15.2 91.5 405.2 0 1316.3 309.7
**********2022-06-06 12:53:03**********
55077.0 55113.92 0.067 51.799 66.381 
0 5 10 4
0 0 0 0 788.8 621.9 0 0 0 0 1577.2 0 0
0 3 6
0 0 0 982.3 0 0 2005.7 0 0 0 0 0 0
0 2 7 1 11 12 9 8
0 848.8 1.4 0 0 0 0 15.2 91.5 405.2 0 1316.3 309.7
**********2022-06-06 12:53:06**********
55077.0 55113.92 0.067 51.799 69.442 
0 5 10 4
0 0 0 0 788.8 621.9 0 0 0 0 1577.2 0 0
0 3 6
0 0 0 982.3 0 0 2005.7 0 0 0 0 0 0
0 2 7 1 11 12 9 8
0 848.8 1.4 0 0 0 0 15.2 91.5 405.2 0 1316.3 309.7
**********2022-06-06 12:53:09**********
55077.0 55113.92 0.067 51.799 73.289 
0 5 10 4
0 0 0 0 788.8 621.9 0 0 0 0 1577.2 0 0
0 3 6
0 0 0 982.3 0 0 2005.7 0 0 0 0 0 0
0 2 7 1 11 12 9 8
0 848.8 1.4 0 0 0 0 15.2 91.5 405.2 0 1316.3 309.7
**********2022-06-06 12:53:13**********
55077.0 55113.92 0.067 51.799 76.888 
0 5 10 4
0 0 0 0 788.8 621.9 0 0 0 0 1577.2 0 0
0 3 6
0 0 0 982.3 0 0 2005.7 0 0 0 0 0 0
0 2 7 1 11 12 9 8
0 848.8 1.4 0 0 0 0 15.2 91.5 405.2 0 1316.3 309.7
**********2022-06-06 12:53:17**********
55077.0 55113.92 0.067 51.799 80.559 
0 5 10 4
0 0 0 0 788.8 621.9 0 0 0 0 1577.2 0 0
0 3 6
0 0 0 982.3 0 0 2005.7 0 0 0 0 0 0
0 2 7 1 11 12 9 8
0 848.8 1.4 0 0 0 0 15.2 91.5 405.2 0 1316.3 309.7
**********2022-06-06 12:53:20**********
55077.0 55113.92 0.067 51.799 83.445 
0 5 10 4
0 0 0 0 788.8 621.9 0 0 0 0 1577.2 0 0
0 3 6
0 0 0 982.3 0 0 2005.7 0 0 0 0 0 0
0 2 7 1 11 12 9 8
0 848.8 1.4 0 0 0 0 15.2 91.5 405.2 0 1316.3 309.7
**********2022-06-06 12:53:22**********
55077.0 55113.92 0.067 51.799 86.09 
0 5 10 4
0 0 0 0 788.8 621.9 0 0 0 0 1577.2 0 0
0 3 6
0 0 0 982.3 0 0 2005.7 0 0 0 0 0 0
0 2 7 1 11 12 9 8
0 848.8 1.4 0 0 0 0 15.2 91.5 405.2 0 1316.3 309.7
**********2022-06-06 12:53:25**********
55077.0 55113.92 0.067 51.799 88.679 
0 5 10 4
0 0 0 0 788.8 621.9 0 0 0 0 1577.2 0 0
0 3 6
0 0 0 982.3 0 0 2005.7 0 0 0 0 0 0
0 2 7 1 11 12 9 8
0 848.8 1.4 0 0 0 0 15.2 91.5 405.2 0 1316.3 309.7
**********2022-06-06 12:53:28**********
55077.0 55113.92 0.067 51.799 92.332 
0 5 10 4
0 0 0 0 788.8 621.9 0 0 0 0 1577.2 0 0
0 3 6
0 0 0 982.3 0 0 2005.7 0 0 0 0 0 0
0 2 7 1 11 12 9 8
0 848.8 1.4 0 0 0 0 15.2 91.5 405.2 0 1316.3 309.7
**********2022-06-06 12:53:32**********
55077.0 55113.92 0.067 51.799 95.458 
0 5 10 4
0 0 0 0 788.8 621.9 0 0 0 0 1577.2 0 0
0 3 6
0 0 0 982.3 0 0 2005.7 0 0 0 0 0 0
0 2 7 1 11 12 9 8
0 848.8 1.4 0 0 0 0 15.2 91.5 405.2 0 1316.3 309.7
**********2022-06-06 12:53:35**********
55077.0 55113.92 0.067 51.799 98.644 
0 5 10 4
0 0 0 0 788.8 621.9 0 0 0 0 1577.2 0 0
0 3 6
0 0 0 982.3 0 0 2005.7 0 0 0 0 0 0
0 2 7 1 11 12 9 8
0 848.8 1.4 0 0 0 0 15.2 91.5 405.2 0 1316.3 309.7
**********2022-06-06 12:53:38**********
55077.0 55113.92 0.067 51.799 101.768 
0 5 10 4
0 0 0 0 788.8 621.9 0 0 0 0 1577.2 0 0
0 3 6
0 0 0 982.3 0 0 2005.7 0 0 0 0 0 0
0 2 7 1 11 12 9 8
0 848.8 1.4 0 0 0 0 15.2 91.5 405.2 0 1316.3 309.7
**********2022-06-06 12:53:41**********
55077.0 55113.92 0.067 51.799 104.741 
0 5 10 4
0 0 0 0 788.8 621.9 0 0 0 0 1577.2 0 0
0 3 6
0 0 0 982.3 0 0 2005.7 0 0 0 0 0 0
0 2 7 1 11 12 9 8
0 848.8 1.4 0 0 0 0 15.2 91.5 405.2 0 1316.3 309.7
**********2022-06-06 12:53:45**********
55077.0 55113.92 0.067 51.799 108.612 
0 5 10 4
0 0 0 0 788.8 621.9 0 0 0 0 1577.2 0 0
0 3 6
0 0 0 982.3 0 0 2005.7 0 0 0 0 0 0
0 2 7 1 11 12 9 8
0 848.8 1.4 0 0 0 0 15.2 91.5 405.2 0 1316.3 309.7
**********2022-06-06 12:53:49**********
55077.0 55113.92 0.067 51.799 112.449 
0 5 10 4
0 0 0 0 788.8 621.9 0 0 0 0 1577.2 0 0
0 3 6
0 0 0 982.3 0 0 2005.7 0 0 0 0 0 0
0 2 7 1 11 12 9 8
0 848.8 1.4 0 0 0 0 15.2 91.5 405.2 0 1316.3 309.7
**********2022-06-06 12:53:53**********
55077.0 55113.92 0.067 51.799 116.732 
0 5 10 4
0 0 0 0 788.8 621.9 0 0 0 0 1577.2 0 0
0 3 6
0 0 0 982.3 0 0 2005.7 0 0 0 0 0 0
0 2 7 1 11 12 9 8
0 848.8 1.4 0 0 0 0 15.2 91.5 405.2 0 1316.3 309.7
**********2022-06-06 12:53:56**********
55077.0 55113.92 0.067 51.799 120.167 
0 5 10 4
0 0 0 0 788.8 621.9 0 0 0 0 1577.2 0 0
0 3 6
0 0 0 982.3 0 0 2005.7 0 0 0 0 0 0
0 2 7 1 11 12 9 8
0 848.8 1.4 0 0 0 0 15.2 91.5 405.2 0 1316.3 309.7
**********2022-06-06 12:54:00**********
55077.0 55113.92 0.067 51.799 123.65 
0 5 10 4
0 0 0 0 788.8 621.9 0 0 0 0 1577.2 0 0
0 3 6
0 0 0 982.3 0 0 2005.7 0 0 0 0 0 0
0 2 7 1 11 12 9 8
0 848.8 1.4 0 0 0 0 15.2 91.5 405.2 0 1316.3 309.7
**********2022-06-06 12:54:04**********
55077.0 55113.92 0.067 51.799 128.019 
0 5 10 4
0 0 0 0 788.8 621.9 0 0 0 0 1577.2 0 0
0 3 6
0 0 0 982.3 0 0 2005.7 0 0 0 0 0 0
0 2 7 1 11 12 9 8
0 848.8 1.4 0 0 0 0 15.2 91.5 405.2 0 1316.3 309.7
**********2022-06-06 12:54:08**********
55077.0 55113.92 0.067 51.799 131.425 
0 5 10 4
0 0 0 0 788.8 621.9 0 0 0 0 1577.2 0 0
0 3 6
0 0 0 982.3 0 0 2005.7 0 0 0 0 0 0
0 2 7 1 11 12 9 8
0 848.8 1.4 0 0 0 0 15.2 91.5 405.2 0 1316.3 309.7
**********2022-06-06 12:54:11**********
55077.0 55113.92 0.067 51.799 134.401 
0 5 10 4
0 0 0 0 788.8 621.9 0 0 0 0 1577.2 0 0
0 3 6
0 0 0 982.3 0 0 2005.7 0 0 0 0 0 0
0 2 7 1 11 12 9 8
0 848.8 1.4 0 0 0 0 15.2 91.5 405.2 0 1316.3 309.7
**********2022-06-06 12:54:13**********
55077.0 55113.92 0.067 51.799 137.204 
0 5 10 4
0 0 0 0 788.8 621.9 0 0 0 0 1577.2 0 0
0 3 6
0 0 0 982.3 0 0 2005.7 0 0 0 0 0 0
0 2 7 1 11 12 9 8
0 848.8 1.4 0 0 0 0 15.2 91.5 405.2 0 1316.3 309.7
**********2022-06-06 12:54:16**********
55077.0 55113.92 0.067 51.799 140.043 
0 5 10 4
0 0 0 0 788.8 621.9 0 0 0 0 1577.2 0 0
0 3 6
0 0 0 982.3 0 0 2005.7 0 0 0 0 0 0
0 2 7 1 11 12 9 8
0 848.8 1.4 0 0 0 0 15.2 91.5 405.2 0 1316.3 309.7
**********2022-06-06 12:54:20**********
55077.0 55113.92 0.067 51.799 143.874 
0 5 10 4
0 0 0 0 788.8 621.9 0 0 0 0 1577.2 0 0
0 3 6
0 0 0 982.3 0 0 2005.7 0 0 0 0 0 0
0 2 7 1 11 12 9 8
0 848.8 1.4 0 0 0 0 15.2 91.5 405.2 0 1316.3 309.7
**********2022-06-06 12:54:23**********
55077.0 55113.92 0.067 51.799 146.643 
0 5 10 4
0 0 0 0 788.8 621.9 0 0 0 0 1577.2 0 0
0 3 6
0 0 0 982.3 0 0 2005.7 0 0 0 0 0 0
0 2 7 1 11 12 9 8
0 848.8 1.4 0 0 0 0 15.2 91.5 405.2 0 1316.3 309.7
**********2022-06-06 12:54:26**********
55077.0 55113.92 0.067 51.799 150.116 
0 5 10 4
0 0 0 0 788.8 621.9 0 0 0 0 1577.2 0 0
0 3 6
0 0 0 982.3 0 0 2005.7 0 0 0 0 0 0
0 2 7 1 11 12 9 8
0 848.8 1.4 0 0 0 0 15.2 91.5 405.2 0 1316.3 309.7
**********2022-06-06 12:54:29**********
55077.0 55113.92 0.067 51.799 152.871 
0 5 10 4
0 0 0 0 788.8 621.9 0 0 0 0 1577.2 0 0
0 3 6
0 0 0 982.3 0 0 2005.7 0 0 0 0 0 0
0 2 7 1 11 12 9 8
0 848.8 1.4 0 0 0 0 15.2 91.5 405.2 0 1316.3 309.7
**********2022-06-06 12:54:33**********
55077.0 55113.92 0.067 51.799 156.377 
0 5 10 4
0 0 0 0 788.8 621.9 0 0 0 0 1577.2 0 0
0 3 6
0 0 0 982.3 0 0 2005.7 0 0 0 0 0 0
0 2 7 1 11 12 9 8
0 848.8 1.4 0 0 0 0 15.2 91.5 405.2 0 1316.3 309.7
**********2022-06-06 12:54:36**********
55077.0 55113.92 0.067 51.799 160.088 
0 5 10 4
0 0 0 0 788.8 621.9 0 0 0 0 1577.2 0 0
0 3 6
0 0 0 982.3 0 0 2005.7 0 0 0 0 0 0
0 2 7 1 11 12 9 8
0 848.8 1.4 0 0 0 0 15.2 91.5 405.2 0 1316.3 309.7
**********2022-06-06 12:54:39**********
55077.0 55113.92 0.067 51.799 163.116 
0 5 10 4
0 0 0 0 788.8 621.9 0 0 0 0 1577.2 0 0
0 3 6
0 0 0 982.3 0 0 2005.7 0 0 0 0 0 0
0 2 7 1 11 12 9 8
0 848.8 1.4 0 0 0 0 15.2 91.5 405.2 0 1316.3 309.7
**********2022-06-06 12:54:44**********
55077.0 55113.92 0.067 51.799 167.538 
0 5 10 4
0 0 0 0 788.8 621.9 0 0 0 0 1577.2 0 0
0 3 6
0 0 0 982.3 0 0 2005.7 0 0 0 0 0 0
0 2 7 1 11 12 9 8
0 848.8 1.4 0 0 0 0 15.2 91.5 405.2 0 1316.3 309.7
**********2022-06-06 12:54:48**********
55077.0 55113.92 0.067 51.799 171.718 
0 5 10 4
0 0 0 0 788.8 621.9 0 0 0 0 1577.2 0 0
0 3 6
0 0 0 982.3 0 0 2005.7 0 0 0 0 0 0
0 2 7 1 11 12 9 8
0 848.8 1.4 0 0 0 0 15.2 91.5 405.2 0 1316.3 309.7
**********2022-06-06 12:54:52**********
55077.0 55113.92 0.067 51.799 175.475 
0 5 10 4
0 0 0 0 788.8 621.9 0 0 0 0 1577.2 0 0
0 3 6
0 0 0 982.3 0 0 2005.7 0 0 0 0 0 0
0 2 7 1 11 12 9 8
0 848.8 1.4 0 0 0 0 15.2 91.5 405.2 0 1316.3 309.7
**********2022-06-06 12:54:55**********
55077.0 55113.92 0.067 51.799 178.534 
0 5 10 4
0 0 0 0 788.8 621.9 0 0 0 0 1577.2 0 0
0 3 6
0 0 0 982.3 0 0 2005.7 0 0 0 0 0 0
0 2 7 1 11 12 9 8
0 848.8 1.4 0 0 0 0 15.2 91.5 405.2 0 1316.3 309.7
**********2022-06-06 12:54:56**********
55077.0 55113.92 0.067 51.799 179.775 
0 5 10 4
0 0 0 0 788.8 621.9 0 0 0 0 1577.2 0 0
0 3 6
0 0 0 982.3 0 0 2005.7 0 0 0 0 0 0
0 2 7 1 11 12 9 8
0 848.8 1.4 0 0 0 0 15.2 91.5 405.2 0 1316.3 309.7
**********2022-06-06 12:54:59**********
55077.0 55113.92 0.067 51.799 183.1 
0 5 10 4
0 0 0 0 788.8 621.9 0 0 0 0 1577.2 0 0
0 3 6
0 0 0 982.3 0 0 2005.7 0 0 0 0 0 0
0 2 7 1 11 12 9 8
0 848.8 1.4 0 0 0 0 15.2 91.5 405.2 0 1316.3 309.7
**********2022-06-06 12:55:03**********
55077.0 55113.92 0.067 51.799 186.451 
0 5 10 4
0 0 0 0 788.8 621.9 0 0 0 0 1577.2 0 0
0 3 6
0 0 0 982.3 0 0 2005.7 0 0 0 0 0 0
0 2 7 1 11 12 9 8
0 848.8 1.4 0 0 0 0 15.2 91.5 405.2 0 1316.3 309.7
**********2022-06-06 12:55:04**********
55077.0 55113.92 0.067 51.799 187.762 
0 5 10 4
0 0 0 0 788.8 621.9 0 0 0 0 1577.2 0 0
0 3 6
0 0 0 982.3 0 0 2005.7 0 0 0 0 0 0
0 2 7 1 11 12 9 8
0 848.8 1.4 0 0 0 0 15.2 91.5 405.2 0 1316.3 309.7
**********2022-06-06 12:55:07**********
55077.0 55113.92 0.067 51.799 191.098 
0 5 10 4
0 0 0 0 788.8 621.9 0 0 0 0 1577.2 0 0
0 3 6
0 0 0 982.3 0 0 2005.7 0 0 0 0 0 0
0 2 7 1 11 12 9 8
0 848.8 1.4 0 0 0 0 15.2 91.5 405.2 0 1316.3 309.7
**********2022-06-06 12:55:10**********
55077.0 55113.92 0.067 51.799 194.074 
0 5 10 4
0 0 0 0 788.8 621.9 0 0 0 0 1577.2 0 0
0 3 6
0 0 0 982.3 0 0 2005.7 0 0 0 0 0 0
0 2 7 1 11 12 9 8
0 848.8 1.4 0 0 0 0 15.2 91.5 405.2 0 1316.3 309.7
**********2022-06-06 12:55:13**********
55077.0 55113.92 0.067 51.799 196.85 
0 5 10 4
0 0 0 0 788.8 621.9 0 0 0 0 1577.2 0 0
0 3 6
0 0 0 982.3 0 0 2005.7 0 0 0 0 0 0
0 2 7 1 11 12 9 8
0 848.8 1.4 0 0 0 0 15.2 91.5 405.2 0 1316.3 309.7
**********2022-06-06 12:55:14**********
55077.0 55113.92 0.067 51.799 198.034 
0 5 10 4
0 0 0 0 788.8 621.9 0 0 0 0 1577.2 0 0
0 3 6
0 0 0 982.3 0 0 2005.7 0 0 0 0 0 0
0 2 7 1 11 12 9 8
0 848.8 1.4 0 0 0 0 15.2 91.5 405.2 0 1316.3 309.7
**********2022-06-06 12:55:17**********
55077.0 55113.92 0.067 51.799 201.326 
0 5 10 4
0 0 0 0 788.8 621.9 0 0 0 0 1577.2 0 0
0 3 6
0 0 0 982.3 0 0 2005.7 0 0 0 0 0 0
0 2 7 1 11 12 9 8
0 848.8 1.4 0 0 0 0 15.2 91.5 405.2 0 1316.3 309.7
**********2022-06-06 12:55:21**********
55077.0 55113.92 0.067 51.799 204.571 
0 5 10 4
0 0 0 0 788.8 621.9 0 0 0 0 1577.2 0 0
0 3 6
0 0 0 982.3 0 0 2005.7 0 0 0 0 0 0
0 2 7 1 11 12 9 8
0 848.8 1.4 0 0 0 0 15.2 91.5 405.2 0 1316.3 309.7
**********2022-06-06 12:55:24**********
55077.0 55113.92 0.067 51.799 208.306 
0 5 10 4
0 0 0 0 788.8 621.9 0 0 0 0 1577.2 0 0
0 3 6
0 0 0 982.3 0 0 2005.7 0 0 0 0 0 0
0 2 7 1 11 12 9 8
0 848.8 1.4 0 0 0 0 15.2 91.5 405.2 0 1316.3 309.7
**********2022-06-06 12:55:27**********
55077.0 55113.92 0.067 51.799 211.269 
0 5 10 4
0 0 0 0 788.8 621.9 0 0 0 0 1577.2 0 0
0 3 6
0 0 0 982.3 0 0 2005.7 0 0 0 0 0 0
0 2 7 1 11 12 9 8
0 848.8 1.4 0 0 0 0 15.2 91.5 405.2 0 1316.3 309.7
**********2022-06-06 12:55:30**********
55077.0 55113.92 0.067 51.799 214.205 
0 5 10 4
0 0 0 0 788.8 621.9 0 0 0 0 1577.2 0 0
0 3 6
0 0 0 982.3 0 0 2005.7 0 0 0 0 0 0
0 2 7 1 11 12 9 8
0 848.8 1.4 0 0 0 0 15.2 91.5 405.2 0 1316.3 309.7
**********2022-06-06 12:55:34**********
55077.0 55113.92 0.067 51.799 218.364 
0 5 10 4
0 0 0 0 788.8 621.9 0 0 0 0 1577.2 0 0
0 3 6
0 0 0 982.3 0 0 2005.7 0 0 0 0 0 0
0 2 7 1 11 12 9 8
0 848.8 1.4 0 0 0 0 15.2 91.5 405.2 0 1316.3 309.7
**********2022-06-06 12:55:37**********
55077.0 55113.92 0.067 51.799 221.112 
0 5 10 4
0 0 0 0 788.8 621.9 0 0 0 0 1577.2 0 0
0 3 6
0 0 0 982.3 0 0 2005.7 0 0 0 0 0 0
0 2 7 1 11 12 9 8
0 848.8 1.4 0 0 0 0 15.2 91.5 405.2 0 1316.3 309.7
**********2022-06-13 17:32:16**********
33045.0 33128.845 0.253 4.226 4.226 
0 5 7 1 3
0 288.2 0 725.1 0 338.5 0 441.2 0 0 0 0 0
0 12 2 10 4
0 0 0.1 0 917.5 0 0 0 0 0 864.7 0 10.7
0 9 8 6 11
0 0 0 0 0 0 128.7 0 1199.3 89.2 0 375.8 0
**********2022-06-13 17:32:21**********
33045.0 33127.162 0.248 9.242 9.242 
0 1 5 8
0 288.0 0 0 0 338.1 0 0 1166.9 0 0 0 0
0 10 2 11 7 6
0 0 0.1 0 0 0 125.2 440.4 0 0 861.9 365.4 0
0 12 9 4 3
0 0 0 747.7 944.8 0 0 0 0 89.5 0 0 11.0
**********2022-06-13 17:32:26**********
33045.0 33097.488 0.159 14.728 14.728 
0 5 1 8
0 288.0 0 0 0 338.1 0 0 1166.9 0 0 0 0
0 10 11 7 6
0 0 0 0 0 0 125.2 440.5 0 0 862.0 365.4 0
0 2 4 3 12 9
0 0 0.1 747.6 944.7 0 0 0 0 89.5 0 0 11.0
**********2022-06-13 17:32:31**********
33045.0 33097.488 0.159 14.728 19.767 
0 5 1 8
0 288.0 0 0 0 338.1 0 0 1166.9 0 0 0 0
0 10 11 7 6
0 0 0 0 0 0 125.2 440.5 0 0 862.0 365.4 0
0 2 4 3 12 9
0 0 0.1 747.6 944.7 0 0 0 0 89.5 0 0 11.0
**********2022-06-13 17:32:37**********
33045.0 33086.932 0.127 24.947 24.947 
0 5 1 8
0 288.0 0 0 0 338.1 0 0 1166.9 0 0 0 0
0 12 4 10
0 0 0 0 917.5 0 0 0 0 0 864.8 0 10.7
0 9 6 2 3 7 11
0 0 0.1 745.1 0 0 128.9 453.5 0 89.2 0 376.2 0
**********2022-06-13 17:32:41**********
33045.0 33086.932 0.127 24.947 29.466 
0 5 1 8
0 288.0 0 0 0 338.1 0 0 1166.9 0 0 0 0
0 12 4 10
0 0 0 0 917.5 0 0 0 0 0 864.8 0 10.7
0 9 6 2 3 7 11
0 0 0.1 745.1 0 0 128.9 453.5 0 89.2 0 376.2 0
**********2022-06-13 17:32:45**********
33045.0 33086.932 0.127 24.947 33.679 
0 5 1 8
0 288.0 0 0 0 338.1 0 0 1166.9 0 0 0 0
0 12 4 10
0 0 0 0 917.5 0 0 0 0 0 864.8 0 10.7
0 9 6 2 3 7 11
0 0 0.1 745.1 0 0 128.9 453.5 0 89.2 0 376.2 0
**********2022-06-13 17:32:53**********
57671.0 57846.818 0.304 4.532 4.532 
0 7 5
0 0 0 0 0 2948.3 0 180.7 0 0 0 0 0
0 6 10 2 1 3
0 741.0 0.1 645.9 0 0 435.7 0 0 0 1306.3 0 0
0 12 11 9 4 8
0 0 0 0 1252.2 0 0 0 436.6 391.6 0 836.2 212.4
**********2022-06-13 17:32:58**********
57671.0 57806.838 0.235 9.374 9.374 
0 12 11 4 6 8
0 0 0 0 1225.0 0 451.0 0 427.1 0 0 818.0 207.8
0 10 1 9 3
0 756.9 0 659.7 0 0 0 0 0 378.1 1334.3 0 0
0 5 2 7
0 0 0.1 0 0 2948.1 0 180.7 0 0 0 0 0
**********2022-06-13 17:33:03**********
57671.0 57806.838 0.235 9.374 14.497 
0 12 11 4 6 8
0 0 0 0 1225.0 0 451.0 0 427.1 0 0 818.0 207.8
0 10 1 9 3
0 756.9 0 659.7 0 0 0 0 0 378.1 1334.3 0 0
0 5 2 7
0 0 0.1 0 0 2948.1 0 180.7 0 0 0 0 0
**********2022-06-13 17:33:18**********
25319.0 25379.225 0.237 3.749 3.749 
0 2 6 4 12
0 0 0.1 0 556.6 0 87.7 0 0 0 0 0 729.5
0 10 8 1 5
0 599.4 0 0 0 75.2 0 0 300.6 0 398.8 0 0
0 11 9 3 7
0 0 0 926.6 0 0 0 80.7 0 35.2 0 331.5 0
**********2022-06-13 17:33:23**********
25319.0 25343.528 0.097 9.073 9.073 
0 6 2 4 8 10
0 0 0.1 0 565.0 0 89.0 0 309.4 0 410.5 0 0
0 5 11 7 3
0 0 0 897.5 0 77.1 0 78.2 0 0 0 321.1 0
0 12 9 1
0 609.1 0 0 0 0 0 0 0 33.8 0 0 731.1
**********2022-06-13 17:33:28**********
25319.0 25340.72 0.086 13.848 13.848 
0 7 4 12
0 0 0 0 560.9 0 0 78.0 0 0 0 0 735.1
0 6 3 5 8
0 0 0 899.4 0 77.3 88.8 0 308.6 0 0 0 0
0 1 2 11 10 9
0 612.3 0.1 0 0 0 0 0 0 34.0 407.4 320.2 0
**********2022-06-13 17:33:32**********
25319.0 25340.72 0.086 13.848 18.21 
0 7 4 12
0 0 0 0 560.9 0 0 78.0 0 0 0 0 735.1
0 6 3 5 8
0 0 0 899.4 0 77.3 88.8 0 308.6 0 0 0 0
0 1 2 11 10 9
0 612.3 0.1 0 0 0 0 0 0 34.0 407.4 320.2 0
**********2022-06-13 17:33:37**********
25319.0 25340.72 0.086 13.848 22.524 
0 7 4 12
0 0 0 0 560.9 0 0 78.0 0 0 0 0 735.1
0 6 3 5 8
0 0 0 899.4 0 77.3 88.8 0 308.6 0 0 0 0
0 1 2 11 10 9
0 612.3 0.1 0 0 0 0 0 0 34.0 407.4 320.2 0
**********2022-06-13 17:33:40**********
25319.0 25340.72 0.086 13.848 26.131 
0 7 4 12
0 0 0 0 560.9 0 0 78.0 0 0 0 0 735.1
0 6 3 5 8
0 0 0 899.4 0 77.3 88.8 0 308.6 0 0 0 0
0 1 2 11 10 9
0 612.3 0.1 0 0 0 0 0 0 34.0 407.4 320.2 0
**********2022-06-13 17:33:44**********
25319.0 25340.56 0.085 29.845 29.845 
0 2 6 4 12
0 0 0.1 0 556.6 0 87.7 0 0 0 0 0 729.5
0 5 11 3 7
0 0 0 897.5 0 77.1 0 78.2 0 0 0 321.1 0
0 10 1 9 8
0 618.3 0 0 0 0 0 0 310.1 34.3 411.4 0 0
**********2022-06-13 17:33:48**********
25319.0 25340.56 0.085 29.845 33.58 
0 2 6 4 12
0 0 0.1 0 556.6 0 87.7 0 0 0 0 0 729.5
0 5 11 3 7
0 0 0 897.5 0 77.1 0 78.2 0 0 0 321.1 0
0 10 1 9 8
0 618.3 0 0 0 0 0 0 310.1 34.3 411.4 0 0
**********2022-06-13 17:33:52**********
25319.0 25340.56 0.085 29.845 37.717 
0 2 6 4 12
0 0 0.1 0 556.6 0 87.7 0 0 0 0 0 729.5
0 5 11 3 7
0 0 0 897.5 0 77.1 0 78.2 0 0 0 321.1 0
0 10 1 9 8
0 618.3 0 0 0 0 0 0 310.1 34.3 411.4 0 0
**********2022-06-13 17:33:56**********
25319.0 25330.242 0.044 42.073 42.073 
0 3 8 6 5
0 0 0 899.4 0 77.3 88.8 0 308.6 0 0 0 0
0 7 4 12
0 0 0 0 560.9 0 0 78.0 0 0 0 0 735.1
0 2 1 9 11 10
0 612.3 0.1 0 0 0 0 0 0 34.0 407.4 320.2 0
**********2022-06-13 17:34:01**********
25319.0 25330.242 0.044 42.073 46.361 
0 3 8 6 5
0 0 0 899.4 0 77.3 88.8 0 308.6 0 0 0 0
0 7 4 12
0 0 0 0 560.9 0 0 78.0 0 0 0 0 735.1
0 2 1 9 11 10
0 612.3 0.1 0 0 0 0 0 0 34.0 407.4 320.2 0
**********2022-06-13 17:34:04**********
25319.0 25330.242 0.044 42.073 50.272 
0 3 8 6 5
0 0 0 899.4 0 77.3 88.8 0 308.6 0 0 0 0
0 7 4 12
0 0 0 0 560.9 0 0 78.0 0 0 0 0 735.1
0 2 1 9 11 10
0 612.3 0.1 0 0 0 0 0 0 34.0 407.4 320.2 0
**********2022-06-13 17:34:08**********
25319.0 25330.242 0.044 42.073 54.142 
0 3 8 6 5
0 0 0 899.4 0 77.3 88.8 0 308.6 0 0 0 0
0 7 4 12
0 0 0 0 560.9 0 0 78.0 0 0 0 0 735.1
0 2 1 9 11 10
0 612.3 0.1 0 0 0 0 0 0 34.0 407.4 320.2 0
**********2022-06-13 17:34:12**********
25319.0 25330.242 0.044 42.073 57.544 
0 3 8 6 5
0 0 0 899.4 0 77.3 88.8 0 308.6 0 0 0 0
0 7 4 12
0 0 0 0 560.9 0 0 78.0 0 0 0 0 735.1
0 2 1 9 11 10
0 612.3 0.1 0 0 0 0 0 0 34.0 407.4 320.2 0
**********2022-06-13 17:34:15**********
25319.0 25330.242 0.044 42.073 60.855 
0 3 8 6 5
0 0 0 899.4 0 77.3 88.8 0 308.6 0 0 0 0
0 7 4 12
0 0 0 0 560.9 0 0 78.0 0 0 0 0 735.1
0 2 1 9 11 10
0 612.3 0.1 0 0 0 0 0 0 34.0 407.4 320.2 0
**********2022-06-13 17:34:19**********
25319.0 25330.242 0.044 42.073 64.529 
0 3 8 6 5
0 0 0 899.4 0 77.3 88.8 0 308.6 0 0 0 0
0 7 4 12
0 0 0 0 560.9 0 0 78.0 0 0 0 0 735.1
0 2 1 9 11 10
0 612.3 0.1 0 0 0 0 0 0 34.0 407.4 320.2 0
**********2022-06-13 17:34:22**********
25319.0 25330.242 0.044 42.073 68.285 
0 3 8 6 5
0 0 0 899.4 0 77.3 88.8 0 308.6 0 0 0 0
0 7 4 12
0 0 0 0 560.9 0 0 78.0 0 0 0 0 735.1
0 2 1 9 11 10
0 612.3 0.1 0 0 0 0 0 0 34.0 407.4 320.2 0
**********2022-06-13 17:34:27**********
25319.0 25330.242 0.044 42.073 72.328 
0 3 8 6 5
0 0 0 899.4 0 77.3 88.8 0 308.6 0 0 0 0
0 7 4 12
0 0 0 0 560.9 0 0 78.0 0 0 0 0 735.1
0 2 1 9 11 10
0 612.3 0.1 0 0 0 0 0 0 34.0 407.4 320.2 0
**********2022-06-13 17:34:30**********
25319.0 25330.242 0.044 42.073 75.854 
0 3 8 6 5
0 0 0 899.4 0 77.3 88.8 0 308.6 0 0 0 0
0 7 4 12
0 0 0 0 560.9 0 0 78.0 0 0 0 0 735.1
0 2 1 9 11 10
0 612.3 0.1 0 0 0 0 0 0 34.0 407.4 320.2 0
**********2022-06-13 17:34:34**********
25319.0 25330.242 0.044 42.073 79.793 
0 3 8 6 5
0 0 0 899.4 0 77.3 88.8 0 308.6 0 0 0 0
0 7 4 12
0 0 0 0 560.9 0 0 78.0 0 0 0 0 735.1
0 2 1 9 11 10
0 612.3 0.1 0 0 0 0 0 0 34.0 407.4 320.2 0
**********2022-06-13 17:34:37**********
25319.0 25330.242 0.044 42.073 82.889 
0 3 8 6 5
0 0 0 899.4 0 77.3 88.8 0 308.6 0 0 0 0
0 7 4 12
0 0 0 0 560.9 0 0 78.0 0 0 0 0 735.1
0 2 1 9 11 10
0 612.3 0.1 0 0 0 0 0 0 34.0 407.4 320.2 0
**********2022-06-13 17:34:40**********
25319.0 25330.242 0.044 42.073 85.902 
0 3 8 6 5
0 0 0 899.4 0 77.3 88.8 0 308.6 0 0 0 0
0 7 4 12
0 0 0 0 560.9 0 0 78.0 0 0 0 0 735.1
0 2 1 9 11 10
0 612.3 0.1 0 0 0 0 0 0 34.0 407.4 320.2 0
**********2022-06-13 17:34:43**********
25319.0 25330.242 0.044 42.073 88.669 
0 3 8 6 5
0 0 0 899.4 0 77.3 88.8 0 308.6 0 0 0 0
0 7 4 12
0 0 0 0 560.9 0 0 78.0 0 0 0 0 735.1
0 2 1 9 11 10
0 612.3 0.1 0 0 0 0 0 0 34.0 407.4 320.2 0
**********2022-06-13 17:34:44**********
25319.0 25330.242 0.044 42.073 89.952 
0 3 8 6 5
0 0 0 899.4 0 77.3 88.8 0 308.6 0 0 0 0
0 7 4 12
0 0 0 0 560.9 0 0 78.0 0 0 0 0 735.1
0 2 1 9 11 10
0 612.3 0.1 0 0 0 0 0 0 34.0 407.4 320.2 0
**********2022-06-13 17:34:47**********
25319.0 25330.242 0.044 42.073 92.458 
0 3 8 6 5
0 0 0 899.4 0 77.3 88.8 0 308.6 0 0 0 0
0 7 4 12
0 0 0 0 560.9 0 0 78.0 0 0 0 0 735.1
0 2 1 9 11 10
0 612.3 0.1 0 0 0 0 0 0 34.0 407.4 320.2 0
**********2022-06-13 17:34:50**********
25319.0 25330.242 0.044 42.073 96.281 
0 3 8 6 5
0 0 0 899.4 0 77.3 88.8 0 308.6 0 0 0 0
0 7 4 12
0 0 0 0 560.9 0 0 78.0 0 0 0 0 735.1
0 2 1 9 11 10
0 612.3 0.1 0 0 0 0 0 0 34.0 407.4 320.2 0
**********2022-06-13 17:34:54**********
25319.0 25330.242 0.044 42.073 99.834 
0 3 8 6 5
0 0 0 899.4 0 77.3 88.8 0 308.6 0 0 0 0
0 7 4 12
0 0 0 0 560.9 0 0 78.0 0 0 0 0 735.1
0 2 1 9 11 10
0 612.3 0.1 0 0 0 0 0 0 34.0 407.4 320.2 0
**********2022-06-13 17:34:57**********
25319.0 25330.242 0.044 42.073 103.094 
0 3 8 6 5
0 0 0 899.4 0 77.3 88.8 0 308.6 0 0 0 0
0 7 4 12
0 0 0 0 560.9 0 0 78.0 0 0 0 0 735.1
0 2 1 9 11 10
0 612.3 0.1 0 0 0 0 0 0 34.0 407.4 320.2 0
**********2022-06-13 17:35:00**********
25319.0 25330.242 0.044 42.073 106.28 
0 3 8 6 5
0 0 0 899.4 0 77.3 88.8 0 308.6 0 0 0 0
0 7 4 12
0 0 0 0 560.9 0 0 78.0 0 0 0 0 735.1
0 2 1 9 11 10
0 612.3 0.1 0 0 0 0 0 0 34.0 407.4 320.2 0
**********2022-06-13 17:35:02**********
25319.0 25330.242 0.044 42.073 107.635 
0 3 8 6 5
0 0 0 899.4 0 77.3 88.8 0 308.6 0 0 0 0
0 7 4 12
0 0 0 0 560.9 0 0 78.0 0 0 0 0 735.1
0 2 1 9 11 10
0 612.3 0.1 0 0 0 0 0 0 34.0 407.4 320.2 0
**********2022-06-13 17:35:05**********
25319.0 25330.242 0.044 42.073 110.725 
0 3 8 6 5
0 0 0 899.4 0 77.3 88.8 0 308.6 0 0 0 0
0 7 4 12
0 0 0 0 560.9 0 0 78.0 0 0 0 0 735.1
0 2 1 9 11 10
0 612.3 0.1 0 0 0 0 0 0 34.0 407.4 320.2 0
**********2022-06-13 17:35:06**********
25319.0 25330.242 0.044 42.073 112.042 
0 3 8 6 5
0 0 0 899.4 0 77.3 88.8 0 308.6 0 0 0 0
0 7 4 12
0 0 0 0 560.9 0 0 78.0 0 0 0 0 735.1
0 2 1 9 11 10
0 612.3 0.1 0 0 0 0 0 0 34.0 407.4 320.2 0
**********2022-06-13 17:35:10**********
25319.0 25330.242 0.044 42.073 115.495 
0 3 8 6 5
0 0 0 899.4 0 77.3 88.8 0 308.6 0 0 0 0
0 7 4 12
0 0 0 0 560.9 0 0 78.0 0 0 0 0 735.1
0 2 1 9 11 10
0 612.3 0.1 0 0 0 0 0 0 34.0 407.4 320.2 0
**********2022-06-13 17:35:12**********
25319.0 25330.242 0.044 42.073 117.93 
0 3 8 6 5
0 0 0 899.4 0 77.3 88.8 0 308.6 0 0 0 0
0 7 4 12
0 0 0 0 560.9 0 0 78.0 0 0 0 0 735.1
0 2 1 9 11 10
0 612.3 0.1 0 0 0 0 0 0 34.0 407.4 320.2 0
**********2022-06-13 17:35:15**********
25319.0 25330.242 0.044 42.073 120.328 
0 3 8 6 5
0 0 0 899.4 0 77.3 88.8 0 308.6 0 0 0 0
0 7 4 12
0 0 0 0 560.9 0 0 78.0 0 0 0 0 735.1
0 2 1 9 11 10
0 612.3 0.1 0 0 0 0 0 0 34.0 407.4 320.2 0
**********2022-06-13 17:35:17**********
25319.0 25330.242 0.044 42.073 122.813 
0 3 8 6 5
0 0 0 899.4 0 77.3 88.8 0 308.6 0 0 0 0
0 7 4 12
0 0 0 0 560.9 0 0 78.0 0 0 0 0 735.1
0 2 1 9 11 10
0 612.3 0.1 0 0 0 0 0 0 34.0 407.4 320.2 0
**********2022-06-13 17:35:18**********
25319.0 25330.242 0.044 42.073 124.007 
0 3 8 6 5
0 0 0 899.4 0 77.3 88.8 0 308.6 0 0 0 0
0 7 4 12
0 0 0 0 560.9 0 0 78.0 0 0 0 0 735.1
0 2 1 9 11 10
0 612.3 0.1 0 0 0 0 0 0 34.0 407.4 320.2 0
**********2022-06-13 17:35:21**********
25319.0 25330.242 0.044 42.073 127.216 
0 3 8 6 5
0 0 0 899.4 0 77.3 88.8 0 308.6 0 0 0 0
0 7 4 12
0 0 0 0 560.9 0 0 78.0 0 0 0 0 735.1
0 2 1 9 11 10
0 612.3 0.1 0 0 0 0 0 0 34.0 407.4 320.2 0
**********2022-06-13 17:35:24**********
25319.0 25330.242 0.044 42.073 129.775 
0 3 8 6 5
0 0 0 899.4 0 77.3 88.8 0 308.6 0 0 0 0
0 7 4 12
0 0 0 0 560.9 0 0 78.0 0 0 0 0 735.1
0 2 1 9 11 10
0 612.3 0.1 0 0 0 0 0 0 34.0 407.4 320.2 0
**********2022-06-13 17:35:25**********
25319.0 25330.242 0.044 42.073 130.925 
0 3 8 6 5
0 0 0 899.4 0 77.3 88.8 0 308.6 0 0 0 0
0 7 4 12
0 0 0 0 560.9 0 0 78.0 0 0 0 0 735.1
0 2 1 9 11 10
0 612.3 0.1 0 0 0 0 0 0 34.0 407.4 320.2 0
**********2022-06-13 17:35:31**********
25319.0 25330.242 0.044 42.073 136.591 
0 3 8 6 5
0 0 0 899.4 0 77.3 88.8 0 308.6 0 0 0 0
0 7 4 12
0 0 0 0 560.9 0 0 78.0 0 0 0 0 735.1
0 2 1 9 11 10
0 612.3 0.1 0 0 0 0 0 0 34.0 407.4 320.2 0
**********2022-06-13 17:35:33**********
25319.0 25330.242 0.044 42.073 139.009 
0 3 8 6 5
0 0 0 899.4 0 77.3 88.8 0 308.6 0 0 0 0
0 7 4 12
0 0 0 0 560.9 0 0 78.0 0 0 0 0 735.1
0 2 1 9 11 10
0 612.3 0.1 0 0 0 0 0 0 34.0 407.4 320.2 0
**********2022-06-13 17:35:35**********
25319.0 25330.242 0.044 42.073 141.319 
0 3 8 6 5
0 0 0 899.4 0 77.3 88.8 0 308.6 0 0 0 0
0 7 4 12
0 0 0 0 560.9 0 0 78.0 0 0 0 0 735.1
0 2 1 9 11 10
0 612.3 0.1 0 0 0 0 0 0 34.0 407.4 320.2 0
**********2022-06-13 17:35:39**********
25319.0 25330.242 0.044 42.073 144.411 
0 3 8 6 5
0 0 0 899.4 0 77.3 88.8 0 308.6 0 0 0 0
0 7 4 12
0 0 0 0 560.9 0 0 78.0 0 0 0 0 735.1
0 2 1 9 11 10
0 612.3 0.1 0 0 0 0 0 0 34.0 407.4 320.2 0
**********2022-06-13 17:35:40**********
25319.0 25330.242 0.044 42.073 145.467 
0 3 8 6 5
0 0 0 899.4 0 77.3 88.8 0 308.6 0 0 0 0
0 7 4 12
0 0 0 0 560.9 0 0 78.0 0 0 0 0 735.1
0 2 1 9 11 10
0 612.3 0.1 0 0 0 0 0 0 34.0 407.4 320.2 0
**********2022-06-13 17:35:41**********
25319.0 25330.242 0.044 42.073 146.541 
0 3 8 6 5
0 0 0 899.4 0 77.3 88.8 0 308.6 0 0 0 0
0 7 4 12
0 0 0 0 560.9 0 0 78.0 0 0 0 0 735.1
0 2 1 9 11 10
0 612.3 0.1 0 0 0 0 0 0 34.0 407.4 320.2 0
**********2022-06-13 17:35:43**********
25319.0 25330.242 0.044 42.073 148.988 
0 3 8 6 5
0 0 0 899.4 0 77.3 88.8 0 308.6 0 0 0 0
0 7 4 12
0 0 0 0 560.9 0 0 78.0 0 0 0 0 735.1
0 2 1 9 11 10
0 612.3 0.1 0 0 0 0 0 0 34.0 407.4 320.2 0
**********2022-06-13 17:35:48**********
25319.0 25330.242 0.044 42.073 153.555 
0 3 8 6 5
0 0 0 899.4 0 77.3 88.8 0 308.6 0 0 0 0
0 7 4 12
0 0 0 0 560.9 0 0 78.0 0 0 0 0 735.1
0 2 1 9 11 10
0 612.3 0.1 0 0 0 0 0 0 34.0 407.4 320.2 0
**********2022-06-13 17:36:41**********
90255.103 90325.708 0.078 26.117 26.118 
0 10
0 0 0 0 0 0 0 0 0 0 4683.0 0 0
0 12 11 7 4 8 5
0 0 0 0 98.2 1200.9 0 329.0 0.2 0 0 2988.9 65.7
0 2 1 3 6 9
0 103.7 55.4 663.1 0 0 1790.2 0 0 2070.6 0 0 0
**********2022-06-13 17:36:53**********
90255.104 90315.216 0.067 38.871 38.871 
0 8 10
0 0.0 0.0 0.0 -0.0 -0.0 0.0 0.0 0.1 0.0 4682.9 0.0 0.0
0 11 7 1 2 5
0 104.1 55.6 0 0 1202.1 0 329.3 0 0 0 2991.8 0
0 12 9 4 3 6
0 0 0 662.5 97.9 0 1788.6 0 0 2068.7 0 0 65.4
**********2022-06-13 17:37:09**********
90255.314 90296.715 0.046 54.615 54.616 
0 10 8
0 0 0 0 0 0 0 0 0.1 0 4682.9 0 0
0 1 3 2 9 6
0 103.7 55.4 663.1 0 0 1790.2 0 0 2070.6 0 0 0
0 11 5 4 7 12
0 0 0 0 98.3 1201.0 0 329.0 0 0 0 2989.1 65.7
**********2022-06-13 17:37:18**********
90255.338 90296.715 0.046 54.615 63.119 
0 10 8
0 0 0 0 0 0 0 0 0.1 0 4682.9 0 0
0 1 3 2 9 6
0 103.7 55.4 663.1 0 0 1790.2 0 0 2070.6 0 0 0
0 11 5 4 7 12
0 0 0 0 98.3 1201.0 0 329.0 0 0 0 2989.1 65.7
**********2022-06-13 17:37:26**********
90255.371 90288.799 0.037 71.609 71.609 
0 12 2 3 6 9
0 0 55.8 668.5 0 0 1805.0 0 0 2087.7 0 0 66.0
0 8 10
0 0.0 0.0 0.0 -0.0 -0.0 0.0 0.0 0.1 0.0 4682.9 0.0 0.0
0 5 1 4 7 11
0 103.2 0.0 0.0 97.5 1191.2 0.0 326.4 0.0 0.0 0.0 2964.8 0.0
**********2022-06-13 17:37:38**********
90255.522 90288.799 0.037 71.609 83.592 
0 12 2 3 6 9
0 0 55.8 668.5 0 0 1805.0 0 0 2087.7 0 0 66.0
0 8 10
0 0.0 0.0 0.0 -0.0 -0.0 0.0 0.0 0.1 0.0 4682.9 0.0 0.0
0 5 1 4 7 11
0 103.2 0.0 0.0 97.5 1191.2 0.0 326.4 0.0 0.0 0.0 2964.8 0.0
**********2022-06-13 17:37:46**********
90255.551 90282.035 0.029 91.226 91.226 
0 8 10
0 0.0 0.0 0.0 0.0 0.0 0.0 0.0 0.1 0.0 4682.9 0.0 0.0
0 11 7 2 12 5
0 0 56.0 0 0 1212.0 0 332.1 0 0 0 3016.6 66.3
0 6 3 4 1 9
0 102.8 0.0 657.1 97.1 0.0 1774.1 0.0 0.0 2051.9 0.0 0.0 0.0
**********2022-06-13 17:37:52**********
90255.586 90282.035 0.029 91.226 97.868 
0 8 10
0 0.0 0.0 0.0 0.0 0.0 0.0 0.0 0.1 0.0 4682.9 0.0 0.0
0 11 7 2 12 5
0 0 56.0 0 0 1212.0 0 332.1 0 0 0 3016.6 66.3
0 6 3 4 1 9
0 102.8 0.0 657.1 97.1 0.0 1774.1 0.0 0.0 2051.9 0.0 0.0 0.0
**********2022-06-13 17:37:59**********
90255.67 90276.077 0.023 104.37 104.37 
0 8 10
0 0.0 0.0 0.0 -0.0 -0.0 0.0 0.0 0.1 0.0 4682.9 0.0 0.0
0 9 6 3 2 12
0 0 55.8 668.5 0 0 1805.0 0 0 2087.7 0 0 66.0
0 1 11 7 4 5
0 103.2 0.0 0.0 97.5 1191.2 0.0 326.4 0.0 0.0 0.0 2964.8 0.0
**********2022-06-13 17:38:14**********
90255.674 90276.077 0.023 104.37 119.057 
0 8 10
0 0.0 0.0 0.0 -0.0 -0.0 0.0 0.0 0.1 0.0 4682.9 0.0 0.0
0 9 6 3 2 12
0 0 55.8 668.5 0 0 1805.0 0 0 2087.7 0 0 66.0
0 1 11 7 4 5
0 103.2 0.0 0.0 97.5 1191.2 0.0 326.4 0.0 0.0 0.0 2964.8 0.0
**********2022-06-13 17:38:23**********
90255.683 90276.077 0.023 104.37 128.819 
0 8 10
0 0.0 0.0 0.0 -0.0 -0.0 0.0 0.0 0.1 0.0 4682.9 0.0 0.0
0 9 6 3 2 12
0 0 55.8 668.5 0 0 1805.0 0 0 2087.7 0 0 66.0
0 1 11 7 4 5
0 103.2 0.0 0.0 97.5 1191.2 0.0 326.4 0.0 0.0 0.0 2964.8 0.0
**********2022-06-13 17:38:30**********
90255.696 90276.077 0.023 104.37 135.927 
0 8 10
0 0.0 0.0 0.0 -0.0 -0.0 0.0 0.0 0.1 0.0 4682.9 0.0 0.0
0 9 6 3 2 12
0 0 55.8 668.5 0 0 1805.0 0 0 2087.7 0 0 66.0
0 1 11 7 4 5
0 103.2 0.0 0.0 97.5 1191.2 0.0 326.4 0.0 0.0 0.0 2964.8 0.0
**********2022-06-13 17:38:38**********
90255.77 90276.077 0.022 104.37 143.949 
0 8 10
0 0.0 0.0 0.0 -0.0 -0.0 0.0 0.0 0.1 0.0 4682.9 0.0 0.0
0 9 6 3 2 12
0 0 55.8 668.5 0 0 1805.0 0 0 2087.7 0 0 66.0
0 1 11 7 4 5
0 103.2 0.0 0.0 97.5 1191.2 0.0 326.4 0.0 0.0 0.0 2964.8 0.0
**********2022-06-13 17:38:50**********
90255.821 90266.501 0.012 155.557 155.557 
0 8 10
0 0.0 0.0 0.0 -0.0 -0.0 0.0 0.0 0.1 0.0 4682.9 0.0 0.0
0 11 5 4 7 12
0 0 0 0 98.3 1201.0 0 329.0 0 0 0 2989.1 65.7
0 1 2 9 6 3
0 103.7 55.4 663.1 0 0 1790.2 0 0 2070.6 0 0 0
**********2022-06-13 17:38:58**********
90255.835 90266.501 0.012 155.557 163.005 
0 8 10
0 0.0 0.0 0.0 -0.0 -0.0 0.0 0.0 0.1 0.0 4682.9 0.0 0.0
0 11 5 4 7 12
0 0 0 0 98.3 1201.0 0 329.0 0 0 0 2989.1 65.7
0 1 2 9 6 3
0 103.7 55.4 663.1 0 0 1790.2 0 0 2070.6 0 0 0
**********2022-06-13 17:39:09**********
90255.843 90266.501 0.012 155.557 174.243 
0 8 10
0 0.0 0.0 0.0 -0.0 -0.0 0.0 0.0 0.1 0.0 4682.9 0.0 0.0
0 11 5 4 7 12
0 0 0 0 98.3 1201.0 0 329.0 0 0 0 2989.1 65.7
0 1 2 9 6 3
0 103.7 55.4 663.1 0 0 1790.2 0 0 2070.6 0 0 0
**********2022-06-13 17:39:19**********
90255.854 90266.501 0.012 155.557 184.345 
0 8 10
0 0.0 0.0 0.0 -0.0 -0.0 0.0 0.0 0.1 0.0 4682.9 0.0 0.0
0 11 5 4 7 12
0 0 0 0 98.3 1201.0 0 329.0 0 0 0 2989.1 65.7
0 1 2 9 6 3
0 103.7 55.4 663.1 0 0 1790.2 0 0 2070.6 0 0 0
**********2022-06-13 17:39:29**********
90255.867 90266.501 0.012 155.557 194.533 
0 8 10
0 0.0 0.0 0.0 -0.0 -0.0 0.0 0.0 0.1 0.0 4682.9 0.0 0.0
0 11 5 4 7 12
0 0 0 0 98.3 1201.0 0 329.0 0 0 0 2989.1 65.7
0 1 2 9 6 3
0 103.7 55.4 663.1 0 0 1790.2 0 0 2070.6 0 0 0
**********2022-06-13 17:39:42**********
90255.891 90266.501 0.012 155.557 207.376 
0 8 10
0 0.0 0.0 0.0 -0.0 -0.0 0.0 0.0 0.1 0.0 4682.9 0.0 0.0
0 11 5 4 7 12
0 0 0 0 98.3 1201.0 0 329.0 0 0 0 2989.1 65.7
0 1 2 9 6 3
0 103.7 55.4 663.1 0 0 1790.2 0 0 2070.6 0 0 0
**********2022-06-13 17:39:48**********
90255.892 90266.501 0.012 155.557 213.61 
0 8 10
0 0.0 0.0 0.0 -0.0 -0.0 0.0 0.0 0.1 0.0 4682.9 0.0 0.0
0 11 5 4 7 12
0 0 0 0 98.3 1201.0 0 329.0 0 0 0 2989.1 65.7
0 1 2 9 6 3
0 103.7 55.4 663.1 0 0 1790.2 0 0 2070.6 0 0 0
**********2022-06-13 17:39:59**********
90255.897 90266.501 0.012 155.557 224.345 
0 8 10
0 0.0 0.0 0.0 -0.0 -0.0 0.0 0.0 0.1 0.0 4682.9 0.0 0.0
0 11 5 4 7 12
0 0 0 0 98.3 1201.0 0 329.0 0 0 0 2989.1 65.7
0 1 2 9 6 3
0 103.7 55.4 663.1 0 0 1790.2 0 0 2070.6 0 0 0
**********2022-06-13 17:40:09**********
90255.897 90266.501 0.012 155.557 234.058 
0 8 10
0 0.0 0.0 0.0 -0.0 -0.0 0.0 0.0 0.1 0.0 4682.9 0.0 0.0
0 11 5 4 7 12
0 0 0 0 98.3 1201.0 0 329.0 0 0 0 2989.1 65.7
0 1 2 9 6 3
0 103.7 55.4 663.1 0 0 1790.2 0 0 2070.6 0 0 0
**********2022-06-13 17:40:19**********
90255.903 90266.501 0.012 155.557 244.31 
0 8 10
0 0.0 0.0 0.0 -0.0 -0.0 0.0 0.0 0.1 0.0 4682.9 0.0 0.0
0 11 5 4 7 12
0 0 0 0 98.3 1201.0 0 329.0 0 0 0 2989.1 65.7
0 1 2 9 6 3
0 103.7 55.4 663.1 0 0 1790.2 0 0 2070.6 0 0 0
**********2022-06-13 17:40:27**********
90255.932 90266.501 0.012 155.557 252.353 
0 8 10
0 0.0 0.0 0.0 -0.0 -0.0 0.0 0.0 0.1 0.0 4682.9 0.0 0.0
0 11 5 4 7 12
0 0 0 0 98.3 1201.0 0 329.0 0 0 0 2989.1 65.7
0 1 2 9 6 3
0 103.7 55.4 663.1 0 0 1790.2 0 0 2070.6 0 0 0
**********2022-06-13 17:40:33**********
90255.934 90266.501 0.012 155.557 258.471 
0 8 10
0 0.0 0.0 0.0 -0.0 -0.0 0.0 0.0 0.1 0.0 4682.9 0.0 0.0
0 11 5 4 7 12
0 0 0 0 98.3 1201.0 0 329.0 0 0 0 2989.1 65.7
0 1 2 9 6 3
0 103.7 55.4 663.1 0 0 1790.2 0 0 2070.6 0 0 0
**********2022-06-13 17:40:40**********
90255.947 90266.501 0.012 155.557 265.564 
0 8 10
0 0.0 0.0 0.0 -0.0 -0.0 0.0 0.0 0.1 0.0 4682.9 0.0 0.0
0 11 5 4 7 12
0 0 0 0 98.3 1201.0 0 329.0 0 0 0 2989.1 65.7
0 1 2 9 6 3
0 103.7 55.4 663.1 0 0 1790.2 0 0 2070.6 0 0 0
**********2022-06-13 17:40:51**********
90255.952 90266.501 0.012 155.557 276.726 
0 8 10
0 0.0 0.0 0.0 -0.0 -0.0 0.0 0.0 0.1 0.0 4682.9 0.0 0.0
0 11 5 4 7 12
0 0 0 0 98.3 1201.0 0 329.0 0 0 0 2989.1 65.7
0 1 2 9 6 3
0 103.7 55.4 663.1 0 0 1790.2 0 0 2070.6 0 0 0
**********2022-06-13 17:40:58**********
90255.954 90266.501 0.012 155.557 283.545 
0 8 10
0 0.0 0.0 0.0 -0.0 -0.0 0.0 0.0 0.1 0.0 4682.9 0.0 0.0
0 11 5 4 7 12
0 0 0 0 98.3 1201.0 0 329.0 0 0 0 2989.1 65.7
0 1 2 9 6 3
0 103.7 55.4 663.1 0 0 1790.2 0 0 2070.6 0 0 0
**********2022-06-13 17:41:03**********
90255.992 90266.501 0.012 155.557 288.7 
0 8 10
0 0.0 0.0 0.0 -0.0 -0.0 0.0 0.0 0.1 0.0 4682.9 0.0 0.0
0 11 5 4 7 12
0 0 0 0 98.3 1201.0 0 329.0 0 0 0 2989.1 65.7
0 1 2 9 6 3
0 103.7 55.4 663.1 0 0 1790.2 0 0 2070.6 0 0 0
**********2022-06-13 17:41:10**********
90255.993 90266.501 0.012 155.557 295.401 
0 8 10
0 0.0 0.0 0.0 -0.0 -0.0 0.0 0.0 0.1 0.0 4682.9 0.0 0.0
0 11 5 4 7 12
0 0 0 0 98.3 1201.0 0 329.0 0 0 0 2989.1 65.7
0 1 2 9 6 3
0 103.7 55.4 663.1 0 0 1790.2 0 0 2070.6 0 0 0
**********2022-06-13 17:41:17**********
90255.993 90266.501 0.012 155.557 302.033 
0 8 10
0 0.0 0.0 0.0 -0.0 -0.0 0.0 0.0 0.1 0.0 4682.9 0.0 0.0
0 11 5 4 7 12
0 0 0 0 98.3 1201.0 0 329.0 0 0 0 2989.1 65.7
0 1 2 9 6 3
0 103.7 55.4 663.1 0 0 1790.2 0 0 2070.6 0 0 0
**********2022-06-13 17:41:23**********
90255.993 90266.501 0.012 155.557 308.814 
0 8 10
0 0.0 0.0 0.0 -0.0 -0.0 0.0 0.0 0.1 0.0 4682.9 0.0 0.0
0 11 5 4 7 12
0 0 0 0 98.3 1201.0 0 329.0 0 0 0 2989.1 65.7
0 1 2 9 6 3
0 103.7 55.4 663.1 0 0 1790.2 0 0 2070.6 0 0 0
**********2022-06-13 17:41:32**********
90255.994 90266.501 0.012 155.557 317.511 
0 8 10
0 0.0 0.0 0.0 -0.0 -0.0 0.0 0.0 0.1 0.0 4682.9 0.0 0.0
0 11 5 4 7 12
0 0 0 0 98.3 1201.0 0 329.0 0 0 0 2989.1 65.7
0 1 2 9 6 3
0 103.7 55.4 663.1 0 0 1790.2 0 0 2070.6 0 0 0
**********2022-06-13 17:41:40**********
90256.038 90266.501 0.012 155.557 325.611 
0 8 10
0 0.0 0.0 0.0 -0.0 -0.0 0.0 0.0 0.1 0.0 4682.9 0.0 0.0
0 11 5 4 7 12
0 0 0 0 98.3 1201.0 0 329.0 0 0 0 2989.1 65.7
0 1 2 9 6 3
0 103.7 55.4 663.1 0 0 1790.2 0 0 2070.6 0 0 0
**********2022-06-13 17:41:46**********
90256.039 90266.501 0.012 155.557 331.847 
0 8 10
0 0.0 0.0 0.0 -0.0 -0.0 0.0 0.0 0.1 0.0 4682.9 0.0 0.0
0 11 5 4 7 12
0 0 0 0 98.3 1201.0 0 329.0 0 0 0 2989.1 65.7
0 1 2 9 6 3
0 103.7 55.4 663.1 0 0 1790.2 0 0 2070.6 0 0 0
**********2022-06-13 17:41:58**********
90256.045 90266.501 0.012 155.557 343.772 
0 8 10
0 0.0 0.0 0.0 -0.0 -0.0 0.0 0.0 0.1 0.0 4682.9 0.0 0.0
0 11 5 4 7 12
0 0 0 0 98.3 1201.0 0 329.0 0 0 0 2989.1 65.7
0 1 2 9 6 3
0 103.7 55.4 663.1 0 0 1790.2 0 0 2070.6 0 0 0
**********2022-06-13 17:42:05**********
90256.046 90266.501 0.012 155.557 350.856 
0 8 10
0 0.0 0.0 0.0 -0.0 -0.0 0.0 0.0 0.1 0.0 4682.9 0.0 0.0
0 11 5 4 7 12
0 0 0 0 98.3 1201.0 0 329.0 0 0 0 2989.1 65.7
0 1 2 9 6 3
0 103.7 55.4 663.1 0 0 1790.2 0 0 2070.6 0 0 0
**********2022-06-13 17:42:11**********
90256.055 90266.501 0.012 155.557 356.197 
0 8 10
0 0.0 0.0 0.0 -0.0 -0.0 0.0 0.0 0.1 0.0 4682.9 0.0 0.0
0 11 5 4 7 12
0 0 0 0 98.3 1201.0 0 329.0 0 0 0 2989.1 65.7
0 1 2 9 6 3
0 103.7 55.4 663.1 0 0 1790.2 0 0 2070.6 0 0 0
**********2022-06-13 17:42:16**********
90256.055 90266.501 0.012 155.557 361.321 
0 8 10
0 0.0 0.0 0.0 -0.0 -0.0 0.0 0.0 0.1 0.0 4682.9 0.0 0.0
0 11 5 4 7 12
0 0 0 0 98.3 1201.0 0 329.0 0 0 0 2989.1 65.7
0 1 2 9 6 3
0 103.7 55.4 663.1 0 0 1790.2 0 0 2070.6 0 0 0
**********2022-06-13 17:42:22**********
90256.08 90266.501 0.012 155.557 367.799 
0 8 10
0 0.0 0.0 0.0 -0.0 -0.0 0.0 0.0 0.1 0.0 4682.9 0.0 0.0
0 11 5 4 7 12
0 0 0 0 98.3 1201.0 0 329.0 0 0 0 2989.1 65.7
0 1 2 9 6 3
0 103.7 55.4 663.1 0 0 1790.2 0 0 2070.6 0 0 0
**********2022-06-13 17:42:31**********
90256.08 90265.285 0.01 376.04 376.04 
0 8 10
0 0.0 0.0 0.0 0.0 0.0 0.0 0.0 0.1 0.0 4682.9 0.0 0.0
0 1 2 9 6 3
0 103.7 55.4 663.1 0.0 0.0 1790.2 0.0 0.0 2070.6 0.0 0.0 0.0
0 7 4 5 11 12
0 0 0 0 98.3 1201.0 0 329.0 0 0 0 2989.1 65.7
**********2022-06-13 17:42:40**********
90256.08 90265.285 0.01 376.04 385.061 
0 8 10
0 0.0 0.0 0.0 0.0 0.0 0.0 0.0 0.1 0.0 4682.9 0.0 0.0
0 1 2 9 6 3
0 103.7 55.4 663.1 0.0 0.0 1790.2 0.0 0.0 2070.6 0.0 0.0 0.0
0 7 4 5 11 12
0 0 0 0 98.3 1201.0 0 329.0 0 0 0 2989.1 65.7
**********2022-06-13 17:42:46**********
90256.111 90265.285 0.01 376.04 391.127 
0 8 10
0 0.0 0.0 0.0 0.0 0.0 0.0 0.0 0.1 0.0 4682.9 0.0 0.0
0 1 2 9 6 3
0 103.7 55.4 663.1 0.0 0.0 1790.2 0.0 0.0 2070.6 0.0 0.0 0.0
0 7 4 5 11 12
0 0 0 0 98.3 1201.0 0 329.0 0 0 0 2989.1 65.7
**********2022-06-13 17:42:56**********
90256.114 90265.285 0.01 376.04 401.478 
0 8 10
0 0.0 0.0 0.0 0.0 0.0 0.0 0.0 0.1 0.0 4682.9 0.0 0.0
0 1 2 9 6 3
0 103.7 55.4 663.1 0.0 0.0 1790.2 0.0 0.0 2070.6 0.0 0.0 0.0
0 7 4 5 11 12
0 0 0 0 98.3 1201.0 0 329.0 0 0 0 2989.1 65.7
**********2022-06-13 17:43:03**********
90256.147 90265.285 0.01 376.04 408.86 
0 8 10
0 0.0 0.0 0.0 0.0 0.0 0.0 0.0 0.1 0.0 4682.9 0.0 0.0
0 1 2 9 6 3
0 103.7 55.4 663.1 0.0 0.0 1790.2 0.0 0.0 2070.6 0.0 0.0 0.0
0 7 4 5 11 12
0 0 0 0 98.3 1201.0 0 329.0 0 0 0 2989.1 65.7
**********2022-06-13 17:43:11**********
90256.164 90265.285 0.01 376.04 416.268 
0 8 10
0 0.0 0.0 0.0 0.0 0.0 0.0 0.0 0.1 0.0 4682.9 0.0 0.0
0 1 2 9 6 3
0 103.7 55.4 663.1 0.0 0.0 1790.2 0.0 0.0 2070.6 0.0 0.0 0.0
0 7 4 5 11 12
0 0 0 0 98.3 1201.0 0 329.0 0 0 0 2989.1 65.7
**********2022-06-13 17:43:19**********
90256.165 90265.285 0.01 376.04 424.788 
0 8 10
0 0.0 0.0 0.0 0.0 0.0 0.0 0.0 0.1 0.0 4682.9 0.0 0.0
0 1 2 9 6 3
0 103.7 55.4 663.1 0.0 0.0 1790.2 0.0 0.0 2070.6 0.0 0.0 0.0
0 7 4 5 11 12
0 0 0 0 98.3 1201.0 0 329.0 0 0 0 2989.1 65.7
**********2022-06-13 17:43:24**********
90256.176 90265.285 0.01 376.04 429.561 
0 8 10
0 0.0 0.0 0.0 0.0 0.0 0.0 0.0 0.1 0.0 4682.9 0.0 0.0
0 1 2 9 6 3
0 103.7 55.4 663.1 0.0 0.0 1790.2 0.0 0.0 2070.6 0.0 0.0 0.0
0 7 4 5 11 12
0 0 0 0 98.3 1201.0 0 329.0 0 0 0 2989.1 65.7
**********2022-06-13 17:43:32**********
90256.178 90265.285 0.01 376.04 437.749 
0 8 10
0 0.0 0.0 0.0 0.0 0.0 0.0 0.0 0.1 0.0 4682.9 0.0 0.0
0 1 2 9 6 3
0 103.7 55.4 663.1 0.0 0.0 1790.2 0.0 0.0 2070.6 0.0 0.0 0.0
0 7 4 5 11 12
0 0 0 0 98.3 1201.0 0 329.0 0 0 0 2989.1 65.7
**********2022-06-13 17:43:39**********
90256.181 90265.285 0.01 376.04 444.219 
0 8 10
0 0.0 0.0 0.0 0.0 0.0 0.0 0.0 0.1 0.0 4682.9 0.0 0.0
0 1 2 9 6 3
0 103.7 55.4 663.1 0.0 0.0 1790.2 0.0 0.0 2070.6 0.0 0.0 0.0
0 7 4 5 11 12
0 0 0 0 98.3 1201.0 0 329.0 0 0 0 2989.1 65.7
**********2022-06-13 17:43:47**********
90256.183 90265.285 0.01 376.04 452.277 
0 8 10
0 0.0 0.0 0.0 0.0 0.0 0.0 0.0 0.1 0.0 4682.9 0.0 0.0
0 1 2 9 6 3
0 103.7 55.4 663.1 0.0 0.0 1790.2 0.0 0.0 2070.6 0.0 0.0 0.0
0 7 4 5 11 12
0 0 0 0 98.3 1201.0 0 329.0 0 0 0 2989.1 65.7
**********2022-06-13 17:43:54**********
90256.193 90265.285 0.01 376.04 459.042 
0 8 10
0 0.0 0.0 0.0 0.0 0.0 0.0 0.0 0.1 0.0 4682.9 0.0 0.0
0 1 2 9 6 3
0 103.7 55.4 663.1 0.0 0.0 1790.2 0.0 0.0 2070.6 0.0 0.0 0.0
0 7 4 5 11 12
0 0 0 0 98.3 1201.0 0 329.0 0 0 0 2989.1 65.7
**********2022-06-13 17:44:00**********
90256.205 90265.285 0.01 376.04 465.381 
0 8 10
0 0.0 0.0 0.0 0.0 0.0 0.0 0.0 0.1 0.0 4682.9 0.0 0.0
0 1 2 9 6 3
0 103.7 55.4 663.1 0.0 0.0 1790.2 0.0 0.0 2070.6 0.0 0.0 0.0
0 7 4 5 11 12
0 0 0 0 98.3 1201.0 0 329.0 0 0 0 2989.1 65.7
**********2022-06-13 17:44:06**********
90256.227 90265.285 0.01 376.04 471.374 
0 8 10
0 0.0 0.0 0.0 0.0 0.0 0.0 0.0 0.1 0.0 4682.9 0.0 0.0
0 1 2 9 6 3
0 103.7 55.4 663.1 0.0 0.0 1790.2 0.0 0.0 2070.6 0.0 0.0 0.0
0 7 4 5 11 12
0 0 0 0 98.3 1201.0 0 329.0 0 0 0 2989.1 65.7
**********2022-06-13 17:44:13**********
90256.227 90265.285 0.01 376.04 478.314 
0 8 10
0 0.0 0.0 0.0 0.0 0.0 0.0 0.0 0.1 0.0 4682.9 0.0 0.0
0 1 2 9 6 3
0 103.7 55.4 663.1 0.0 0.0 1790.2 0.0 0.0 2070.6 0.0 0.0 0.0
0 7 4 5 11 12
0 0 0 0 98.3 1201.0 0 329.0 0 0 0 2989.1 65.7
**********2022-06-13 17:44:18**********
90256.227 90265.285 0.01 376.04 483.392 
0 8 10
0 0.0 0.0 0.0 0.0 0.0 0.0 0.0 0.1 0.0 4682.9 0.0 0.0
0 1 2 9 6 3
0 103.7 55.4 663.1 0.0 0.0 1790.2 0.0 0.0 2070.6 0.0 0.0 0.0
0 7 4 5 11 12
0 0 0 0 98.3 1201.0 0 329.0 0 0 0 2989.1 65.7
**********2022-06-13 17:44:24**********
90256.228 90265.285 0.01 376.04 489.421 
0 8 10
0 0.0 0.0 0.0 0.0 0.0 0.0 0.0 0.1 0.0 4682.9 0.0 0.0
0 1 2 9 6 3
0 103.7 55.4 663.1 0.0 0.0 1790.2 0.0 0.0 2070.6 0.0 0.0 0.0
0 7 4 5 11 12
0 0 0 0 98.3 1201.0 0 329.0 0 0 0 2989.1 65.7
**********2022-06-13 17:44:29**********
90256.241 90265.285 0.01 376.04 494.755 
0 8 10
0 0.0 0.0 0.0 0.0 0.0 0.0 0.0 0.1 0.0 4682.9 0.0 0.0
0 1 2 9 6 3
0 103.7 55.4 663.1 0.0 0.0 1790.2 0.0 0.0 2070.6 0.0 0.0 0.0
0 7 4 5 11 12
0 0 0 0 98.3 1201.0 0 329.0 0 0 0 2989.1 65.7
**********2022-06-13 17:44:39**********
90256.241 90265.285 0.01 376.04 504.788 
0 8 10
0 0.0 0.0 0.0 0.0 0.0 0.0 0.0 0.1 0.0 4682.9 0.0 0.0
0 1 2 9 6 3
0 103.7 55.4 663.1 0.0 0.0 1790.2 0.0 0.0 2070.6 0.0 0.0 0.0
0 7 4 5 11 12
0 0 0 0 98.3 1201.0 0 329.0 0 0 0 2989.1 65.7
**********2022-06-13 17:44:46**********
90256.26 90265.285 0.01 376.04 511.877 
0 8 10
0 0.0 0.0 0.0 0.0 0.0 0.0 0.0 0.1 0.0 4682.9 0.0 0.0
0 1 2 9 6 3
0 103.7 55.4 663.1 0.0 0.0 1790.2 0.0 0.0 2070.6 0.0 0.0 0.0
0 7 4 5 11 12
0 0 0 0 98.3 1201.0 0 329.0 0 0 0 2989.1 65.7
**********2022-06-13 17:44:55**********
90256.265 90265.285 0.01 376.04 520.638 
0 8 10
0 0.0 0.0 0.0 0.0 0.0 0.0 0.0 0.1 0.0 4682.9 0.0 0.0
0 1 2 9 6 3
0 103.7 55.4 663.1 0.0 0.0 1790.2 0.0 0.0 2070.6 0.0 0.0 0.0
0 7 4 5 11 12
0 0 0 0 98.3 1201.0 0 329.0 0 0 0 2989.1 65.7
**********2022-06-13 17:45:03**********
90256.268 90265.285 0.01 376.04 528.534 
0 8 10
0 0.0 0.0 0.0 0.0 0.0 0.0 0.0 0.1 0.0 4682.9 0.0 0.0
0 1 2 9 6 3
0 103.7 55.4 663.1 0.0 0.0 1790.2 0.0 0.0 2070.6 0.0 0.0 0.0
0 7 4 5 11 12
0 0 0 0 98.3 1201.0 0 329.0 0 0 0 2989.1 65.7
**********2022-06-13 17:45:09**********
90256.279 90265.285 0.01 376.04 534.475 
0 8 10
0 0.0 0.0 0.0 0.0 0.0 0.0 0.0 0.1 0.0 4682.9 0.0 0.0
0 1 2 9 6 3
0 103.7 55.4 663.1 0.0 0.0 1790.2 0.0 0.0 2070.6 0.0 0.0 0.0
0 7 4 5 11 12
0 0 0 0 98.3 1201.0 0 329.0 0 0 0 2989.1 65.7
**********2022-06-13 17:45:15**********
90256.288 90265.285 0.01 376.04 540.708 
0 8 10
0 0.0 0.0 0.0 0.0 0.0 0.0 0.0 0.1 0.0 4682.9 0.0 0.0
0 1 2 9 6 3
0 103.7 55.4 663.1 0.0 0.0 1790.2 0.0 0.0 2070.6 0.0 0.0 0.0
0 7 4 5 11 12
0 0 0 0 98.3 1201.0 0 329.0 0 0 0 2989.1 65.7
**********2022-06-13 17:45:23**********
90256.29 90265.285 0.01 376.04 548.17 
0 8 10
0 0.0 0.0 0.0 0.0 0.0 0.0 0.0 0.1 0.0 4682.9 0.0 0.0
0 1 2 9 6 3
0 103.7 55.4 663.1 0.0 0.0 1790.2 0.0 0.0 2070.6 0.0 0.0 0.0
0 7 4 5 11 12
0 0 0 0 98.3 1201.0 0 329.0 0 0 0 2989.1 65.7
**********2022-06-13 17:45:28**********
90256.29 90265.285 0.01 376.04 553.341 
0 8 10
0 0.0 0.0 0.0 0.0 0.0 0.0 0.0 0.1 0.0 4682.9 0.0 0.0
0 1 2 9 6 3
0 103.7 55.4 663.1 0.0 0.0 1790.2 0.0 0.0 2070.6 0.0 0.0 0.0
0 7 4 5 11 12
0 0 0 0 98.3 1201.0 0 329.0 0 0 0 2989.1 65.7
**********2022-06-13 17:45:32**********
90256.29 90265.285 0.01 376.04 557.966 
0 8 10
0 0.0 0.0 0.0 0.0 0.0 0.0 0.0 0.1 0.0 4682.9 0.0 0.0
0 1 2 9 6 3
0 103.7 55.4 663.1 0.0 0.0 1790.2 0.0 0.0 2070.6 0.0 0.0 0.0
0 7 4 5 11 12
0 0 0 0 98.3 1201.0 0 329.0 0 0 0 2989.1 65.7
**********2022-06-13 17:45:37**********
90256.29 90265.285 0.01 376.04 562.664 
0 8 10
0 0.0 0.0 0.0 0.0 0.0 0.0 0.0 0.1 0.0 4682.9 0.0 0.0
0 1 2 9 6 3
0 103.7 55.4 663.1 0.0 0.0 1790.2 0.0 0.0 2070.6 0.0 0.0 0.0
0 7 4 5 11 12
0 0 0 0 98.3 1201.0 0 329.0 0 0 0 2989.1 65.7
**********2022-06-13 17:45:42**********
90256.29 90265.285 0.01 376.04 567.458 
0 8 10
0 0.0 0.0 0.0 0.0 0.0 0.0 0.0 0.1 0.0 4682.9 0.0 0.0
0 1 2 9 6 3
0 103.7 55.4 663.1 0.0 0.0 1790.2 0.0 0.0 2070.6 0.0 0.0 0.0
0 7 4 5 11 12
0 0 0 0 98.3 1201.0 0 329.0 0 0 0 2989.1 65.7
**********2022-06-13 17:45:47**********
90256.299 90265.285 0.01 376.04 572.969 
0 8 10
0 0.0 0.0 0.0 0.0 0.0 0.0 0.0 0.1 0.0 4682.9 0.0 0.0
0 1 2 9 6 3
0 103.7 55.4 663.1 0.0 0.0 1790.2 0.0 0.0 2070.6 0.0 0.0 0.0
0 7 4 5 11 12
0 0 0 0 98.3 1201.0 0 329.0 0 0 0 2989.1 65.7
**********2022-06-13 17:45:58**********
90256.305 90265.285 0.01 376.04 583.655 
0 8 10
0 0.0 0.0 0.0 0.0 0.0 0.0 0.0 0.1 0.0 4682.9 0.0 0.0
0 1 2 9 6 3
0 103.7 55.4 663.1 0.0 0.0 1790.2 0.0 0.0 2070.6 0.0 0.0 0.0
0 7 4 5 11 12
0 0 0 0 98.3 1201.0 0 329.0 0 0 0 2989.1 65.7
**********2022-06-13 17:46:07**********
90256.306 90265.285 0.01 376.04 592.613 
0 8 10
0 0.0 0.0 0.0 0.0 0.0 0.0 0.0 0.1 0.0 4682.9 0.0 0.0
0 1 2 9 6 3
0 103.7 55.4 663.1 0.0 0.0 1790.2 0.0 0.0 2070.6 0.0 0.0 0.0
0 7 4 5 11 12
0 0 0 0 98.3 1201.0 0 329.0 0 0 0 2989.1 65.7
**********2022-06-13 17:46:11**********
90256.321 90265.285 0.01 376.04 596.622 
0 8 10
0 0.0 0.0 0.0 0.0 0.0 0.0 0.0 0.1 0.0 4682.9 0.0 0.0
0 1 2 9 6 3
0 103.7 55.4 663.1 0.0 0.0 1790.2 0.0 0.0 2070.6 0.0 0.0 0.0
0 7 4 5 11 12
0 0 0 0 98.3 1201.0 0 329.0 0 0 0 2989.1 65.7
**********2022-06-13 17:46:21**********
90256.322 90265.285 0.01 376.04 606.245 
0 8 10
0 0.0 0.0 0.0 0.0 0.0 0.0 0.0 0.1 0.0 4682.9 0.0 0.0
0 1 2 9 6 3
0 103.7 55.4 663.1 0.0 0.0 1790.2 0.0 0.0 2070.6 0.0 0.0 0.0
0 7 4 5 11 12
0 0 0 0 98.3 1201.0 0 329.0 0 0 0 2989.1 65.7
**********2022-06-13 17:46:25**********
90256.328 90265.285 0.01 376.04 610.052 
0 8 10
0 0.0 0.0 0.0 0.0 0.0 0.0 0.0 0.1 0.0 4682.9 0.0 0.0
0 1 2 9 6 3
0 103.7 55.4 663.1 0.0 0.0 1790.2 0.0 0.0 2070.6 0.0 0.0 0.0
0 7 4 5 11 12
0 0 0 0 98.3 1201.0 0 329.0 0 0 0 2989.1 65.7
**********2022-06-13 17:46:34**********
90256.349 90265.285 0.01 376.04 619.119 
0 8 10
0 0.0 0.0 0.0 0.0 0.0 0.0 0.0 0.1 0.0 4682.9 0.0 0.0
0 1 2 9 6 3
0 103.7 55.4 663.1 0.0 0.0 1790.2 0.0 0.0 2070.6 0.0 0.0 0.0
0 7 4 5 11 12
0 0 0 0 98.3 1201.0 0 329.0 0 0 0 2989.1 65.7
**********2022-06-13 17:46:40**********
90256.362 90265.285 0.01 376.04 625.678 
0 8 10
0 0.0 0.0 0.0 0.0 0.0 0.0 0.0 0.1 0.0 4682.9 0.0 0.0
0 1 2 9 6 3
0 103.7 55.4 663.1 0.0 0.0 1790.2 0.0 0.0 2070.6 0.0 0.0 0.0
0 7 4 5 11 12
0 0 0 0 98.3 1201.0 0 329.0 0 0 0 2989.1 65.7
**********2022-06-13 17:46:47**********
90256.371 90265.154 0.01 632.305 632.305 
0 8 10
0 0.0 0.0 0.0 -0.0 -0.0 0.0 0.0 0.1 0.0 4682.9 0.0 0.0
0 5 7 1 11 2
0 104.1 55.6 -0.0 0.0 1202.1 0.0 329.3 0.0 0.0 0.0 2991.8 0.0
0 12 6 3 4 9
0 0.0 0.0 662.5 97.9 0.0 1788.6 0.0 0.0 2068.7 0.0 0.0 65.4
**********2022-06-13 17:46:52**********
90256.371 90265.154 0.01 632.305 637.701 
0 8 10
0 0.0 0.0 0.0 -0.0 -0.0 0.0 0.0 0.1 0.0 4682.9 0.0 0.0
0 5 7 1 11 2
0 104.1 55.6 -0.0 0.0 1202.1 0.0 329.3 0.0 0.0 0.0 2991.8 0.0
0 12 6 3 4 9
0 0.0 0.0 662.5 97.9 0.0 1788.6 0.0 0.0 2068.7 0.0 0.0 65.4
**********2022-06-13 17:46:57**********
90256.371 90265.154 0.01 632.305 642.501 
0 8 10
0 0.0 0.0 0.0 -0.0 -0.0 0.0 0.0 0.1 0.0 4682.9 0.0 0.0
0 5 7 1 11 2
0 104.1 55.6 -0.0 0.0 1202.1 0.0 329.3 0.0 0.0 0.0 2991.8 0.0
0 12 6 3 4 9
0 0.0 0.0 662.5 97.9 0.0 1788.6 0.0 0.0 2068.7 0.0 0.0 65.4
**********2022-06-13 17:47:01**********
90256.379 90265.154 0.01 632.305 646.786 
0 8 10
0 0.0 0.0 0.0 -0.0 -0.0 0.0 0.0 0.1 0.0 4682.9 0.0 0.0
0 5 7 1 11 2
0 104.1 55.6 -0.0 0.0 1202.1 0.0 329.3 0.0 0.0 0.0 2991.8 0.0
0 12 6 3 4 9
0 0.0 0.0 662.5 97.9 0.0 1788.6 0.0 0.0 2068.7 0.0 0.0 65.4
**********2022-06-13 17:47:08**********
90256.396 90265.154 0.01 632.305 653.509 
0 8 10
0 0.0 0.0 0.0 -0.0 -0.0 0.0 0.0 0.1 0.0 4682.9 0.0 0.0
0 5 7 1 11 2
0 104.1 55.6 -0.0 0.0 1202.1 0.0 329.3 0.0 0.0 0.0 2991.8 0.0
0 12 6 3 4 9
0 0.0 0.0 662.5 97.9 0.0 1788.6 0.0 0.0 2068.7 0.0 0.0 65.4
**********2022-06-13 17:47:15**********
90256.396 90265.154 0.01 632.305 660.021 
0 8 10
0 0.0 0.0 0.0 -0.0 -0.0 0.0 0.0 0.1 0.0 4682.9 0.0 0.0
0 5 7 1 11 2
0 104.1 55.6 -0.0 0.0 1202.1 0.0 329.3 0.0 0.0 0.0 2991.8 0.0
0 12 6 3 4 9
0 0.0 0.0 662.5 97.9 0.0 1788.6 0.0 0.0 2068.7 0.0 0.0 65.4
**********2022-06-13 17:47:21**********
90256.4 90265.154 0.01 632.305 666.177 
0 8 10
0 0.0 0.0 0.0 -0.0 -0.0 0.0 0.0 0.1 0.0 4682.9 0.0 0.0
0 5 7 1 11 2
0 104.1 55.6 -0.0 0.0 1202.1 0.0 329.3 0.0 0.0 0.0 2991.8 0.0
0 12 6 3 4 9
0 0.0 0.0 662.5 97.9 0.0 1788.6 0.0 0.0 2068.7 0.0 0.0 65.4
**********2022-06-13 17:47:26**********
90256.4 90265.154 0.01 632.305 671.628 
0 8 10
0 0.0 0.0 0.0 -0.0 -0.0 0.0 0.0 0.1 0.0 4682.9 0.0 0.0
0 5 7 1 11 2
0 104.1 55.6 -0.0 0.0 1202.1 0.0 329.3 0.0 0.0 0.0 2991.8 0.0
0 12 6 3 4 9
0 0.0 0.0 662.5 97.9 0.0 1788.6 0.0 0.0 2068.7 0.0 0.0 65.4
**********2022-06-13 17:47:34**********
90256.403 90265.154 0.01 632.305 679.925 
0 8 10
0 0.0 0.0 0.0 -0.0 -0.0 0.0 0.0 0.1 0.0 4682.9 0.0 0.0
0 5 7 1 11 2
0 104.1 55.6 -0.0 0.0 1202.1 0.0 329.3 0.0 0.0 0.0 2991.8 0.0
0 12 6 3 4 9
0 0.0 0.0 662.5 97.9 0.0 1788.6 0.0 0.0 2068.7 0.0 0.0 65.4
**********2022-06-13 17:47:43**********
90256.408 90265.154 0.01 632.305 688.768 
0 8 10
0 0.0 0.0 0.0 -0.0 -0.0 0.0 0.0 0.1 0.0 4682.9 0.0 0.0
0 5 7 1 11 2
0 104.1 55.6 -0.0 0.0 1202.1 0.0 329.3 0.0 0.0 0.0 2991.8 0.0
0 12 6 3 4 9
0 0.0 0.0 662.5 97.9 0.0 1788.6 0.0 0.0 2068.7 0.0 0.0 65.4
**********2022-06-13 17:47:51**********
90256.417 90265.154 0.01 632.305 696.128 
0 8 10
0 0.0 0.0 0.0 -0.0 -0.0 0.0 0.0 0.1 0.0 4682.9 0.0 0.0
0 5 7 1 11 2
0 104.1 55.6 -0.0 0.0 1202.1 0.0 329.3 0.0 0.0 0.0 2991.8 0.0
0 12 6 3 4 9
0 0.0 0.0 662.5 97.9 0.0 1788.6 0.0 0.0 2068.7 0.0 0.0 65.4
**********2022-06-13 17:47:59**********
90256.43 90265.154 0.01 632.305 703.996 
0 8 10
0 0.0 0.0 0.0 -0.0 -0.0 0.0 0.0 0.1 0.0 4682.9 0.0 0.0
0 5 7 1 11 2
0 104.1 55.6 -0.0 0.0 1202.1 0.0 329.3 0.0 0.0 0.0 2991.8 0.0
0 12 6 3 4 9
0 0.0 0.0 662.5 97.9 0.0 1788.6 0.0 0.0 2068.7 0.0 0.0 65.4
**********2022-06-13 17:48:08**********
90256.438 90265.154 0.01 632.305 712.999 
0 8 10
0 0.0 0.0 0.0 -0.0 -0.0 0.0 0.0 0.1 0.0 4682.9 0.0 0.0
0 5 7 1 11 2
0 104.1 55.6 -0.0 0.0 1202.1 0.0 329.3 0.0 0.0 0.0 2991.8 0.0
0 12 6 3 4 9
0 0.0 0.0 662.5 97.9 0.0 1788.6 0.0 0.0 2068.7 0.0 0.0 65.4
**********2022-06-13 17:48:13**********
90256.455 90265.154 0.01 632.305 718.599 
0 8 10
0 0.0 0.0 0.0 -0.0 -0.0 0.0 0.0 0.1 0.0 4682.9 0.0 0.0
0 5 7 1 11 2
0 104.1 55.6 -0.0 0.0 1202.1 0.0 329.3 0.0 0.0 0.0 2991.8 0.0
0 12 6 3 4 9
0 0.0 0.0 662.5 97.9 0.0 1788.6 0.0 0.0 2068.7 0.0 0.0 65.4
**********2022-06-13 17:48:20**********
90256.466 90265.154 0.01 632.305 725.76 
0 8 10
0 0.0 0.0 0.0 -0.0 -0.0 0.0 0.0 0.1 0.0 4682.9 0.0 0.0
0 5 7 1 11 2
0 104.1 55.6 -0.0 0.0 1202.1 0.0 329.3 0.0 0.0 0.0 2991.8 0.0
0 12 6 3 4 9
0 0.0 0.0 662.5 97.9 0.0 1788.6 0.0 0.0 2068.7 0.0 0.0 65.4
**********2022-06-13 17:48:28**********
90256.466 90265.154 0.01 632.305 732.978 
0 8 10
0 0.0 0.0 0.0 -0.0 -0.0 0.0 0.0 0.1 0.0 4682.9 0.0 0.0
0 5 7 1 11 2
0 104.1 55.6 -0.0 0.0 1202.1 0.0 329.3 0.0 0.0 0.0 2991.8 0.0
0 12 6 3 4 9
0 0.0 0.0 662.5 97.9 0.0 1788.6 0.0 0.0 2068.7 0.0 0.0 65.4
**********2022-06-13 17:48:37**********
90256.483 90265.154 0.01 632.305 742.946 
0 8 10
0 0.0 0.0 0.0 -0.0 -0.0 0.0 0.0 0.1 0.0 4682.9 0.0 0.0
0 5 7 1 11 2
0 104.1 55.6 -0.0 0.0 1202.1 0.0 329.3 0.0 0.0 0.0 2991.8 0.0
0 12 6 3 4 9
0 0.0 0.0 662.5 97.9 0.0 1788.6 0.0 0.0 2068.7 0.0 0.0 65.4
**********2022-06-13 17:48:44**********
90256.483 90265.154 0.01 632.305 749.606 
0 8 10
0 0.0 0.0 0.0 -0.0 -0.0 0.0 0.0 0.1 0.0 4682.9 0.0 0.0
0 5 7 1 11 2
0 104.1 55.6 -0.0 0.0 1202.1 0.0 329.3 0.0 0.0 0.0 2991.8 0.0
0 12 6 3 4 9
0 0.0 0.0 662.5 97.9 0.0 1788.6 0.0 0.0 2068.7 0.0 0.0 65.4
**********2022-06-13 17:48:50**********
90256.489 90265.154 0.01 632.305 755.353 
0 8 10
0 0.0 0.0 0.0 -0.0 -0.0 0.0 0.0 0.1 0.0 4682.9 0.0 0.0
0 5 7 1 11 2
0 104.1 55.6 -0.0 0.0 1202.1 0.0 329.3 0.0 0.0 0.0 2991.8 0.0
0 12 6 3 4 9
0 0.0 0.0 662.5 97.9 0.0 1788.6 0.0 0.0 2068.7 0.0 0.0 65.4
**********2022-06-13 17:48:56**********
90256.498 90265.154 0.01 632.305 761.371 
0 8 10
0 0.0 0.0 0.0 -0.0 -0.0 0.0 0.0 0.1 0.0 4682.9 0.0 0.0
0 5 7 1 11 2
0 104.1 55.6 -0.0 0.0 1202.1 0.0 329.3 0.0 0.0 0.0 2991.8 0.0
0 12 6 3 4 9
0 0.0 0.0 662.5 97.9 0.0 1788.6 0.0 0.0 2068.7 0.0 0.0 65.4
**********2022-06-13 17:49:01**********
90256.521 90265.154 0.01 632.305 766.943 
0 8 10
0 0.0 0.0 0.0 -0.0 -0.0 0.0 0.0 0.1 0.0 4682.9 0.0 0.0
0 5 7 1 11 2
0 104.1 55.6 -0.0 0.0 1202.1 0.0 329.3 0.0 0.0 0.0 2991.8 0.0
0 12 6 3 4 9
0 0.0 0.0 662.5 97.9 0.0 1788.6 0.0 0.0 2068.7 0.0 0.0 65.4
**********2022-06-13 17:49:08**********
90256.521 90265.154 0.01 632.305 773.234 
0 8 10
0 0.0 0.0 0.0 -0.0 -0.0 0.0 0.0 0.1 0.0 4682.9 0.0 0.0
0 5 7 1 11 2
0 104.1 55.6 -0.0 0.0 1202.1 0.0 329.3 0.0 0.0 0.0 2991.8 0.0
0 12 6 3 4 9
0 0.0 0.0 662.5 97.9 0.0 1788.6 0.0 0.0 2068.7 0.0 0.0 65.4
**********2022-06-13 17:49:10**********
90256.521 90265.154 0.01 632.305 775.248 
0 8 10
0 0.0 0.0 0.0 -0.0 -0.0 0.0 0.0 0.1 0.0 4682.9 0.0 0.0
0 5 7 1 11 2
0 104.1 55.6 -0.0 0.0 1202.1 0.0 329.3 0.0 0.0 0.0 2991.8 0.0
0 12 6 3 4 9
0 0.0 0.0 662.5 97.9 0.0 1788.6 0.0 0.0 2068.7 0.0 0.0 65.4
**********2022-06-13 17:49:16**********
90256.522 90265.154 0.01 632.305 781.161 
0 8 10
0 0.0 0.0 0.0 -0.0 -0.0 0.0 0.0 0.1 0.0 4682.9 0.0 0.0
0 5 7 1 11 2
0 104.1 55.6 -0.0 0.0 1202.1 0.0 329.3 0.0 0.0 0.0 2991.8 0.0
0 12 6 3 4 9
0 0.0 0.0 662.5 97.9 0.0 1788.6 0.0 0.0 2068.7 0.0 0.0 65.4
**********2022-06-13 17:49:23**********
90256.534 90265.154 0.01 632.305 788.177 
0 8 10
0 0.0 0.0 0.0 -0.0 -0.0 0.0 0.0 0.1 0.0 4682.9 0.0 0.0
0 5 7 1 11 2
0 104.1 55.6 -0.0 0.0 1202.1 0.0 329.3 0.0 0.0 0.0 2991.8 0.0
0 12 6 3 4 9
0 0.0 0.0 662.5 97.9 0.0 1788.6 0.0 0.0 2068.7 0.0 0.0 65.4
**********2022-06-13 17:49:29**********
90256.553 90265.154 0.01 632.305 794.28 
0 8 10
0 0.0 0.0 0.0 -0.0 -0.0 0.0 0.0 0.1 0.0 4682.9 0.0 0.0
0 5 7 1 11 2
0 104.1 55.6 -0.0 0.0 1202.1 0.0 329.3 0.0 0.0 0.0 2991.8 0.0
0 12 6 3 4 9
0 0.0 0.0 662.5 97.9 0.0 1788.6 0.0 0.0 2068.7 0.0 0.0 65.4
**********2022-06-13 17:49:34**********
90256.553 90265.154 0.01 632.305 799.499 
0 8 10
0 0.0 0.0 0.0 -0.0 -0.0 0.0 0.0 0.1 0.0 4682.9 0.0 0.0
0 5 7 1 11 2
0 104.1 55.6 -0.0 0.0 1202.1 0.0 329.3 0.0 0.0 0.0 2991.8 0.0
0 12 6 3 4 9
0 0.0 0.0 662.5 97.9 0.0 1788.6 0.0 0.0 2068.7 0.0 0.0 65.4
**********2022-06-13 17:49:41**********
90256.56 90265.154 0.01 632.305 806.678 
0 8 10
0 0.0 0.0 0.0 -0.0 -0.0 0.0 0.0 0.1 0.0 4682.9 0.0 0.0
0 5 7 1 11 2
0 104.1 55.6 -0.0 0.0 1202.1 0.0 329.3 0.0 0.0 0.0 2991.8 0.0
0 12 6 3 4 9
0 0.0 0.0 662.5 97.9 0.0 1788.6 0.0 0.0 2068.7 0.0 0.0 65.4
**********2022-06-13 17:49:48**********
90256.564 90265.154 0.01 632.305 813.578 
0 8 10
0 0.0 0.0 0.0 -0.0 -0.0 0.0 0.0 0.1 0.0 4682.9 0.0 0.0
0 5 7 1 11 2
0 104.1 55.6 -0.0 0.0 1202.1 0.0 329.3 0.0 0.0 0.0 2991.8 0.0
0 12 6 3 4 9
0 0.0 0.0 662.5 97.9 0.0 1788.6 0.0 0.0 2068.7 0.0 0.0 65.4
**********2022-06-13 17:49:53**********
90256.571 90265.154 0.01 632.305 818.623 
0 8 10
0 0.0 0.0 0.0 -0.0 -0.0 0.0 0.0 0.1 0.0 4682.9 0.0 0.0
0 5 7 1 11 2
0 104.1 55.6 -0.0 0.0 1202.1 0.0 329.3 0.0 0.0 0.0 2991.8 0.0
0 12 6 3 4 9
0 0.0 0.0 662.5 97.9 0.0 1788.6 0.0 0.0 2068.7 0.0 0.0 65.4
**********2022-06-13 17:50:00**********
90256.594 90265.154 0.009 632.305 825.159 
0 8 10
0 0.0 0.0 0.0 -0.0 -0.0 0.0 0.0 0.1 0.0 4682.9 0.0 0.0
0 5 7 1 11 2
0 104.1 55.6 -0.0 0.0 1202.1 0.0 329.3 0.0 0.0 0.0 2991.8 0.0
0 12 6 3 4 9
0 0.0 0.0 662.5 97.9 0.0 1788.6 0.0 0.0 2068.7 0.0 0.0 65.4
**********2022-06-13 18:04:54**********
57304.749 57333.788 0.051 30.508 30.508 
0 5 11
0 0.0 0.0 0.0 0.0 0.1 0.0 0.0 0.0 0.0 0.0 3007.9 0.0
0 1 4 6 10 7
0 539.5 0.0 0.0 56.6 0.0 79.9 92.6 0.0 0.0 2239.5 0.0 0.0
0 12 9 3 2 8
0 0.0 1262.1 675.9 0.0 0.0 0.0 0.0 294.4 304.8 0.0 0.0 470.7
**********2022-06-13 18:05:11**********
57304.751 57321.478 0.029 47.046 47.046 
0 5 11
0 0 0 0 0 0.1 0 0 0 0 0 3007.9 0
0 6 10 9 8 4
0 0 0 0 57.7 0 81.4 0 287.9 298.0 2283.0 0 0
0 3 1 2 7 12
0 551.6 1237.5 662.7 0.0 0.0 0.0 94.7 0.0 0.0 0.0 0.0 461.6
**********2022-06-13 18:05:28**********
57304.751 57321.478 0.029 47.046 64.594 
0 5 11
0 0 0 0 0 0.1 0 0 0 0 0 3007.9 0
0 6 10 9 8 4
0 0 0 0 57.7 0 81.4 0 287.9 298.0 2283.0 0 0
0 3 1 2 7 12
0 551.6 1237.5 662.7 0.0 0.0 0.0 94.7 0.0 0.0 0.0 0.0 461.6
**********2022-06-13 18:05:46**********
57304.753 57318.883 0.025 81.687 81.688 
0 5 11
0 0.0 0.0 0.0 0.0 0.1 0.0 0.0 0.0 0.0 0.0 3007.9 0.0
0 7 1 12 2 3
0 551.6 1237.5 662.7 0.0 0.0 0.0 94.7 0.0 0.0 0.0 0.0 461.6
0 4 6 10 9 8
0 0 0 0 57.7 0 81.4 0 287.9 298.0 2283.0 0 0
**********2022-06-13 18:06:01**********
57304.753 57318.883 0.025 81.687 96.885 
0 5 11
0 0.0 0.0 0.0 0.0 0.1 0.0 0.0 0.0 0.0 0.0 3007.9 0.0
0 7 1 12 2 3
0 551.6 1237.5 662.7 0.0 0.0 0.0 94.7 0.0 0.0 0.0 0.0 461.6
0 4 6 10 9 8
0 0 0 0 57.7 0 81.4 0 287.9 298.0 2283.0 0 0
**********2022-06-13 18:06:15**********
57304.753 57318.883 0.025 81.687 111.133 
0 5 11
0 0.0 0.0 0.0 0.0 0.1 0.0 0.0 0.0 0.0 0.0 3007.9 0.0
0 7 1 12 2 3
0 551.6 1237.5 662.7 0.0 0.0 0.0 94.7 0.0 0.0 0.0 0.0 461.6
0 4 6 10 9 8
0 0 0 0 57.7 0 81.4 0 287.9 298.0 2283.0 0 0
**********2022-06-13 18:06:32**********
57304.87 57318.883 0.024 81.687 127.809 
0 5 11
0 0.0 0.0 0.0 0.0 0.1 0.0 0.0 0.0 0.0 0.0 3007.9 0.0
0 7 1 12 2 3
0 551.6 1237.5 662.7 0.0 0.0 0.0 94.7 0.0 0.0 0.0 0.0 461.6
0 4 6 10 9 8
0 0 0 0 57.7 0 81.4 0 287.9 298.0 2283.0 0 0
**********2022-06-13 18:06:48**********
57304.899 57318.883 0.024 81.687 144.496 
0 5 11
0 0.0 0.0 0.0 0.0 0.1 0.0 0.0 0.0 0.0 0.0 3007.9 0.0
0 7 1 12 2 3
0 551.6 1237.5 662.7 0.0 0.0 0.0 94.7 0.0 0.0 0.0 0.0 461.6
0 4 6 10 9 8
0 0 0 0 57.7 0 81.4 0 287.9 298.0 2283.0 0 0
**********2022-06-13 18:07:00**********
57304.901 57318.883 0.024 81.687 156.062 
0 5 11
0 0.0 0.0 0.0 0.0 0.1 0.0 0.0 0.0 0.0 0.0 3007.9 0.0
0 7 1 12 2 3
0 551.6 1237.5 662.7 0.0 0.0 0.0 94.7 0.0 0.0 0.0 0.0 461.6
0 4 6 10 9 8
0 0 0 0 57.7 0 81.4 0 287.9 298.0 2283.0 0 0
**********2022-06-13 18:07:19**********
57304.925 57318.883 0.024 81.687 175.511 
0 5 11
0 0.0 0.0 0.0 0.0 0.1 0.0 0.0 0.0 0.0 0.0 3007.9 0.0
0 7 1 12 2 3
0 551.6 1237.5 662.7 0.0 0.0 0.0 94.7 0.0 0.0 0.0 0.0 461.6
0 4 6 10 9 8
0 0 0 0 57.7 0 81.4 0 287.9 298.0 2283.0 0 0
**********2022-06-13 18:07:27**********
57304.925 57318.883 0.024 81.687 182.874 
0 5 11
0 0.0 0.0 0.0 0.0 0.1 0.0 0.0 0.0 0.0 0.0 3007.9 0.0
0 7 1 12 2 3
0 551.6 1237.5 662.7 0.0 0.0 0.0 94.7 0.0 0.0 0.0 0.0 461.6
0 4 6 10 9 8
0 0 0 0 57.7 0 81.4 0 287.9 298.0 2283.0 0 0
**********2022-06-13 18:07:34**********
57304.979 57318.883 0.024 81.687 189.833 
0 5 11
0 0.0 0.0 0.0 0.0 0.1 0.0 0.0 0.0 0.0 0.0 3007.9 0.0
0 7 1 12 2 3
0 551.6 1237.5 662.7 0.0 0.0 0.0 94.7 0.0 0.0 0.0 0.0 461.6
0 4 6 10 9 8
0 0 0 0 57.7 0 81.4 0 287.9 298.0 2283.0 0 0
**********2022-06-13 18:07:46**********
57304.988 57318.883 0.024 81.687 202.576 
0 5 11
0 0.0 0.0 0.0 0.0 0.1 0.0 0.0 0.0 0.0 0.0 3007.9 0.0
0 7 1 12 2 3
0 551.6 1237.5 662.7 0.0 0.0 0.0 94.7 0.0 0.0 0.0 0.0 461.6
0 4 6 10 9 8
0 0 0 0 57.7 0 81.4 0 287.9 298.0 2283.0 0 0
**********2022-06-13 18:07:55**********
57304.994 57318.883 0.024 81.687 211.472 
0 5 11
0 0.0 0.0 0.0 0.0 0.1 0.0 0.0 0.0 0.0 0.0 3007.9 0.0
0 7 1 12 2 3
0 551.6 1237.5 662.7 0.0 0.0 0.0 94.7 0.0 0.0 0.0 0.0 461.6
0 4 6 10 9 8
0 0 0 0 57.7 0 81.4 0 287.9 298.0 2283.0 0 0
**********2022-06-13 18:08:05**********
57305.019 57318.883 0.024 81.687 221.098 
0 5 11
0 0.0 0.0 0.0 0.0 0.1 0.0 0.0 0.0 0.0 0.0 3007.9 0.0
0 7 1 12 2 3
0 551.6 1237.5 662.7 0.0 0.0 0.0 94.7 0.0 0.0 0.0 0.0 461.6
0 4 6 10 9 8
0 0 0 0 57.7 0 81.4 0 287.9 298.0 2283.0 0 0
**********2022-06-13 18:08:17**********
57305.023 57318.883 0.024 81.687 233.597 
0 5 11
0 0.0 0.0 0.0 0.0 0.1 0.0 0.0 0.0 0.0 0.0 3007.9 0.0
0 7 1 12 2 3
0 551.6 1237.5 662.7 0.0 0.0 0.0 94.7 0.0 0.0 0.0 0.0 461.6
0 4 6 10 9 8
0 0 0 0 57.7 0 81.4 0 287.9 298.0 2283.0 0 0
**********2022-06-13 18:08:34**********
57305.042 57318.883 0.024 81.687 249.738 
0 5 11
0 0.0 0.0 0.0 0.0 0.1 0.0 0.0 0.0 0.0 0.0 3007.9 0.0
0 7 1 12 2 3
0 551.6 1237.5 662.7 0.0 0.0 0.0 94.7 0.0 0.0 0.0 0.0 461.6
0 4 6 10 9 8
0 0 0 0 57.7 0 81.4 0 287.9 298.0 2283.0 0 0
**********2022-06-13 18:08:43**********
57305.057 57308.981 0.007 258.65 258.65 
0 5 11
0 0.0 0.0 0.0 0.0 0.1 0.0 0.0 0.0 0.0 0.0 3007.9 0.0
0 2 7 12 1 3
0 551.6 1237.5 662.7 0 0 0 94.7 0 0 0 0 461.6
0 6 9 8 4 10
0 0.0 0.0 0.0 57.7 0.0 81.4 0.0 287.9 298.0 2283.0 0.0 0.0
