**********2022-06-12 14:33:25**********
21457.374 21381.213 -0.356 306.13 12.597 
0 5 10
0 0.0 0.0 0.0 0.0 0.6 0.0 0.0 0.0 0.0 16073.4 0.0 0.0
0 3 12 4 11
0 0 0 1891.2 859.1 0 0 0 0 0 0 9875.4 1319.9
0 2 9 1 8 7 6
0 3961.3 88.6 0 0 0 233.8 1202.6 3712.3 968.0 0 0 0
**********2022-06-12 22:43:36**********
21457.374 21473.258 0.074 12.108 12.108 
0 2 10
0 0 0.6 0 0 0 0 0 0 0 18291.4 0 0
0 7 9 3 12 4
0 0 0 2765.6 584.0 0 0 2874.3 0 3917.1 0 0 578.0
0 8 6 1 5 11
0 1003.1 0 0 0 5957.0 2311.3 0 29.2 0 0 7420.4 0
**********2022-06-12 22:43:52**********
21457.374 21473.258 0.074 12.108 28.185 
0 2 10
0 0 0.6 0 0 0 0 0 0 0 18291.4 0 0
0 7 9 3 12 4
0 0 0 2765.6 584.0 0 0 2874.3 0 3917.1 0 0 578.0
0 8 6 1 5 11
0 1003.1 0 0 0 5957.0 2311.3 0 29.2 0 0 7420.4 0
**********2022-06-12 22:44:20**********
21457.374 21473.258 0.074 12.108 55.731 
0 2 10
0 0 0.6 0 0 0 0 0 0 0 18291.4 0 0
0 7 9 3 12 4
0 0 0 2765.6 584.0 0 0 2874.3 0 3917.1 0 0 578.0
0 8 6 1 5 11
0 1003.1 0 0 0 5957.0 2311.3 0 29.2 0 0 7420.4 0
**********2022-06-12 22:44:30**********
21457.374 21473.258 0.074 12.108 65.875 
0 2 10
0 0 0.6 0 0 0 0 0 0 0 18291.4 0 0
0 7 9 3 12 4
0 0 0 2765.6 584.0 0 0 2874.3 0 3917.1 0 0 578.0
0 8 6 1 5 11
0 1003.1 0 0 0 5957.0 2311.3 0 29.2 0 0 7420.4 0
**********2022-06-12 22:44:43**********
21457.374 21473.258 0.074 12.108 79.097 
0 2 10
0 0 0.6 0 0 0 0 0 0 0 18291.4 0 0
0 7 9 3 12 4
0 0 0 2765.6 584.0 0 0 2874.3 0 3917.1 0 0 578.0
0 8 6 1 5 11
0 1003.1 0 0 0 5957.0 2311.3 0 29.2 0 0 7420.4 0
**********2022-06-12 22:44:55**********
21457.374 21473.258 0.074 12.108 91.177 
0 2 10
0 0 0.6 0 0 0 0 0 0 0 18291.4 0 0
0 7 9 3 12 4
0 0 0 2765.6 584.0 0 0 2874.3 0 3917.1 0 0 578.0
0 8 6 1 5 11
0 1003.1 0 0 0 5957.0 2311.3 0 29.2 0 0 7420.4 0
**********2022-06-12 22:45:03**********
21457.374 21473.258 0.074 12.108 98.351 
0 2 10
0 0 0.6 0 0 0 0 0 0 0 18291.4 0 0
0 7 9 3 12 4
0 0 0 2765.6 584.0 0 0 2874.3 0 3917.1 0 0 578.0
0 8 6 1 5 11
0 1003.1 0 0 0 5957.0 2311.3 0 29.2 0 0 7420.4 0
**********2022-06-12 22:45:11**********
21457.374 21473.258 0.074 107.04 107.04 
0 2 10
0 0.0 0.6 0.0 0.0 0.0 0.0 0.0 0.0 0.0 18291.4 0.0 0.0
0 7 9 3 12 4
0 0 0 2765.6 584.0 0 0 2874.3 0 3917.1 0 0 578.0
0 8 6 1 5 11
0 1003.1 0 0 0 5957.0 2311.3 0 29.2 0 0 7420.4 0
**********2022-06-12 22:45:21**********
21457.374 21473.258 0.074 107.04 116.364 
0 2 10
0 0.0 0.6 0.0 0.0 0.0 0.0 0.0 0.0 0.0 18291.4 0.0 0.0
0 7 9 3 12 4
0 0 0 2765.6 584.0 0 0 2874.3 0 3917.1 0 0 578.0
0 8 6 1 5 11
0 1003.1 0 0 0 5957.0 2311.3 0 29.2 0 0 7420.4 0
**********2022-06-12 22:45:27**********
21457.374 21473.258 0.074 107.04 123.026 
0 2 10
0 0.0 0.6 0.0 0.0 0.0 0.0 0.0 0.0 0.0 18291.4 0.0 0.0
0 7 9 3 12 4
0 0 0 2765.6 584.0 0 0 2874.3 0 3917.1 0 0 578.0
0 8 6 1 5 11
0 1003.1 0 0 0 5957.0 2311.3 0 29.2 0 0 7420.4 0
**********2022-06-12 22:45:33**********
21457.374 21473.258 0.074 107.04 128.509 
0 2 10
0 0.0 0.6 0.0 0.0 0.0 0.0 0.0 0.0 0.0 18291.4 0.0 0.0
0 7 9 3 12 4
0 0 0 2765.6 584.0 0 0 2874.3 0 3917.1 0 0 578.0
0 8 6 1 5 11
0 1003.1 0 0 0 5957.0 2311.3 0 29.2 0 0 7420.4 0
**********2022-06-12 22:45:39**********
21457.374 21464.962 0.035 134.692 134.692 
0 4 12 5 11
0 0 0 0 584.0 5957.0 0 0 0 0 0 7420.4 578.0
0 6 7 8 1 9 3
0 1003.1 0 2765.6 0 0 2311.3 2874.3 29.2 3917.1 0 0 0
0 10 2
0 0 0.6 0 0 0 0 0 0 0 18291.4 0 0
**********2022-06-12 22:45:45**********
21457.374 21464.962 0.035 134.692 140.645 
0 4 12 5 11
0 0 0 0 584.0 5957.0 0 0 0 0 0 7420.4 578.0
0 6 7 8 1 9 3
0 1003.1 0 2765.6 0 0 2311.3 2874.3 29.2 3917.1 0 0 0
0 10 2
0 0 0.6 0 0 0 0 0 0 0 18291.4 0 0
**********2022-06-12 22:45:53**********
21457.374 21464.962 0.035 134.692 148.286 
0 4 12 5 11
0 0 0 0 584.0 5957.0 0 0 0 0 0 7420.4 578.0
0 6 7 8 1 9 3
0 1003.1 0 2765.6 0 0 2311.3 2874.3 29.2 3917.1 0 0 0
0 10 2
0 0 0.6 0 0 0 0 0 0 0 18291.4 0 0
**********2022-06-12 22:45:58**********
21457.374 21464.962 0.035 134.692 153.498 
0 4 12 5 11
0 0 0 0 584.0 5957.0 0 0 0 0 0 7420.4 578.0
0 6 7 8 1 9 3
0 1003.1 0 2765.6 0 0 2311.3 2874.3 29.2 3917.1 0 0 0
0 10 2
0 0 0.6 0 0 0 0 0 0 0 18291.4 0 0
**********2022-06-12 22:46:03**********
21457.374 21460.42 0.014 159.142 159.142 
0 2 10
0 0.0 0.6 0.0 0.0 0.0 0.0 0.0 0.0 0.0 18291.4 0.0 0.0
0 4 12 5 11
0 0 0 0 584.0 5957.0 0 0 0 0 0 7420.4 578.0
0 6 7 8 1 9 3
0 1003.1 0 2765.6 0 0 2311.3 2874.3 29.2 3917.1 0 0 0
**********2022-06-12 22:46:09**********
21457.374 21460.42 0.014 159.142 164.933 
0 2 10
0 0.0 0.6 0.0 0.0 0.0 0.0 0.0 0.0 0.0 18291.4 0.0 0.0
0 4 12 5 11
0 0 0 0 584.0 5957.0 0 0 0 0 0 7420.4 578.0
0 6 7 8 1 9 3
0 1003.1 0 2765.6 0 0 2311.3 2874.3 29.2 3917.1 0 0 0
**********2022-06-12 22:46:13**********
21457.374 21460.42 0.014 159.142 168.972 
0 2 10
0 0.0 0.6 0.0 0.0 0.0 0.0 0.0 0.0 0.0 18291.4 0.0 0.0
0 4 12 5 11
0 0 0 0 584.0 5957.0 0 0 0 0 0 7420.4 578.0
0 6 7 8 1 9 3
0 1003.1 0 2765.6 0 0 2311.3 2874.3 29.2 3917.1 0 0 0
**********2022-06-12 22:46:18**********
21457.374 21460.42 0.014 159.142 174.015 
0 2 10
0 0.0 0.6 0.0 0.0 0.0 0.0 0.0 0.0 0.0 18291.4 0.0 0.0
0 4 12 5 11
0 0 0 0 584.0 5957.0 0 0 0 0 0 7420.4 578.0
0 6 7 8 1 9 3
0 1003.1 0 2765.6 0 0 2311.3 2874.3 29.2 3917.1 0 0 0
**********2022-06-12 22:46:20**********
21457.374 21460.42 0.014 159.142 175.99 
0 2 10
0 0.0 0.6 0.0 0.0 0.0 0.0 0.0 0.0 0.0 18291.4 0.0 0.0
0 4 12 5 11
0 0 0 0 584.0 5957.0 0 0 0 0 0 7420.4 578.0
0 6 7 8 1 9 3
0 1003.1 0 2765.6 0 0 2311.3 2874.3 29.2 3917.1 0 0 0
**********2022-06-12 22:46:25**********
21457.374 21460.42 0.014 159.142 180.705 
0 2 10
0 0.0 0.6 0.0 0.0 0.0 0.0 0.0 0.0 0.0 18291.4 0.0 0.0
0 4 12 5 11
0 0 0 0 584.0 5957.0 0 0 0 0 0 7420.4 578.0
0 6 7 8 1 9 3
0 1003.1 0 2765.6 0 0 2311.3 2874.3 29.2 3917.1 0 0 0
**********2022-06-12 22:46:31**********
21457.374 21460.42 0.014 186.451 186.451 
0 2 10
0 0.0 0.6 0.0 0.0 0.0 0.0 0.0 0.0 0.0 18291.4 0.0 0.0
0 4 12 5 11
0 0 0 0 584.0 5957.0 0 0 0 0 0 7420.4 578.0
0 6 7 8 1 9 3
0 1003.1 0 2765.6 0 0 2311.3 2874.3 29.2 3917.1 0 0 0
**********2022-06-12 22:46:34**********
21457.374 21460.42 0.014 186.451 190.234 
0 2 10
0 0.0 0.6 0.0 0.0 0.0 0.0 0.0 0.0 0.0 18291.4 0.0 0.0
0 4 12 5 11
0 0 0 0 584.0 5957.0 0 0 0 0 0 7420.4 578.0
0 6 7 8 1 9 3
0 1003.1 0 2765.6 0 0 2311.3 2874.3 29.2 3917.1 0 0 0
**********2022-06-12 22:46:36**********
21457.374 21460.42 0.014 186.451 192.049 
0 2 10
0 0.0 0.6 0.0 0.0 0.0 0.0 0.0 0.0 0.0 18291.4 0.0 0.0
0 4 12 5 11
0 0 0 0 584.0 5957.0 0 0 0 0 0 7420.4 578.0
0 6 7 8 1 9 3
0 1003.1 0 2765.6 0 0 2311.3 2874.3 29.2 3917.1 0 0 0
**********2022-06-12 22:46:40**********
21457.374 21460.42 0.014 186.451 196.032 
0 2 10
0 0.0 0.6 0.0 0.0 0.0 0.0 0.0 0.0 0.0 18291.4 0.0 0.0
0 4 12 5 11
0 0 0 0 584.0 5957.0 0 0 0 0 0 7420.4 578.0
0 6 7 8 1 9 3
0 1003.1 0 2765.6 0 0 2311.3 2874.3 29.2 3917.1 0 0 0
**********2022-06-12 22:46:42**********
21457.374 21460.42 0.014 186.451 197.721 
0 2 10
0 0.0 0.6 0.0 0.0 0.0 0.0 0.0 0.0 0.0 18291.4 0.0 0.0
0 4 12 5 11
0 0 0 0 584.0 5957.0 0 0 0 0 0 7420.4 578.0
0 6 7 8 1 9 3
0 1003.1 0 2765.6 0 0 2311.3 2874.3 29.2 3917.1 0 0 0
**********2022-06-12 22:46:44**********
21457.374 21460.42 0.014 186.451 199.428 
0 2 10
0 0.0 0.6 0.0 0.0 0.0 0.0 0.0 0.0 0.0 18291.4 0.0 0.0
0 4 12 5 11
0 0 0 0 584.0 5957.0 0 0 0 0 0 7420.4 578.0
0 6 7 8 1 9 3
0 1003.1 0 2765.6 0 0 2311.3 2874.3 29.2 3917.1 0 0 0
**********2022-06-12 22:46:45**********
21457.374 21460.42 0.014 186.451 201.139 
0 2 10
0 0.0 0.6 0.0 0.0 0.0 0.0 0.0 0.0 0.0 18291.4 0.0 0.0
0 4 12 5 11
0 0 0 0 584.0 5957.0 0 0 0 0 0 7420.4 578.0
0 6 7 8 1 9 3
0 1003.1 0 2765.6 0 0 2311.3 2874.3 29.2 3917.1 0 0 0
**********2022-06-12 22:46:49**********
21457.374 21460.42 0.014 186.451 204.944 
0 2 10
0 0.0 0.6 0.0 0.0 0.0 0.0 0.0 0.0 0.0 18291.4 0.0 0.0
0 4 12 5 11
0 0 0 0 584.0 5957.0 0 0 0 0 0 7420.4 578.0
0 6 7 8 1 9 3
0 1003.1 0 2765.6 0 0 2311.3 2874.3 29.2 3917.1 0 0 0
**********2022-06-12 22:46:53**********
21457.374 21460.42 0.014 186.451 208.649 
0 2 10
0 0.0 0.6 0.0 0.0 0.0 0.0 0.0 0.0 0.0 18291.4 0.0 0.0
0 4 12 5 11
0 0 0 0 584.0 5957.0 0 0 0 0 0 7420.4 578.0
0 6 7 8 1 9 3
0 1003.1 0 2765.6 0 0 2311.3 2874.3 29.2 3917.1 0 0 0
**********2022-06-12 22:46:55**********
21457.374 21460.42 0.014 186.451 210.346 
0 2 10
0 0.0 0.6 0.0 0.0 0.0 0.0 0.0 0.0 0.0 18291.4 0.0 0.0
0 4 12 5 11
0 0 0 0 584.0 5957.0 0 0 0 0 0 7420.4 578.0
0 6 7 8 1 9 3
0 1003.1 0 2765.6 0 0 2311.3 2874.3 29.2 3917.1 0 0 0
**********2022-06-12 22:46:59**********
21457.374 21460.42 0.014 186.451 214.461 
0 2 10
0 0.0 0.6 0.0 0.0 0.0 0.0 0.0 0.0 0.0 18291.4 0.0 0.0
0 4 12 5 11
0 0 0 0 584.0 5957.0 0 0 0 0 0 7420.4 578.0
0 6 7 8 1 9 3
0 1003.1 0 2765.6 0 0 2311.3 2874.3 29.2 3917.1 0 0 0
**********2022-06-12 22:47:03**********
21457.374 21460.42 0.014 186.451 218.324 
0 2 10
0 0.0 0.6 0.0 0.0 0.0 0.0 0.0 0.0 0.0 18291.4 0.0 0.0
0 4 12 5 11
0 0 0 0 584.0 5957.0 0 0 0 0 0 7420.4 578.0
0 6 7 8 1 9 3
0 1003.1 0 2765.6 0 0 2311.3 2874.3 29.2 3917.1 0 0 0
**********2022-06-12 22:47:06**********
21457.374 21460.42 0.014 186.451 221.771 
0 2 10
0 0.0 0.6 0.0 0.0 0.0 0.0 0.0 0.0 0.0 18291.4 0.0 0.0
0 4 12 5 11
0 0 0 0 584.0 5957.0 0 0 0 0 0 7420.4 578.0
0 6 7 8 1 9 3
0 1003.1 0 2765.6 0 0 2311.3 2874.3 29.2 3917.1 0 0 0
**********2022-06-12 22:47:09**********
21457.374 21460.42 0.014 186.451 225.247 
0 2 10
0 0.0 0.6 0.0 0.0 0.0 0.0 0.0 0.0 0.0 18291.4 0.0 0.0
0 4 12 5 11
0 0 0 0 584.0 5957.0 0 0 0 0 0 7420.4 578.0
0 6 7 8 1 9 3
0 1003.1 0 2765.6 0 0 2311.3 2874.3 29.2 3917.1 0 0 0
**********2022-06-12 22:47:13**********
21457.374 21460.42 0.014 186.451 228.737 
0 2 10
0 0.0 0.6 0.0 0.0 0.0 0.0 0.0 0.0 0.0 18291.4 0.0 0.0
0 4 12 5 11
0 0 0 0 584.0 5957.0 0 0 0 0 0 7420.4 578.0
0 6 7 8 1 9 3
0 1003.1 0 2765.6 0 0 2311.3 2874.3 29.2 3917.1 0 0 0
**********2022-06-12 22:47:17**********
21457.374 21460.42 0.014 232.39 232.39 
0 2 10
0 0.0 0.6 0.0 0.0 0.0 0.0 0.0 0.0 0.0 18291.4 0.0 0.0
0 4 12 5 11
0 0 0 0 584.0 5957.0 0 0 0 0 0 7420.4 578.0
0 6 7 8 1 9 3
0 1003.1 0 2765.6 0 0 2311.3 2874.3 29.2 3917.1 0 0 0
**********2022-06-12 22:47:18**********
21457.374 21460.42 0.014 232.39 233.994 
0 2 10
0 0.0 0.6 0.0 0.0 0.0 0.0 0.0 0.0 0.0 18291.4 0.0 0.0
0 4 12 5 11
0 0 0 0 584.0 5957.0 0 0 0 0 0 7420.4 578.0
0 6 7 8 1 9 3
0 1003.1 0 2765.6 0 0 2311.3 2874.3 29.2 3917.1 0 0 0
**********2022-06-12 22:47:21**********
21457.374 21460.42 0.014 232.39 237.08 
0 2 10
0 0.0 0.6 0.0 0.0 0.0 0.0 0.0 0.0 0.0 18291.4 0.0 0.0
0 4 12 5 11
0 0 0 0 584.0 5957.0 0 0 0 0 0 7420.4 578.0
0 6 7 8 1 9 3
0 1003.1 0 2765.6 0 0 2311.3 2874.3 29.2 3917.1 0 0 0
**********2022-06-12 22:47:24**********
21457.374 21460.42 0.014 232.39 239.887 
0 2 10
0 0.0 0.6 0.0 0.0 0.0 0.0 0.0 0.0 0.0 18291.4 0.0 0.0
0 4 12 5 11
0 0 0 0 584.0 5957.0 0 0 0 0 0 7420.4 578.0
0 6 7 8 1 9 3
0 1003.1 0 2765.6 0 0 2311.3 2874.3 29.2 3917.1 0 0 0
**********2022-06-12 22:47:26**********
21457.374 21460.42 0.014 232.39 241.278 
0 2 10
0 0.0 0.6 0.0 0.0 0.0 0.0 0.0 0.0 0.0 18291.4 0.0 0.0
0 4 12 5 11
0 0 0 0 584.0 5957.0 0 0 0 0 0 7420.4 578.0
0 6 7 8 1 9 3
0 1003.1 0 2765.6 0 0 2311.3 2874.3 29.2 3917.1 0 0 0
**********2022-06-12 22:47:31**********
21457.374 21460.42 0.014 232.39 246.54 
0 2 10
0 0.0 0.6 0.0 0.0 0.0 0.0 0.0 0.0 0.0 18291.4 0.0 0.0
0 4 12 5 11
0 0 0 0 584.0 5957.0 0 0 0 0 0 7420.4 578.0
0 6 7 8 1 9 3
0 1003.1 0 2765.6 0 0 2311.3 2874.3 29.2 3917.1 0 0 0
**********2022-06-12 23:06:50**********
21457.374 21483.914 0.124 12.615 12.616 
0 2 10
0 0 0.6 0 0 0 0 0 0 0 18291.4 0 0
0 3 5 9 12 4
0 0 0 2765.6 584.0 5957.0 0 0 0 3917.1 0 0 578.0
0 1 6 8 7 11
0 1003.1 0 0 0 0 2311.3 2874.3 29.2 0 0 7420.4 0
**********2022-06-12 23:07:00**********
21457.374 21483.914 0.124 12.615 22.871 
0 2 10
0 0 0.6 0 0 0 0 0 0 0 18291.4 0 0
0 3 5 9 12 4
0 0 0 2765.6 584.0 5957.0 0 0 0 3917.1 0 0 578.0
0 1 6 8 7 11
0 1003.1 0 0 0 0 2311.3 2874.3 29.2 0 0 7420.4 0
**********2022-06-12 23:07:09**********
21457.374 21482.594 0.117 31.75 31.75 
0 2 10
0 0.0 0.6 0.0 0.0 0.0 0.0 0.0 0.0 0.0 18291.4 0.0 0.0
0 4 6 8 3 11
0 0 0 2765.6 584.0 0 2311.3 0 29.2 0 0 7420.4 0
0 12 1 5 7 9
0 1003.1 0 0 0 5957.0 0 2874.3 0 3917.1 0 0 578.0
**********2022-06-12 23:07:18**********
21457.374 21476.204 0.088 40.83 40.83 
0 2 10
0 0.0 0.6 0.0 0.0 0.0 0.0 0.0 0.0 0.0 18291.4 0.0 0.0
0 9 1 5 7
0 1003.1 0 0 0 5957.0 0 2874.3 0 3917.1 0 0 0
0 4 8 3 6 12 11
0 0 0 2765.6 584.0 0 2311.3 0 29.2 0 0 7420.4 578.0
**********2022-06-12 23:07:27**********
21457.374 21476.204 0.088 40.83 49.372 
0 2 10
0 0.0 0.6 0.0 0.0 0.0 0.0 0.0 0.0 0.0 18291.4 0.0 0.0
0 9 1 5 7
0 1003.1 0 0 0 5957.0 0 2874.3 0 3917.1 0 0 0
0 4 8 3 6 12 11
0 0 0 2765.6 584.0 0 2311.3 0 29.2 0 0 7420.4 578.0
**********2022-06-12 23:07:37**********
21457.374 21476.204 0.088 40.83 59.151 
0 2 10
0 0.0 0.6 0.0 0.0 0.0 0.0 0.0 0.0 0.0 18291.4 0.0 0.0
0 9 1 5 7
0 1003.1 0 0 0 5957.0 0 2874.3 0 3917.1 0 0 0
0 4 8 3 6 12 11
0 0 0 2765.6 584.0 0 2311.3 0 29.2 0 0 7420.4 578.0
**********2022-06-12 23:07:47**********
21457.374 21473.924 0.077 69.694 69.695 
0 2 10
0 0.0 0.6 0.0 0.0 0.0 0.0 0.0 0.0 0.0 18291.4 0.0 0.0
0 8 4 12 3 11
0 0 0 2765.6 584.0 0 0 0 29.2 0 0 7420.4 578.0
0 1 5 7 6 9
0 1003.1 0 0 0 5957.0 2311.3 2874.3 0 3917.1 0 0 0
**********2022-06-12 23:08:07**********
21457.374 21473.924 0.077 69.694 89.005 
0 2 10
0 0.0 0.6 0.0 0.0 0.0 0.0 0.0 0.0 0.0 18291.4 0.0 0.0
0 8 4 12 3 11
0 0 0 2765.6 584.0 0 0 0 29.2 0 0 7420.4 578.0
0 1 5 7 6 9
0 1003.1 0 0 0 5957.0 2311.3 2874.3 0 3917.1 0 0 0
**********2022-06-12 23:08:21**********
21457.374 21473.924 0.077 69.694 103.254 
0 2 10
0 0.0 0.6 0.0 0.0 0.0 0.0 0.0 0.0 0.0 18291.4 0.0 0.0
0 8 4 12 3 11
0 0 0 2765.6 584.0 0 0 0 29.2 0 0 7420.4 578.0
0 1 5 7 6 9
0 1003.1 0 0 0 5957.0 2311.3 2874.3 0 3917.1 0 0 0
**********2022-06-12 23:08:28**********
21457.374 21473.924 0.077 69.694 110.47 
0 2 10
0 0.0 0.6 0.0 0.0 0.0 0.0 0.0 0.0 0.0 18291.4 0.0 0.0
0 8 4 12 3 11
0 0 0 2765.6 584.0 0 0 0 29.2 0 0 7420.4 578.0
0 1 5 7 6 9
0 1003.1 0 0 0 5957.0 2311.3 2874.3 0 3917.1 0 0 0
**********2022-06-12 23:08:36**********
21457.374 21473.38 0.075 118.145 118.145 
0 6 12 4 11
0 0 0 0 584.0 0 2311.3 0 0 0 0 7420.4 578.0
0 10 2
0 0 0.6 0 0 0 0 0 0 0 18291.4 0 0
0 9 1 8 7 5 3
0 1003.1 0 2765.6 0 5957.0 0 2874.3 29.2 3917.1 0 0 0
**********2022-06-12 23:08:43**********
21457.374 21473.38 0.075 118.145 124.958 
0 6 12 4 11
0 0 0 0 584.0 0 2311.3 0 0 0 0 7420.4 578.0
0 10 2
0 0 0.6 0 0 0 0 0 0 0 18291.4 0 0
0 9 1 8 7 5 3
0 1003.1 0 2765.6 0 5957.0 0 2874.3 29.2 3917.1 0 0 0
**********2022-06-12 23:08:50**********
21457.374 21473.38 0.075 118.145 132.115 
0 6 12 4 11
0 0 0 0 584.0 0 2311.3 0 0 0 0 7420.4 578.0
0 10 2
0 0 0.6 0 0 0 0 0 0 0 18291.4 0 0
0 9 1 8 7 5 3
0 1003.1 0 2765.6 0 5957.0 0 2874.3 29.2 3917.1 0 0 0
**********2022-06-12 23:08:57**********
21457.374 21473.38 0.075 118.145 139.508 
0 6 12 4 11
0 0 0 0 584.0 0 2311.3 0 0 0 0 7420.4 578.0
0 10 2
0 0 0.6 0 0 0 0 0 0 0 18291.4 0 0
0 9 1 8 7 5 3
0 1003.1 0 2765.6 0 5957.0 0 2874.3 29.2 3917.1 0 0 0
**********2022-06-12 23:09:03**********
21457.374 21468.838 0.053 144.9 144.9 
0 2 10
0 0.0 0.6 0.0 0.0 0.0 0.0 0.0 0.0 0.0 18291.4 0.0 0.0
0 6 12 4 11
0 0 0 0 584.0 0 2311.3 0 0 0 0 7420.4 578.0
0 9 1 8 7 5 3
0 1003.1 0 2765.6 0 5957.0 0 2874.3 29.2 3917.1 0 0 0
**********2022-06-12 23:09:10**********
21457.374 21468.838 0.053 144.9 152.702 
0 2 10
0 0.0 0.6 0.0 0.0 0.0 0.0 0.0 0.0 0.0 18291.4 0.0 0.0
0 6 12 4 11
0 0 0 0 584.0 0 2311.3 0 0 0 0 7420.4 578.0
0 9 1 8 7 5 3
0 1003.1 0 2765.6 0 5957.0 0 2874.3 29.2 3917.1 0 0 0
**********2022-06-12 23:09:20**********
21457.374 21468.838 0.053 144.9 162.853 
0 2 10
0 0.0 0.6 0.0 0.0 0.0 0.0 0.0 0.0 0.0 18291.4 0.0 0.0
0 6 12 4 11
0 0 0 0 584.0 0 2311.3 0 0 0 0 7420.4 578.0
0 9 1 8 7 5 3
0 1003.1 0 2765.6 0 5957.0 0 2874.3 29.2 3917.1 0 0 0
**********2022-06-12 23:09:27**********
21457.374 21468.838 0.053 144.9 169.676 
0 2 10
0 0.0 0.6 0.0 0.0 0.0 0.0 0.0 0.0 0.0 18291.4 0.0 0.0
0 6 12 4 11
0 0 0 0 584.0 0 2311.3 0 0 0 0 7420.4 578.0
0 9 1 8 7 5 3
0 1003.1 0 2765.6 0 5957.0 0 2874.3 29.2 3917.1 0 0 0
**********2022-06-12 23:09:35**********
21457.374 21468.838 0.053 144.9 177.436 
0 2 10
0 0.0 0.6 0.0 0.0 0.0 0.0 0.0 0.0 0.0 18291.4 0.0 0.0
0 6 12 4 11
0 0 0 0 584.0 0 2311.3 0 0 0 0 7420.4 578.0
0 9 1 8 7 5 3
0 1003.1 0 2765.6 0 5957.0 0 2874.3 29.2 3917.1 0 0 0
**********2022-06-12 23:09:41**********
21457.374 21468.838 0.053 144.9 182.999 
0 2 10
0 0.0 0.6 0.0 0.0 0.0 0.0 0.0 0.0 0.0 18291.4 0.0 0.0
0 6 12 4 11
0 0 0 0 584.0 0 2311.3 0 0 0 0 7420.4 578.0
0 9 1 8 7 5 3
0 1003.1 0 2765.6 0 5957.0 0 2874.3 29.2 3917.1 0 0 0
**********2022-06-12 23:09:47**********
21457.374 21468.838 0.053 144.9 189.636 
0 2 10
0 0.0 0.6 0.0 0.0 0.0 0.0 0.0 0.0 0.0 18291.4 0.0 0.0
0 6 12 4 11
0 0 0 0 584.0 0 2311.3 0 0 0 0 7420.4 578.0
0 9 1 8 7 5 3
0 1003.1 0 2765.6 0 5957.0 0 2874.3 29.2 3917.1 0 0 0
**********2022-06-12 23:09:53**********
21457.374 21468.838 0.053 144.9 195.165 
0 2 10
0 0.0 0.6 0.0 0.0 0.0 0.0 0.0 0.0 0.0 18291.4 0.0 0.0
0 6 12 4 11
0 0 0 0 584.0 0 2311.3 0 0 0 0 7420.4 578.0
0 9 1 8 7 5 3
0 1003.1 0 2765.6 0 5957.0 0 2874.3 29.2 3917.1 0 0 0
**********2022-06-12 23:09:59**********
21457.374 21468.838 0.053 144.9 201.418 
0 2 10
0 0.0 0.6 0.0 0.0 0.0 0.0 0.0 0.0 0.0 18291.4 0.0 0.0
0 6 12 4 11
0 0 0 0 584.0 0 2311.3 0 0 0 0 7420.4 578.0
0 9 1 8 7 5 3
0 1003.1 0 2765.6 0 5957.0 0 2874.3 29.2 3917.1 0 0 0
**********2022-06-12 23:10:04**********
21457.374 21468.838 0.053 144.9 206.693 
0 2 10
0 0.0 0.6 0.0 0.0 0.0 0.0 0.0 0.0 0.0 18291.4 0.0 0.0
0 6 12 4 11
0 0 0 0 584.0 0 2311.3 0 0 0 0 7420.4 578.0
0 9 1 8 7 5 3
0 1003.1 0 2765.6 0 5957.0 0 2874.3 29.2 3917.1 0 0 0
**********2022-06-12 23:10:07**********
21457.374 21468.838 0.053 144.9 209.078 
0 2 10
0 0.0 0.6 0.0 0.0 0.0 0.0 0.0 0.0 0.0 18291.4 0.0 0.0
0 6 12 4 11
0 0 0 0 584.0 0 2311.3 0 0 0 0 7420.4 578.0
0 9 1 8 7 5 3
0 1003.1 0 2765.6 0 5957.0 0 2874.3 29.2 3917.1 0 0 0
**********2022-06-12 23:12:46**********
21457.374 21480.774 0.109 12.806 12.807 
0 2 4 9 1 6 12 5
0 1003.1 0.7 0 584.0 5956.8 2311.2 0 0 3917.0 0 0 578.0
0 10
0 0 0 0 0 0 0 0 0 0 18292.0 0 0
0 7 11 8 3
0 0 0 2765.5 0 0 0 2874.2 29.2 0 0 7420.2 0
**********2022-06-12 23:12:56**********
21457.374 21480.774 0.109 12.806 22.594 
0 2 4 9 1 6 12 5
0 1003.1 0.7 0 584.0 5956.8 2311.2 0 0 3917.0 0 0 578.0
0 10
0 0 0 0 0 0 0 0 0 0 18292.0 0 0
0 7 11 8 3
0 0 0 2765.5 0 0 0 2874.2 29.2 0 0 7420.2 0
**********2022-06-12 23:13:10**********
21457.374 21478.71 0.099 36.616 36.616 
0 2 10
0 0.0 0.6 0.0 0.0 0.0 0.0 0.0 0.0 0.0 18291.4 0.0 0.0
0 4 5 12 8 3 7
0 0 0 2765.6 584.0 5957.0 0 2874.3 29.2 0 0 0 578.0
0 1 9 11 6
0 1003.1 0 0 0 0 2311.3 0 0 3917.1 0 7420.4 0
**********2022-06-12 23:13:17**********
21457.374 21478.71 0.099 36.616 44.231 
0 2 10
0 0.0 0.6 0.0 0.0 0.0 0.0 0.0 0.0 0.0 18291.4 0.0 0.0
0 4 5 12 8 3 7
0 0 0 2765.6 584.0 5957.0 0 2874.3 29.2 0 0 0 578.0
0 1 9 11 6
0 1003.1 0 0 0 0 2311.3 0 0 3917.1 0 7420.4 0
**********2022-06-12 23:13:28**********
21457.374 21478.71 0.099 36.616 54.639 
0 2 10
0 0.0 0.6 0.0 0.0 0.0 0.0 0.0 0.0 0.0 18291.4 0.0 0.0
0 4 5 12 8 3 7
0 0 0 2765.6 584.0 5957.0 0 2874.3 29.2 0 0 0 578.0
0 1 9 11 6
0 1003.1 0 0 0 0 2311.3 0 0 3917.1 0 7420.4 0
**********2022-06-12 23:13:36**********
21457.374 21478.71 0.099 36.616 62.834 
0 2 10
0 0.0 0.6 0.0 0.0 0.0 0.0 0.0 0.0 0.0 18291.4 0.0 0.0
0 4 5 12 8 3 7
0 0 0 2765.6 584.0 5957.0 0 2874.3 29.2 0 0 0 578.0
0 1 9 11 6
0 1003.1 0 0 0 0 2311.3 0 0 3917.1 0 7420.4 0
**********2022-06-12 23:13:45**********
21457.374 21471.218 0.064 72.034 72.034 
0 7 8 3 6 11
0 0 0 2765.5 0 0 2311.2 2874.2 29.2 0 0 7420.2 0
0 5 1 9 2 12 4
0 1003.1 0.7 0 584.0 5956.8 0 0 0 3917.0 0 0 578.0
0 10
0 0 0 0 0 0 0 0 0 0 18292.0 0 0
**********2022-06-12 23:14:08**********
21457.374 21471.218 0.064 72.034 95.265 
0 7 8 3 6 11
0 0 0 2765.5 0 0 2311.2 2874.2 29.2 0 0 7420.2 0
0 5 1 9 2 12 4
0 1003.1 0.7 0 584.0 5956.8 0 0 0 3917.0 0 0 578.0
0 10
0 0 0 0 0 0 0 0 0 0 18292.0 0 0
**********2022-06-12 23:14:16**********
21457.374 21471.218 0.064 72.034 102.81 
0 7 8 3 6 11
0 0 0 2765.5 0 0 2311.2 2874.2 29.2 0 0 7420.2 0
0 5 1 9 2 12 4
0 1003.1 0.7 0 584.0 5956.8 0 0 0 3917.0 0 0 578.0
0 10
0 0 0 0 0 0 0 0 0 0 18292.0 0 0
**********2022-06-12 23:14:25**********
21457.374 21471.218 0.064 72.034 112.027 
0 7 8 3 6 11
0 0 0 2765.5 0 0 2311.2 2874.2 29.2 0 0 7420.2 0
0 5 1 9 2 12 4
0 1003.1 0.7 0 584.0 5956.8 0 0 0 3917.0 0 0 578.0
0 10
0 0 0 0 0 0 0 0 0 0 18292.0 0 0
**********2022-06-12 23:14:34**********
21457.374 21471.218 0.064 72.034 121.429 
0 7 8 3 6 11
0 0 0 2765.5 0 0 2311.2 2874.2 29.2 0 0 7420.2 0
0 5 1 9 2 12 4
0 1003.1 0.7 0 584.0 5956.8 0 0 0 3917.0 0 0 578.0
0 10
0 0 0 0 0 0 0 0 0 0 18292.0 0 0
**********2022-06-12 23:14:43**********
21457.374 21471.218 0.064 72.034 129.45 
0 7 8 3 6 11
0 0 0 2765.5 0 0 2311.2 2874.2 29.2 0 0 7420.2 0
0 5 1 9 2 12 4
0 1003.1 0.7 0 584.0 5956.8 0 0 0 3917.0 0 0 578.0
0 10
0 0 0 0 0 0 0 0 0 0 18292.0 0 0
**********2022-06-12 23:14:50**********
21457.374 21469.078 0.055 136.563 136.563 
0 2 10
0 0.0 0.6 0.0 0.0 0.0 0.0 0.0 0.0 0.0 18291.4 0.0 0.0
0 1 9 4 11 6
0 1003.1 0 0 584.0 0 2311.3 0 0 3917.1 0 7420.4 0
0 3 5 12 8 7
0 0 0 2765.6 0 5957.0 0 2874.3 29.2 0 0 0 578.0
**********2022-06-12 23:14:56**********
21457.374 21469.078 0.055 136.563 143.368 
0 2 10
0 0.0 0.6 0.0 0.0 0.0 0.0 0.0 0.0 0.0 18291.4 0.0 0.0
0 1 9 4 11 6
0 1003.1 0 0 584.0 0 2311.3 0 0 3917.1 0 7420.4 0
0 3 5 12 8 7
0 0 0 2765.6 0 5957.0 0 2874.3 29.2 0 0 0 578.0
**********2022-06-12 23:15:03**********
21457.374 21469.078 0.055 136.563 150.349 
0 2 10
0 0.0 0.6 0.0 0.0 0.0 0.0 0.0 0.0 0.0 18291.4 0.0 0.0
0 1 9 4 11 6
0 1003.1 0 0 584.0 0 2311.3 0 0 3917.1 0 7420.4 0
0 3 5 12 8 7
0 0 0 2765.6 0 5957.0 0 2874.3 29.2 0 0 0 578.0
**********2022-06-12 23:15:11**********
21457.374 21469.078 0.055 136.563 157.526 
0 2 10
0 0.0 0.6 0.0 0.0 0.0 0.0 0.0 0.0 0.0 18291.4 0.0 0.0
0 1 9 4 11 6
0 1003.1 0 0 584.0 0 2311.3 0 0 3917.1 0 7420.4 0
0 3 5 12 8 7
0 0 0 2765.6 0 5957.0 0 2874.3 29.2 0 0 0 578.0
**********2022-06-12 23:15:21**********
21457.374 21469.062 0.054 167.582 167.582 
0 2 10
0 0.0 0.6 0.0 0.0 0.0 0.0 0.0 0.0 0.0 18291.4 0.0 0.0
0 5 12 4 9
0 0 0 0 584.0 5956.8 0 0 0 3917.0 0 0 578.0
0 1 8 3 11 7 6
0 1003.1 0 2765.6 0 0 2311.3 2874.3 29.2 0 0 7420.4 0
**********2022-06-12 23:15:27**********
21457.374 21469.062 0.054 167.582 173.642 
0 2 10
0 0.0 0.6 0.0 0.0 0.0 0.0 0.0 0.0 0.0 18291.4 0.0 0.0
0 5 12 4 9
0 0 0 0 584.0 5956.8 0 0 0 3917.0 0 0 578.0
0 1 8 3 11 7 6
0 1003.1 0 2765.6 0 0 2311.3 2874.3 29.2 0 0 7420.4 0
**********2022-06-12 23:15:29**********
21457.374 21469.062 0.054 167.582 175.625 
0 2 10
0 0.0 0.6 0.0 0.0 0.0 0.0 0.0 0.0 0.0 18291.4 0.0 0.0
0 5 12 4 9
0 0 0 0 584.0 5956.8 0 0 0 3917.0 0 0 578.0
0 1 8 3 11 7 6
0 1003.1 0 2765.6 0 0 2311.3 2874.3 29.2 0 0 7420.4 0
**********2022-06-12 23:15:34**********
21457.374 21469.062 0.054 167.582 180.767 
0 2 10
0 0.0 0.6 0.0 0.0 0.0 0.0 0.0 0.0 0.0 18291.4 0.0 0.0
0 5 12 4 9
0 0 0 0 584.0 5956.8 0 0 0 3917.0 0 0 578.0
0 1 8 3 11 7 6
0 1003.1 0 2765.6 0 0 2311.3 2874.3 29.2 0 0 7420.4 0
**********2022-06-12 23:15:39**********
21457.374 21459.456 0.01 185.783 185.783 
0 2 10
0 0.0 0.6 0.0 0.0 0.0 0.0 0.0 0.0 0.0 18291.4 0.0 0.0
0 3 9 1 8 7 6
0 1003.1 0 2765.6 0 0 2311.3 2874.3 29.2 3917.1 0 0 0
0 5 12 4 11
0 0 0 0 584.0 5957.0 0 0 0 0 0 7420.4 578.0
**********2022-06-12 23:15:41**********
21457.374 21459.456 0.01 185.783 187.654 
0 2 10
0 0.0 0.6 0.0 0.0 0.0 0.0 0.0 0.0 0.0 18291.4 0.0 0.0
0 3 9 1 8 7 6
0 1003.1 0 2765.6 0 0 2311.3 2874.3 29.2 3917.1 0 0 0
0 5 12 4 11
0 0 0 0 584.0 5957.0 0 0 0 0 0 7420.4 578.0
**********2022-06-12 23:15:43**********
21457.374 21459.456 0.01 185.783 189.457 
0 2 10
0 0.0 0.6 0.0 0.0 0.0 0.0 0.0 0.0 0.0 18291.4 0.0 0.0
0 3 9 1 8 7 6
0 1003.1 0 2765.6 0 0 2311.3 2874.3 29.2 3917.1 0 0 0
0 5 12 4 11
0 0 0 0 584.0 5957.0 0 0 0 0 0 7420.4 578.0
**********2022-06-12 23:15:47**********
21457.374 21459.456 0.01 185.783 194.275 
0 2 10
0 0.0 0.6 0.0 0.0 0.0 0.0 0.0 0.0 0.0 18291.4 0.0 0.0
0 3 9 1 8 7 6
0 1003.1 0 2765.6 0 0 2311.3 2874.3 29.2 3917.1 0 0 0
0 5 12 4 11
0 0 0 0 584.0 5957.0 0 0 0 0 0 7420.4 578.0
**********2022-06-12 23:15:52**********
21457.374 21459.456 0.01 185.783 198.695 
0 2 10
0 0.0 0.6 0.0 0.0 0.0 0.0 0.0 0.0 0.0 18291.4 0.0 0.0
0 3 9 1 8 7 6
0 1003.1 0 2765.6 0 0 2311.3 2874.3 29.2 3917.1 0 0 0
0 5 12 4 11
0 0 0 0 584.0 5957.0 0 0 0 0 0 7420.4 578.0
**********2022-06-12 23:15:56**********
21457.374 21459.456 0.01 185.783 203.089 
0 2 10
0 0.0 0.6 0.0 0.0 0.0 0.0 0.0 0.0 0.0 18291.4 0.0 0.0
0 3 9 1 8 7 6
0 1003.1 0 2765.6 0 0 2311.3 2874.3 29.2 3917.1 0 0 0
0 5 12 4 11
0 0 0 0 584.0 5957.0 0 0 0 0 0 7420.4 578.0
**********2022-06-12 23:16:01**********
21457.374 21459.456 0.01 185.783 208.289 
0 2 10
0 0.0 0.6 0.0 0.0 0.0 0.0 0.0 0.0 0.0 18291.4 0.0 0.0
0 3 9 1 8 7 6
0 1003.1 0 2765.6 0 0 2311.3 2874.3 29.2 3917.1 0 0 0
0 5 12 4 11
0 0 0 0 584.0 5957.0 0 0 0 0 0 7420.4 578.0
**********2022-06-12 23:16:06**********
21457.374 21459.456 0.01 185.783 213.188 
0 2 10
0 0.0 0.6 0.0 0.0 0.0 0.0 0.0 0.0 0.0 18291.4 0.0 0.0
0 3 9 1 8 7 6
0 1003.1 0 2765.6 0 0 2311.3 2874.3 29.2 3917.1 0 0 0
0 5 12 4 11
0 0 0 0 584.0 5957.0 0 0 0 0 0 7420.4 578.0
**********2022-06-12 23:16:08**********
21457.374 21459.456 0.01 185.783 214.996 
0 2 10
0 0.0 0.6 0.0 0.0 0.0 0.0 0.0 0.0 0.0 18291.4 0.0 0.0
0 3 9 1 8 7 6
0 1003.1 0 2765.6 0 0 2311.3 2874.3 29.2 3917.1 0 0 0
0 5 12 4 11
0 0 0 0 584.0 5957.0 0 0 0 0 0 7420.4 578.0
**********2022-06-12 23:16:13**********
21457.374 21459.456 0.01 185.783 219.707 
0 2 10
0 0.0 0.6 0.0 0.0 0.0 0.0 0.0 0.0 0.0 18291.4 0.0 0.0
0 3 9 1 8 7 6
0 1003.1 0 2765.6 0 0 2311.3 2874.3 29.2 3917.1 0 0 0
0 5 12 4 11
0 0 0 0 584.0 5957.0 0 0 0 0 0 7420.4 578.0
**********2022-06-12 23:16:18**********
21457.374 21459.456 0.01 185.783 225.359 
0 2 10
0 0.0 0.6 0.0 0.0 0.0 0.0 0.0 0.0 0.0 18291.4 0.0 0.0
0 3 9 1 8 7 6
0 1003.1 0 2765.6 0 0 2311.3 2874.3 29.2 3917.1 0 0 0
0 5 12 4 11
0 0 0 0 584.0 5957.0 0 0 0 0 0 7420.4 578.0
**********2022-06-12 23:16:22**********
21457.374 21459.456 0.01 185.783 229.021 
0 2 10
0 0.0 0.6 0.0 0.0 0.0 0.0 0.0 0.0 0.0 18291.4 0.0 0.0
0 3 9 1 8 7 6
0 1003.1 0 2765.6 0 0 2311.3 2874.3 29.2 3917.1 0 0 0
0 5 12 4 11
0 0 0 0 584.0 5957.0 0 0 0 0 0 7420.4 578.0
**********2022-06-12 23:16:26**********
21457.374 21459.456 0.01 185.783 232.78 
0 2 10
0 0.0 0.6 0.0 0.0 0.0 0.0 0.0 0.0 0.0 18291.4 0.0 0.0
0 3 9 1 8 7 6
0 1003.1 0 2765.6 0 0 2311.3 2874.3 29.2 3917.1 0 0 0
0 5 12 4 11
0 0 0 0 584.0 5957.0 0 0 0 0 0 7420.4 578.0
**********2022-06-12 23:16:30**********
21457.374 21459.456 0.01 185.783 236.491 
0 2 10
0 0.0 0.6 0.0 0.0 0.0 0.0 0.0 0.0 0.0 18291.4 0.0 0.0
0 3 9 1 8 7 6
0 1003.1 0 2765.6 0 0 2311.3 2874.3 29.2 3917.1 0 0 0
0 5 12 4 11
0 0 0 0 584.0 5957.0 0 0 0 0 0 7420.4 578.0
**********2022-06-12 23:16:33**********
21457.374 21459.456 0.01 185.783 240.018 
0 2 10
0 0.0 0.6 0.0 0.0 0.0 0.0 0.0 0.0 0.0 18291.4 0.0 0.0
0 3 9 1 8 7 6
0 1003.1 0 2765.6 0 0 2311.3 2874.3 29.2 3917.1 0 0 0
0 5 12 4 11
0 0 0 0 584.0 5957.0 0 0 0 0 0 7420.4 578.0
**********2022-06-12 23:16:36**********
21457.374 21457.934 0.003 243.088 243.088 
0 2 10
0 0 0.6 0 0 0 0 0 0 0 18291.4 0 0
0 4 12 5 11
0 0 0 0 584.0 5957.0 0 0 0 0 0 7420.4 578.0
0 3 9 1 8 7 6
0 1003.1 0 2765.6 0 0 2311.3 2874.3 29.2 3917.1 0 0 0
**********2024-02-18 15:50:31**********
21457.374 21481.956 0.114 33.638 33.638 1 195.0 
0 8 3 12 5
0 0 0 2765.6 0 5957.0 0 0 29.2 0 0 0 578.0
0 1 7 9 6 4 11
0 1003.1 0 0 584.0 0 2311.3 2874.3 0 3917.1 0 7420.4 0
0 2 10
0 0.0 0.6 0.0 0.0 0.0 0.0 0.0 0.0 0.0 18291.4 0.0 0.0
**********2024-02-18 15:50:45**********
21457.374 21481.956 0.114 33.638 47.537 3 195.0 
0 8 3 12 5
0 0 0 2765.6 0 5957.0 0 0 29.2 0 0 0 578.0
0 1 7 9 6 4 11
0 1003.1 0 0 584.0 0 2311.3 2874.3 0 3917.1 0 7420.4 0
0 2 10
0 0.0 0.6 0.0 0.0 0.0 0.0 0.0 0.0 0.0 18291.4 0.0 0.0
**********2024-02-18 15:50:58**********
21457.374 21481.956 0.114 33.638 60.505 5 194.667 
0 8 3 12 5
0 0 0 2765.6 0 5957.0 0 0 29.2 0 0 0 578.0
0 1 7 9 6 4 11
0 1003.1 0 0 584.0 0 2311.3 2874.3 0 3917.1 0 7420.4 0
0 2 10
0 0.0 0.6 0.0 0.0 0.0 0.0 0.0 0.0 0.0 18291.4 0.0 0.0
**********2024-02-18 15:51:13**********
21457.374 21481.956 0.114 33.638 75.787 7 193.75 
0 8 3 12 5
0 0 0 2765.6 0 5957.0 0 0 29.2 0 0 0 578.0
0 1 7 9 6 4 11
0 1003.1 0 0 584.0 0 2311.3 2874.3 0 3917.1 0 7420.4 0
0 2 10
0 0.0 0.6 0.0 0.0 0.0 0.0 0.0 0.0 0.0 18291.4 0.0 0.0
**********2024-02-18 15:51:25**********
21457.374 21476.786 0.09 88.126 88.126 9 193.2 
0 3 9 12 2 7 8 1
0 1003.1 0.7 2765.5 0 0 0 2874.2 29.2 3917.0 0 0 578.0
0 10
0 0 0 0 0 0 0 0 0 0 18292.0 0 0
0 6 4 11 5
0 0 0 0 584.0 5956.8 2311.2 0 0 0 0 7420.2 0
**********2024-02-18 15:51:43**********
21457.374 21476.786 0.09 88.126 106.215 11 192.833 
0 3 9 12 2 7 8 1
0 1003.1 0.7 2765.5 0 0 0 2874.2 29.2 3917.0 0 0 578.0
0 10
0 0 0 0 0 0 0 0 0 0 18292.0 0 0
0 6 4 11 5
0 0 0 0 584.0 5956.8 2311.2 0 0 0 0 7420.2 0
**********2024-02-18 15:52:00**********
21457.374 21476.786 0.09 88.126 123.297 13 195.571 
0 3 9 12 2 7 8 1
0 1003.1 0.7 2765.5 0 0 0 2874.2 29.2 3917.0 0 0 578.0
0 10
0 0 0 0 0 0 0 0 0 0 18292.0 0 0
0 6 4 11 5
0 0 0 0 584.0 5956.8 2311.2 0 0 0 0 7420.2 0
**********2024-02-18 15:52:14**********
21457.374 21476.786 0.09 88.126 136.846 15 196.625 
0 3 9 12 2 7 8 1
0 1003.1 0.7 2765.5 0 0 0 2874.2 29.2 3917.0 0 0 578.0
0 10
0 0 0 0 0 0 0 0 0 0 18292.0 0 0
0 6 4 11 5
0 0 0 0 584.0 5956.8 2311.2 0 0 0 0 7420.2 0
**********2024-02-18 15:52:26**********
21457.374 21476.786 0.09 88.126 149.114 17 196.667 
0 3 9 12 2 7 8 1
0 1003.1 0.7 2765.5 0 0 0 2874.2 29.2 3917.0 0 0 578.0
0 10
0 0 0 0 0 0 0 0 0 0 18292.0 0 0
0 6 4 11 5
0 0 0 0 584.0 5956.8 2311.2 0 0 0 0 7420.2 0
**********2024-02-18 15:52:35**********
21457.374 21476.786 0.09 88.126 157.925 19 189.1 
0 3 9 12 2 7 8 1
0 1003.1 0.7 2765.5 0 0 0 2874.2 29.2 3917.0 0 0 578.0
0 10
0 0 0 0 0 0 0 0 0 0 18292.0 0 0
0 6 4 11 5
0 0 0 0 584.0 5956.8 2311.2 0 0 0 0 7420.2 0
**********2024-02-18 15:52:43**********
21457.374 21467.594 0.048 166.17 166.17 21 183.273 
0 2 10
0 0.0 0.6 0.0 0.0 0.0 0.0 0.0 0.0 0.0 18291.4 0.0 0.0
0 6 3 8 7 5
0 0 0 2765.6 0 5957.0 2311.3 2874.3 29.2 0 0 0 0
0 1 12 4 9 11
0 1003.1 0 0 584.0 0 0 0 0 3917.1 0 7420.4 578.0
**********2024-02-18 15:52:52**********
21457.374 21461.572 0.02 174.699 174.699 23 178.75 
0 2 10
0 0.0 0.6 0.0 0.0 0.0 0.0 0.0 0.0 0.0 18291.4 0.0 0.0
0 4 12 5 11
0 0 0 0 584.0 5957.0 0 0 0 0 0 7420.4 578.0
0 7 8 3 9 1 6
0 1003.1 0 2765.6 0 0 2311.3 2874.3 29.2 3917.1 0 0 0
**********2024-02-18 15:53:01**********
21457.374 21461.572 0.02 174.699 183.55 25 174.077 
0 2 10
0 0.0 0.6 0.0 0.0 0.0 0.0 0.0 0.0 0.0 18291.4 0.0 0.0
0 4 12 5 11
0 0 0 0 584.0 5957.0 0 0 0 0 0 7420.4 578.0
0 7 8 3 9 1 6
0 1003.1 0 2765.6 0 0 2311.3 2874.3 29.2 3917.1 0 0 0
**********2024-02-18 15:53:09**********
21457.374 21461.572 0.02 174.699 192.201 27 169.857 
0 2 10
0 0.0 0.6 0.0 0.0 0.0 0.0 0.0 0.0 0.0 18291.4 0.0 0.0
0 4 12 5 11
0 0 0 0 584.0 5957.0 0 0 0 0 0 7420.4 578.0
0 7 8 3 9 1 6
0 1003.1 0 2765.6 0 0 2311.3 2874.3 29.2 3917.1 0 0 0
**********2024-02-18 15:53:17**********
21457.374 21461.572 0.02 174.699 199.941 29 166.333 
0 2 10
0 0.0 0.6 0.0 0.0 0.0 0.0 0.0 0.0 0.0 18291.4 0.0 0.0
0 4 12 5 11
0 0 0 0 584.0 5957.0 0 0 0 0 0 7420.4 578.0
0 7 8 3 9 1 6
0 1003.1 0 2765.6 0 0 2311.3 2874.3 29.2 3917.1 0 0 0
**********2024-02-18 15:53:24**********
21457.374 21461.572 0.02 174.699 207.049 31 163.25 
0 2 10
0 0.0 0.6 0.0 0.0 0.0 0.0 0.0 0.0 0.0 18291.4 0.0 0.0
0 4 12 5 11
0 0 0 0 584.0 5957.0 0 0 0 0 0 7420.4 578.0
0 7 8 3 9 1 6
0 1003.1 0 2765.6 0 0 2311.3 2874.3 29.2 3917.1 0 0 0
**********2024-02-18 15:53:32**********
21457.374 21461.572 0.02 174.699 214.43 33 160.588 
0 2 10
0 0.0 0.6 0.0 0.0 0.0 0.0 0.0 0.0 0.0 18291.4 0.0 0.0
0 4 12 5 11
0 0 0 0 584.0 5957.0 0 0 0 0 0 7420.4 578.0
0 7 8 3 9 1 6
0 1003.1 0 2765.6 0 0 2311.3 2874.3 29.2 3917.1 0 0 0
**********2024-02-18 15:53:39**********
21457.374 21461.572 0.02 174.699 222.355 35 158.222 
0 2 10
0 0.0 0.6 0.0 0.0 0.0 0.0 0.0 0.0 0.0 18291.4 0.0 0.0
0 4 12 5 11
0 0 0 0 584.0 5957.0 0 0 0 0 0 7420.4 578.0
0 7 8 3 9 1 6
0 1003.1 0 2765.6 0 0 2311.3 2874.3 29.2 3917.1 0 0 0
**********2024-02-18 15:53:55**********
21457.374 21461.572 0.02 174.699 237.804 37 156.105 
0 2 10
0 0.0 0.6 0.0 0.0 0.0 0.0 0.0 0.0 0.0 18291.4 0.0 0.0
0 4 12 5 11
0 0 0 0 584.0 5957.0 0 0 0 0 0 7420.4 578.0
0 7 8 3 9 1 6
0 1003.1 0 2765.6 0 0 2311.3 2874.3 29.2 3917.1 0 0 0
**********2024-02-18 15:54:04**********
21457.374 21461.572 0.02 174.699 246.419 39 154.3 
0 2 10
0 0.0 0.6 0.0 0.0 0.0 0.0 0.0 0.0 0.0 18291.4 0.0 0.0
0 4 12 5 11
0 0 0 0 584.0 5957.0 0 0 0 0 0 7420.4 578.0
0 7 8 3 9 1 6
0 1003.1 0 2765.6 0 0 2311.3 2874.3 29.2 3917.1 0 0 0
**********2024-02-18 15:54:11**********
21457.374 21461.572 0.02 174.699 254.065 41 152.667 
0 2 10
0 0.0 0.6 0.0 0.0 0.0 0.0 0.0 0.0 0.0 18291.4 0.0 0.0
0 4 12 5 11
0 0 0 0 584.0 5957.0 0 0 0 0 0 7420.4 578.0
0 7 8 3 9 1 6
0 1003.1 0 2765.6 0 0 2311.3 2874.3 29.2 3917.1 0 0 0
**********2024-02-18 15:54:17**********
21457.374 21461.572 0.02 174.699 259.49 43 149.136 
0 2 10
0 0.0 0.6 0.0 0.0 0.0 0.0 0.0 0.0 0.0 18291.4 0.0 0.0
0 4 12 5 11
0 0 0 0 584.0 5957.0 0 0 0 0 0 7420.4 578.0
0 7 8 3 9 1 6
0 1003.1 0 2765.6 0 0 2311.3 2874.3 29.2 3917.1 0 0 0
**********2024-02-18 15:54:23**********
21457.374 21461.572 0.02 174.699 265.886 45 145.652 
0 2 10
0 0.0 0.6 0.0 0.0 0.0 0.0 0.0 0.0 0.0 18291.4 0.0 0.0
0 4 12 5 11
0 0 0 0 584.0 5957.0 0 0 0 0 0 7420.4 578.0
0 7 8 3 9 1 6
0 1003.1 0 2765.6 0 0 2311.3 2874.3 29.2 3917.1 0 0 0
**********2024-02-18 15:54:30**********
21457.374 21461.572 0.02 174.699 272.457 47 142.5 
0 2 10
0 0.0 0.6 0.0 0.0 0.0 0.0 0.0 0.0 0.0 18291.4 0.0 0.0
0 4 12 5 11
0 0 0 0 584.0 5957.0 0 0 0 0 0 7420.4 578.0
0 7 8 3 9 1 6
0 1003.1 0 2765.6 0 0 2311.3 2874.3 29.2 3917.1 0 0 0
**********2024-02-18 15:54:35**********
21457.374 21461.572 0.02 174.699 278.124 49 138.56 
0 2 10
0 0.0 0.6 0.0 0.0 0.0 0.0 0.0 0.0 0.0 18291.4 0.0 0.0
0 4 12 5 11
0 0 0 0 584.0 5957.0 0 0 0 0 0 7420.4 578.0
0 7 8 3 9 1 6
0 1003.1 0 2765.6 0 0 2311.3 2874.3 29.2 3917.1 0 0 0
**********2024-02-18 15:54:40**********
21457.374 21461.572 0.02 174.699 283.35 51 134.962 
0 2 10
0 0.0 0.6 0.0 0.0 0.0 0.0 0.0 0.0 0.0 18291.4 0.0 0.0
0 4 12 5 11
0 0 0 0 584.0 5957.0 0 0 0 0 0 7420.4 578.0
0 7 8 3 9 1 6
0 1003.1 0 2765.6 0 0 2311.3 2874.3 29.2 3917.1 0 0 0
**********2024-02-18 15:54:44**********
21457.374 21461.572 0.02 174.699 287.005 53 130.963 
0 2 10
0 0.0 0.6 0.0 0.0 0.0 0.0 0.0 0.0 0.0 18291.4 0.0 0.0
0 4 12 5 11
0 0 0 0 584.0 5957.0 0 0 0 0 0 7420.4 578.0
0 7 8 3 9 1 6
0 1003.1 0 2765.6 0 0 2311.3 2874.3 29.2 3917.1 0 0 0
**********2024-02-18 15:54:47**********
21457.374 21460.42 0.014 289.613 289.613 55 127.179 
0 6 7 8 1 9 3
0 1003.1 0 2765.6 0 0 2311.3 2874.3 29.2 3917.1 0 0 0
0 2 10
0 0 0.6 0 0 0 0 0 0 0 18291.4 0 0
0 4 12 5 11
0 0 0 0 584.0 5957.0 0 0 0 0 0 7420.4 578.0
**********2024-02-18 15:54:50**********
21457.374 21460.42 0.014 289.613 292.416 57 123.69 
0 6 7 8 1 9 3
0 1003.1 0 2765.6 0 0 2311.3 2874.3 29.2 3917.1 0 0 0
0 2 10
0 0 0.6 0 0 0 0 0 0 0 18291.4 0 0
0 4 12 5 11
0 0 0 0 584.0 5957.0 0 0 0 0 0 7420.4 578.0
**********2024-02-18 15:54:53**********
21457.374 21460.42 0.014 289.613 295.919 59 120.5 
0 6 7 8 1 9 3
0 1003.1 0 2765.6 0 0 2311.3 2874.3 29.2 3917.1 0 0 0
0 2 10
0 0 0.6 0 0 0 0 0 0 0 18291.4 0 0
0 4 12 5 11
0 0 0 0 584.0 5957.0 0 0 0 0 0 7420.4 578.0
**********2024-02-18 15:54:56**********
21457.374 21460.42 0.014 289.613 299.365 61 117.548 
0 6 7 8 1 9 3
0 1003.1 0 2765.6 0 0 2311.3 2874.3 29.2 3917.1 0 0 0
0 2 10
0 0 0.6 0 0 0 0 0 0 0 18291.4 0 0
0 4 12 5 11
0 0 0 0 584.0 5957.0 0 0 0 0 0 7420.4 578.0
**********2024-02-18 15:54:59**********
21457.374 21460.42 0.014 302.318 302.318 63 114.75 
0 2 10
0 0.0 0.6 0.0 0.0 0.0 0.0 0.0 0.0 0.0 18291.4 0.0 0.0
0 4 12 5 11
0 0 0 0 584.0 5957.0 0 0 0 0 0 7420.4 578.0
0 6 7 8 1 9 3
0 1003.1 0 2765.6 0 0 2311.3 2874.3 29.2 3917.1 0 0 0
**********2024-02-18 15:55:02**********
21457.374 21460.42 0.014 302.318 305.23 65 111.727 
0 2 10
0 0.0 0.6 0.0 0.0 0.0 0.0 0.0 0.0 0.0 18291.4 0.0 0.0
0 4 12 5 11
0 0 0 0 584.0 5957.0 0 0 0 0 0 7420.4 578.0
0 6 7 8 1 9 3
0 1003.1 0 2765.6 0 0 2311.3 2874.3 29.2 3917.1 0 0 0
**********2024-02-18 15:55:05**********
21457.374 21460.42 0.014 302.318 307.767 67 108.882 
0 2 10
0 0.0 0.6 0.0 0.0 0.0 0.0 0.0 0.0 0.0 18291.4 0.0 0.0
0 4 12 5 11
0 0 0 0 584.0 5957.0 0 0 0 0 0 7420.4 578.0
0 6 7 8 1 9 3
0 1003.1 0 2765.6 0 0 2311.3 2874.3 29.2 3917.1 0 0 0
**********2024-02-18 15:55:07**********
21457.374 21460.42 0.014 302.318 310.239 69 106.171 
0 2 10
0 0.0 0.6 0.0 0.0 0.0 0.0 0.0 0.0 0.0 18291.4 0.0 0.0
0 4 12 5 11
0 0 0 0 584.0 5957.0 0 0 0 0 0 7420.4 578.0
0 6 7 8 1 9 3
0 1003.1 0 2765.6 0 0 2311.3 2874.3 29.2 3917.1 0 0 0
**********2024-02-18 15:55:08**********
21457.374 21460.42 0.014 302.318 311.263 71 103.472 
0 2 10
0 0.0 0.6 0.0 0.0 0.0 0.0 0.0 0.0 0.0 18291.4 0.0 0.0
0 4 12 5 11
0 0 0 0 584.0 5957.0 0 0 0 0 0 7420.4 578.0
0 6 7 8 1 9 3
0 1003.1 0 2765.6 0 0 2311.3 2874.3 29.2 3917.1 0 0 0
**********2024-02-18 15:55:10**********
21457.374 21460.42 0.014 302.318 313.009 73 100.919 
0 2 10
0 0.0 0.6 0.0 0.0 0.0 0.0 0.0 0.0 0.0 18291.4 0.0 0.0
0 4 12 5 11
0 0 0 0 584.0 5957.0 0 0 0 0 0 7420.4 578.0
0 6 7 8 1 9 3
0 1003.1 0 2765.6 0 0 2311.3 2874.3 29.2 3917.1 0 0 0
**********2024-02-18 15:55:12**********
21457.374 21460.42 0.014 302.318 315.058 75 98.5 
0 2 10
0 0.0 0.6 0.0 0.0 0.0 0.0 0.0 0.0 0.0 18291.4 0.0 0.0
0 4 12 5 11
0 0 0 0 584.0 5957.0 0 0 0 0 0 7420.4 578.0
0 6 7 8 1 9 3
0 1003.1 0 2765.6 0 0 2311.3 2874.3 29.2 3917.1 0 0 0
