**********2022-06-05 13:34:09**********
40804.928 40939.918 0.33 17.866 17.866 
0 7 3 12
0 0 0 1484.8 0 0 0 520.0 0 0 0 0 5082.1
0 11
0 0 0 0 0 0 0 0 0 0 0 7087.0 0
0 9 5 4 1 2 8 6 10
0 967.2 737.2 0 80.6 68.4 433.9 0 1240.7 837.3 2721.7 0 0
**********2022-06-05 13:34:21**********
40804.928 40938.06 0.325 29.152 29.152 
0 11
0 0 0 0 0 0 0 0 0 0 0 7087.0 0
0 4 6 3 12
0 0 0 1486.4 80.4 0 432.6 0 0 0 0 0 5087.6
0 10 9 8 5 1 7 2
0 966.1 736.4 0 0 68.3 0 521.6 1239.4 836.4 2718.7 0 0
**********2022-06-05 13:34:33**********
40805.213 40843.874 0.095 41.411 41.411 
0 11
0 0 0 0 0 0 0 0 0 0 0 7087.0 0
0 4 10 7 8 1 5 3
0 966.6 0.0 1489.9 80.5 68.3 0.0 521.8 1239.9 0.0 2719.9 0.0 0.0
0 6 12 9 2
0 0 734.7 0 0 0 432.4 0 0 834.4 0 0 5085.4
**********2022-06-05 13:34:47**********
40805.213 40843.874 0.095 41.411 55.628 
0 11
0 0 0 0 0 0 0 0 0 0 0 7087.0 0
0 4 10 7 8 1 5 3
0 966.6 0.0 1489.9 80.5 68.3 0.0 521.8 1239.9 0.0 2719.9 0.0 0.0
0 6 12 9 2
0 0 734.7 0 0 0 432.4 0 0 834.4 0 0 5085.4
**********2022-06-05 13:35:00**********
40805.213 40843.874 0.095 41.411 68.785 
0 11
0 0 0 0 0 0 0 0 0 0 0 7087.0 0
0 4 10 7 8 1 5 3
0 966.6 0.0 1489.9 80.5 68.3 0.0 521.8 1239.9 0.0 2719.9 0.0 0.0
0 6 12 9 2
0 0 734.7 0 0 0 432.4 0 0 834.4 0 0 5085.4
**********2022-06-05 13:35:10**********
40805.221 40843.874 0.095 41.411 78.193 
0 11
0 0 0 0 0 0 0 0 0 0 0 7087.0 0
0 4 10 7 8 1 5 3
0 966.6 0.0 1489.9 80.5 68.3 0.0 521.8 1239.9 0.0 2719.9 0.0 0.0
0 6 12 9 2
0 0 734.7 0 0 0 432.4 0 0 834.4 0 0 5085.4
**********2022-06-05 13:35:20**********
40805.456 40843.874 0.094 41.411 88.549 
0 11
0 0 0 0 0 0 0 0 0 0 0 7087.0 0
0 4 10 7 8 1 5 3
0 966.6 0.0 1489.9 80.5 68.3 0.0 521.8 1239.9 0.0 2719.9 0.0 0.0
0 6 12 9 2
0 0 734.7 0 0 0 432.4 0 0 834.4 0 0 5085.4
**********2022-06-05 13:35:30**********
40805.456 40843.874 0.094 41.411 98.162 
0 11
0 0 0 0 0 0 0 0 0 0 0 7087.0 0
0 4 10 7 8 1 5 3
0 966.6 0.0 1489.9 80.5 68.3 0.0 521.8 1239.9 0.0 2719.9 0.0 0.0
0 6 12 9 2
0 0 734.7 0 0 0 432.4 0 0 834.4 0 0 5085.4
**********2022-06-05 13:35:39**********
40805.456 40843.874 0.094 41.411 107.333 
0 11
0 0 0 0 0 0 0 0 0 0 0 7087.0 0
0 4 10 7 8 1 5 3
0 966.6 0.0 1489.9 80.5 68.3 0.0 521.8 1239.9 0.0 2719.9 0.0 0.0
0 6 12 9 2
0 0 734.7 0 0 0 432.4 0 0 834.4 0 0 5085.4
**********2022-06-05 13:35:47**********
40805.456 40843.859 0.094 115.429 115.429 
0 11
0 0 0 0 0 0 0 0 0 0 0 7087.0 0
0 5 6 12 3
0 0 0 1489.0 0 68.3 433.4 0 0 0 0 0 5096.4
0 1 9 7 8 4 10 2
0 964.5 735.2 0.0 80.4 0.0 0.0 520.7 1237.2 835.0 2714.0 0.0 0.0
**********2022-06-05 13:35:56**********
40805.456 40830.808 0.062 124.48 124.48 
0 11
0 0 0 0 0 0 0 0 0 0 0 7087.0 0
0 3 6 12 4
0 0 0 1486.4 80.4 0 432.6 0 0 0 0 0 5087.6
0 5 7 8 1 9 10 2
0 966.1 736.4 0.0 0.0 68.3 0.0 521.6 1239.4 836.4 2718.7 0.0 0.0
**********2022-06-05 13:36:03**********
40805.456 40830.808 0.062 124.48 131.721 
0 11
0 0 0 0 0 0 0 0 0 0 0 7087.0 0
0 3 6 12 4
0 0 0 1486.4 80.4 0 432.6 0 0 0 0 0 5087.6
0 5 7 8 1 9 10 2
0 966.1 736.4 0.0 0.0 68.3 0.0 521.6 1239.4 836.4 2718.7 0.0 0.0
**********2022-06-05 13:36:10**********
40805.564 40830.808 0.062 124.48 138.61 
0 11
0 0 0 0 0 0 0 0 0 0 0 7087.0 0
0 3 6 12 4
0 0 0 1486.4 80.4 0 432.6 0 0 0 0 0 5087.6
0 5 7 8 1 9 10 2
0 966.1 736.4 0.0 0.0 68.3 0.0 521.6 1239.4 836.4 2718.7 0.0 0.0
**********2022-06-05 13:36:19**********
40805.564 40830.808 0.062 124.48 147.154 
0 11
0 0 0 0 0 0 0 0 0 0 0 7087.0 0
0 3 6 12 4
0 0 0 1486.4 80.4 0 432.6 0 0 0 0 0 5087.6
0 5 7 8 1 9 10 2
0 966.1 736.4 0.0 0.0 68.3 0.0 521.6 1239.4 836.4 2718.7 0.0 0.0
**********2022-06-05 13:36:26**********
40805.564 40830.808 0.062 124.48 154.9 
0 11
0 0 0 0 0 0 0 0 0 0 0 7087.0 0
0 3 6 12 4
0 0 0 1486.4 80.4 0 432.6 0 0 0 0 0 5087.6
0 5 7 8 1 9 10 2
0 966.1 736.4 0.0 0.0 68.3 0.0 521.6 1239.4 836.4 2718.7 0.0 0.0
**********2022-06-05 13:36:35**********
40805.586 40830.808 0.062 124.48 163.305 
0 11
0 0 0 0 0 0 0 0 0 0 0 7087.0 0
0 3 6 12 4
0 0 0 1486.4 80.4 0 432.6 0 0 0 0 0 5087.6
0 5 7 8 1 9 10 2
0 966.1 736.4 0.0 0.0 68.3 0.0 521.6 1239.4 836.4 2718.7 0.0 0.0
**********2022-06-05 13:36:45**********
40805.586 40830.808 0.062 124.48 173.429 
0 11
0 0 0 0 0 0 0 0 0 0 0 7087.0 0
0 3 6 12 4
0 0 0 1486.4 80.4 0 432.6 0 0 0 0 0 5087.6
0 5 7 8 1 9 10 2
0 966.1 736.4 0.0 0.0 68.3 0.0 521.6 1239.4 836.4 2718.7 0.0 0.0
**********2022-06-05 13:36:52**********
40805.611 40830.808 0.062 124.48 180.686 
0 11
0 0 0 0 0 0 0 0 0 0 0 7087.0 0
0 3 6 12 4
0 0 0 1486.4 80.4 0 432.6 0 0 0 0 0 5087.6
0 5 7 8 1 9 10 2
0 966.1 736.4 0.0 0.0 68.3 0.0 521.6 1239.4 836.4 2718.7 0.0 0.0
**********2022-06-05 13:36:58**********
40805.944 40830.808 0.061 124.48 186.967 
0 11
0 0 0 0 0 0 0 0 0 0 0 7087.0 0
0 3 6 12 4
0 0 0 1486.4 80.4 0 432.6 0 0 0 0 0 5087.6
0 5 7 8 1 9 10 2
0 966.1 736.4 0.0 0.0 68.3 0.0 521.6 1239.4 836.4 2718.7 0.0 0.0
**********2022-06-05 13:37:05**********
40805.944 40830.808 0.061 124.48 193.358 
0 11
0 0 0 0 0 0 0 0 0 0 0 7087.0 0
0 3 6 12 4
0 0 0 1486.4 80.4 0 432.6 0 0 0 0 0 5087.6
0 5 7 8 1 9 10 2
0 966.1 736.4 0.0 0.0 68.3 0.0 521.6 1239.4 836.4 2718.7 0.0 0.0
**********2022-06-05 13:37:12**********
40805.953 40830.808 0.061 124.48 200.317 
0 11
0 0 0 0 0 0 0 0 0 0 0 7087.0 0
0 3 6 12 4
0 0 0 1486.4 80.4 0 432.6 0 0 0 0 0 5087.6
0 5 7 8 1 9 10 2
0 966.1 736.4 0.0 0.0 68.3 0.0 521.6 1239.4 836.4 2718.7 0.0 0.0
**********2022-06-05 13:37:19**********
40805.953 40830.808 0.061 124.48 207.796 
0 11
0 0 0 0 0 0 0 0 0 0 0 7087.0 0
0 3 6 12 4
0 0 0 1486.4 80.4 0 432.6 0 0 0 0 0 5087.6
0 5 7 8 1 9 10 2
0 966.1 736.4 0.0 0.0 68.3 0.0 521.6 1239.4 836.4 2718.7 0.0 0.0
**********2022-06-05 13:37:29**********
40805.953 40830.808 0.061 124.48 217.222 
0 11
0 0 0 0 0 0 0 0 0 0 0 7087.0 0
0 3 6 12 4
0 0 0 1486.4 80.4 0 432.6 0 0 0 0 0 5087.6
0 5 7 8 1 9 10 2
0 966.1 736.4 0.0 0.0 68.3 0.0 521.6 1239.4 836.4 2718.7 0.0 0.0
**********2022-06-05 13:37:38**********
40805.953 40830.808 0.061 124.48 226.111 
0 11
0 0 0 0 0 0 0 0 0 0 0 7087.0 0
0 3 6 12 4
0 0 0 1486.4 80.4 0 432.6 0 0 0 0 0 5087.6
0 5 7 8 1 9 10 2
0 966.1 736.4 0.0 0.0 68.3 0.0 521.6 1239.4 836.4 2718.7 0.0 0.0
**********2022-06-05 13:37:47**********
40805.994 40830.808 0.061 124.48 235.466 
0 11
0 0 0 0 0 0 0 0 0 0 0 7087.0 0
0 3 6 12 4
0 0 0 1486.4 80.4 0 432.6 0 0 0 0 0 5087.6
0 5 7 8 1 9 10 2
0 966.1 736.4 0.0 0.0 68.3 0.0 521.6 1239.4 836.4 2718.7 0.0 0.0
**********2022-06-05 13:37:57**********
40805.994 40830.808 0.061 124.48 245.06 
0 11
0 0 0 0 0 0 0 0 0 0 0 7087.0 0
0 3 6 12 4
0 0 0 1486.4 80.4 0 432.6 0 0 0 0 0 5087.6
0 5 7 8 1 9 10 2
0 966.1 736.4 0.0 0.0 68.3 0.0 521.6 1239.4 836.4 2718.7 0.0 0.0
**********2022-06-05 13:38:09**********
40805.994 40830.808 0.061 124.48 257.28 
0 11
0 0 0 0 0 0 0 0 0 0 0 7087.0 0
0 3 6 12 4
0 0 0 1486.4 80.4 0 432.6 0 0 0 0 0 5087.6
0 5 7 8 1 9 10 2
0 966.1 736.4 0.0 0.0 68.3 0.0 521.6 1239.4 836.4 2718.7 0.0 0.0
**********2022-06-05 13:38:21**********
40806.14 40830.808 0.06 124.48 269.108 
0 11
0 0 0 0 0 0 0 0 0 0 0 7087.0 0
0 3 6 12 4
0 0 0 1486.4 80.4 0 432.6 0 0 0 0 0 5087.6
0 5 7 8 1 9 10 2
0 966.1 736.4 0.0 0.0 68.3 0.0 521.6 1239.4 836.4 2718.7 0.0 0.0
**********2022-06-05 13:38:30**********
40806.14 40830.808 0.06 124.48 278.315 
0 11
0 0 0 0 0 0 0 0 0 0 0 7087.0 0
0 3 6 12 4
0 0 0 1486.4 80.4 0 432.6 0 0 0 0 0 5087.6
0 5 7 8 1 9 10 2
0 966.1 736.4 0.0 0.0 68.3 0.0 521.6 1239.4 836.4 2718.7 0.0 0.0
**********2022-06-05 13:38:38**********
40806.298 40830.808 0.06 124.48 286.712 
0 11
0 0 0 0 0 0 0 0 0 0 0 7087.0 0
0 3 6 12 4
0 0 0 1486.4 80.4 0 432.6 0 0 0 0 0 5087.6
0 5 7 8 1 9 10 2
0 966.1 736.4 0.0 0.0 68.3 0.0 521.6 1239.4 836.4 2718.7 0.0 0.0
**********2022-06-05 13:38:46**********
40806.373 40830.808 0.06 124.48 294.344 
0 11
0 0 0 0 0 0 0 0 0 0 0 7087.0 0
0 3 6 12 4
0 0 0 1486.4 80.4 0 432.6 0 0 0 0 0 5087.6
0 5 7 8 1 9 10 2
0 966.1 736.4 0.0 0.0 68.3 0.0 521.6 1239.4 836.4 2718.7 0.0 0.0
**********2022-06-05 13:38:55**********
40806.373 40830.808 0.06 124.48 303.21 
0 11
0 0 0 0 0 0 0 0 0 0 0 7087.0 0
0 3 6 12 4
0 0 0 1486.4 80.4 0 432.6 0 0 0 0 0 5087.6
0 5 7 8 1 9 10 2
0 966.1 736.4 0.0 0.0 68.3 0.0 521.6 1239.4 836.4 2718.7 0.0 0.0
**********2022-06-05 13:39:03**********
40806.373 40830.808 0.06 124.48 311.832 
0 11
0 0 0 0 0 0 0 0 0 0 0 7087.0 0
0 3 6 12 4
0 0 0 1486.4 80.4 0 432.6 0 0 0 0 0 5087.6
0 5 7 8 1 9 10 2
0 966.1 736.4 0.0 0.0 68.3 0.0 521.6 1239.4 836.4 2718.7 0.0 0.0
**********2022-06-05 13:39:12**********
40806.373 40830.808 0.06 124.48 320.778 
0 11
0 0 0 0 0 0 0 0 0 0 0 7087.0 0
0 3 6 12 4
0 0 0 1486.4 80.4 0 432.6 0 0 0 0 0 5087.6
0 5 7 8 1 9 10 2
0 966.1 736.4 0.0 0.0 68.3 0.0 521.6 1239.4 836.4 2718.7 0.0 0.0
**********2022-06-05 13:39:22**********
40806.373 40830.808 0.06 124.48 330.959 
0 11
0 0 0 0 0 0 0 0 0 0 0 7087.0 0
0 3 6 12 4
0 0 0 1486.4 80.4 0 432.6 0 0 0 0 0 5087.6
0 5 7 8 1 9 10 2
0 966.1 736.4 0.0 0.0 68.3 0.0 521.6 1239.4 836.4 2718.7 0.0 0.0
**********2022-06-05 13:39:33**********
40806.383 40830.808 0.06 124.48 341.551 
0 11
0 0 0 0 0 0 0 0 0 0 0 7087.0 0
0 3 6 12 4
0 0 0 1486.4 80.4 0 432.6 0 0 0 0 0 5087.6
0 5 7 8 1 9 10 2
0 966.1 736.4 0.0 0.0 68.3 0.0 521.6 1239.4 836.4 2718.7 0.0 0.0
**********2022-06-05 13:39:40**********
40806.383 40830.808 0.06 124.48 348.032 
0 11
0 0 0 0 0 0 0 0 0 0 0 7087.0 0
0 3 6 12 4
0 0 0 1486.4 80.4 0 432.6 0 0 0 0 0 5087.6
0 5 7 8 1 9 10 2
0 966.1 736.4 0.0 0.0 68.3 0.0 521.6 1239.4 836.4 2718.7 0.0 0.0
**********2022-06-05 13:39:46**********
40806.41 40830.808 0.06 124.48 354.227 
0 11
0 0 0 0 0 0 0 0 0 0 0 7087.0 0
0 3 6 12 4
0 0 0 1486.4 80.4 0 432.6 0 0 0 0 0 5087.6
0 5 7 8 1 9 10 2
0 966.1 736.4 0.0 0.0 68.3 0.0 521.6 1239.4 836.4 2718.7 0.0 0.0
**********2022-06-05 13:39:53**********
40806.646 40830.808 0.059 124.48 361.817 
0 11
0 0 0 0 0 0 0 0 0 0 0 7087.0 0
0 3 6 12 4
0 0 0 1486.4 80.4 0 432.6 0 0 0 0 0 5087.6
0 5 7 8 1 9 10 2
0 966.1 736.4 0.0 0.0 68.3 0.0 521.6 1239.4 836.4 2718.7 0.0 0.0
**********2022-06-05 13:40:00**********
40806.646 40830.808 0.059 124.48 368.557 
0 11
0 0 0 0 0 0 0 0 0 0 0 7087.0 0
0 3 6 12 4
0 0 0 1486.4 80.4 0 432.6 0 0 0 0 0 5087.6
0 5 7 8 1 9 10 2
0 966.1 736.4 0.0 0.0 68.3 0.0 521.6 1239.4 836.4 2718.7 0.0 0.0
**********2022-06-05 13:40:06**********
40806.646 40830.808 0.059 124.48 374.884 
0 11
0 0 0 0 0 0 0 0 0 0 0 7087.0 0
0 3 6 12 4
0 0 0 1486.4 80.4 0 432.6 0 0 0 0 0 5087.6
0 5 7 8 1 9 10 2
0 966.1 736.4 0.0 0.0 68.3 0.0 521.6 1239.4 836.4 2718.7 0.0 0.0
**********2022-06-05 13:40:12**********
40806.659 40830.808 0.059 124.48 380.809 
0 11
0 0 0 0 0 0 0 0 0 0 0 7087.0 0
0 3 6 12 4
0 0 0 1486.4 80.4 0 432.6 0 0 0 0 0 5087.6
0 5 7 8 1 9 10 2
0 966.1 736.4 0.0 0.0 68.3 0.0 521.6 1239.4 836.4 2718.7 0.0 0.0
**********2022-06-05 13:40:19**********
40806.659 40830.808 0.059 124.48 387.864 
0 11
0 0 0 0 0 0 0 0 0 0 0 7087.0 0
0 3 6 12 4
0 0 0 1486.4 80.4 0 432.6 0 0 0 0 0 5087.6
0 5 7 8 1 9 10 2
0 966.1 736.4 0.0 0.0 68.3 0.0 521.6 1239.4 836.4 2718.7 0.0 0.0
**********2022-06-05 13:40:28**********
40806.712 40830.808 0.059 124.48 396.725 
0 11
0 0 0 0 0 0 0 0 0 0 0 7087.0 0
0 3 6 12 4
0 0 0 1486.4 80.4 0 432.6 0 0 0 0 0 5087.6
0 5 7 8 1 9 10 2
0 966.1 736.4 0.0 0.0 68.3 0.0 521.6 1239.4 836.4 2718.7 0.0 0.0
**********2022-06-05 13:40:37**********
40806.712 40830.808 0.059 124.48 405.252 
0 11
0 0 0 0 0 0 0 0 0 0 0 7087.0 0
0 3 6 12 4
0 0 0 1486.4 80.4 0 432.6 0 0 0 0 0 5087.6
0 5 7 8 1 9 10 2
0 966.1 736.4 0.0 0.0 68.3 0.0 521.6 1239.4 836.4 2718.7 0.0 0.0
**********2022-06-05 13:40:45**********
40806.807 40830.808 0.059 124.48 413.695 
0 11
0 0 0 0 0 0 0 0 0 0 0 7087.0 0
0 3 6 12 4
0 0 0 1486.4 80.4 0 432.6 0 0 0 0 0 5087.6
0 5 7 8 1 9 10 2
0 966.1 736.4 0.0 0.0 68.3 0.0 521.6 1239.4 836.4 2718.7 0.0 0.0
**********2022-06-05 13:40:53**********
40806.807 40830.808 0.059 124.48 421.848 
0 11
0 0 0 0 0 0 0 0 0 0 0 7087.0 0
0 3 6 12 4
0 0 0 1486.4 80.4 0 432.6 0 0 0 0 0 5087.6
0 5 7 8 1 9 10 2
0 966.1 736.4 0.0 0.0 68.3 0.0 521.6 1239.4 836.4 2718.7 0.0 0.0
**********2022-06-05 13:41:01**********
40806.833 40830.808 0.059 124.48 429.741 
0 11
0 0 0 0 0 0 0 0 0 0 0 7087.0 0
0 3 6 12 4
0 0 0 1486.4 80.4 0 432.6 0 0 0 0 0 5087.6
0 5 7 8 1 9 10 2
0 966.1 736.4 0.0 0.0 68.3 0.0 521.6 1239.4 836.4 2718.7 0.0 0.0
**********2022-06-05 13:41:09**********
40806.833 40830.808 0.059 124.48 437.67 
0 11
0 0 0 0 0 0 0 0 0 0 0 7087.0 0
0 3 6 12 4
0 0 0 1486.4 80.4 0 432.6 0 0 0 0 0 5087.6
0 5 7 8 1 9 10 2
0 966.1 736.4 0.0 0.0 68.3 0.0 521.6 1239.4 836.4 2718.7 0.0 0.0
**********2022-06-05 13:41:16**********
40806.833 40830.808 0.059 124.48 444.817 
0 11
0 0 0 0 0 0 0 0 0 0 0 7087.0 0
0 3 6 12 4
0 0 0 1486.4 80.4 0 432.6 0 0 0 0 0 5087.6
0 5 7 8 1 9 10 2
0 966.1 736.4 0.0 0.0 68.3 0.0 521.6 1239.4 836.4 2718.7 0.0 0.0
**********2022-06-05 13:41:24**********
40806.833 40830.808 0.059 124.48 452.794 
0 11
0 0 0 0 0 0 0 0 0 0 0 7087.0 0
0 3 6 12 4
0 0 0 1486.4 80.4 0 432.6 0 0 0 0 0 5087.6
0 5 7 8 1 9 10 2
0 966.1 736.4 0.0 0.0 68.3 0.0 521.6 1239.4 836.4 2718.7 0.0 0.0
**********2022-06-05 13:41:33**********
40806.841 40830.808 0.059 124.48 461.067 
0 11
0 0 0 0 0 0 0 0 0 0 0 7087.0 0
0 3 6 12 4
0 0 0 1486.4 80.4 0 432.6 0 0 0 0 0 5087.6
0 5 7 8 1 9 10 2
0 966.1 736.4 0.0 0.0 68.3 0.0 521.6 1239.4 836.4 2718.7 0.0 0.0
**********2022-06-05 13:41:40**********
40806.841 40830.808 0.059 124.48 468.537 
0 11
0 0 0 0 0 0 0 0 0 0 0 7087.0 0
0 3 6 12 4
0 0 0 1486.4 80.4 0 432.6 0 0 0 0 0 5087.6
0 5 7 8 1 9 10 2
0 966.1 736.4 0.0 0.0 68.3 0.0 521.6 1239.4 836.4 2718.7 0.0 0.0
**********2022-06-05 13:41:48**********
40806.894 40830.808 0.059 124.48 476.859 
0 11
0 0 0 0 0 0 0 0 0 0 0 7087.0 0
0 3 6 12 4
0 0 0 1486.4 80.4 0 432.6 0 0 0 0 0 5087.6
0 5 7 8 1 9 10 2
0 966.1 736.4 0.0 0.0 68.3 0.0 521.6 1239.4 836.4 2718.7 0.0 0.0
**********2022-06-05 13:41:55**********
40807.029 40830.808 0.058 124.48 483.095 
0 11
0 0 0 0 0 0 0 0 0 0 0 7087.0 0
0 3 6 12 4
0 0 0 1486.4 80.4 0 432.6 0 0 0 0 0 5087.6
0 5 7 8 1 9 10 2
0 966.1 736.4 0.0 0.0 68.3 0.0 521.6 1239.4 836.4 2718.7 0.0 0.0
**********2022-06-05 13:42:04**********
40807.061 40830.808 0.058 124.48 492.478 
0 11
0 0 0 0 0 0 0 0 0 0 0 7087.0 0
0 3 6 12 4
0 0 0 1486.4 80.4 0 432.6 0 0 0 0 0 5087.6
0 5 7 8 1 9 10 2
0 966.1 736.4 0.0 0.0 68.3 0.0 521.6 1239.4 836.4 2718.7 0.0 0.0
**********2022-06-05 13:42:12**********
40807.112 40830.808 0.058 124.48 500.299 
0 11
0 0 0 0 0 0 0 0 0 0 0 7087.0 0
0 3 6 12 4
0 0 0 1486.4 80.4 0 432.6 0 0 0 0 0 5087.6
0 5 7 8 1 9 10 2
0 966.1 736.4 0.0 0.0 68.3 0.0 521.6 1239.4 836.4 2718.7 0.0 0.0
**********2022-06-05 13:42:17**********
40807.112 40830.808 0.058 124.48 505.477 
0 11
0 0 0 0 0 0 0 0 0 0 0 7087.0 0
0 3 6 12 4
0 0 0 1486.4 80.4 0 432.6 0 0 0 0 0 5087.6
0 5 7 8 1 9 10 2
0 966.1 736.4 0.0 0.0 68.3 0.0 521.6 1239.4 836.4 2718.7 0.0 0.0
**********2022-06-05 13:42:24**********
40807.178 40830.808 0.058 124.48 512.165 
0 11
0 0 0 0 0 0 0 0 0 0 0 7087.0 0
0 3 6 12 4
0 0 0 1486.4 80.4 0 432.6 0 0 0 0 0 5087.6
0 5 7 8 1 9 10 2
0 966.1 736.4 0.0 0.0 68.3 0.0 521.6 1239.4 836.4 2718.7 0.0 0.0
**********2022-06-05 13:42:30**********
40807.178 40830.808 0.058 124.48 518.858 
0 11
0 0 0 0 0 0 0 0 0 0 0 7087.0 0
0 3 6 12 4
0 0 0 1486.4 80.4 0 432.6 0 0 0 0 0 5087.6
0 5 7 8 1 9 10 2
0 966.1 736.4 0.0 0.0 68.3 0.0 521.6 1239.4 836.4 2718.7 0.0 0.0
**********2022-06-05 13:42:37**********
40807.328 40830.808 0.058 124.48 525.031 
0 11
0 0 0 0 0 0 0 0 0 0 0 7087.0 0
0 3 6 12 4
0 0 0 1486.4 80.4 0 432.6 0 0 0 0 0 5087.6
0 5 7 8 1 9 10 2
0 966.1 736.4 0.0 0.0 68.3 0.0 521.6 1239.4 836.4 2718.7 0.0 0.0
**********2022-06-05 13:42:44**********
40807.33 40830.808 0.058 124.48 532.175 
0 11
0 0 0 0 0 0 0 0 0 0 0 7087.0 0
0 3 6 12 4
0 0 0 1486.4 80.4 0 432.6 0 0 0 0 0 5087.6
0 5 7 8 1 9 10 2
0 966.1 736.4 0.0 0.0 68.3 0.0 521.6 1239.4 836.4 2718.7 0.0 0.0
**********2022-06-05 13:42:50**********
40807.33 40830.808 0.058 124.48 538.216 
0 11
0 0 0 0 0 0 0 0 0 0 0 7087.0 0
0 3 6 12 4
0 0 0 1486.4 80.4 0 432.6 0 0 0 0 0 5087.6
0 5 7 8 1 9 10 2
0 966.1 736.4 0.0 0.0 68.3 0.0 521.6 1239.4 836.4 2718.7 0.0 0.0
**********2022-06-05 13:42:55**********
40807.333 40830.808 0.057 124.48 543.546 
0 11
0 0 0 0 0 0 0 0 0 0 0 7087.0 0
0 3 6 12 4
0 0 0 1486.4 80.4 0 432.6 0 0 0 0 0 5087.6
0 5 7 8 1 9 10 2
0 966.1 736.4 0.0 0.0 68.3 0.0 521.6 1239.4 836.4 2718.7 0.0 0.0
**********2022-06-05 13:43:04**********
40807.333 40830.808 0.057 124.48 552.62 
0 11
0 0 0 0 0 0 0 0 0 0 0 7087.0 0
0 3 6 12 4
0 0 0 1486.4 80.4 0 432.6 0 0 0 0 0 5087.6
0 5 7 8 1 9 10 2
0 966.1 736.4 0.0 0.0 68.3 0.0 521.6 1239.4 836.4 2718.7 0.0 0.0
**********2022-06-05 13:43:15**********
40807.333 40830.808 0.057 124.48 563.189 
0 11
0 0 0 0 0 0 0 0 0 0 0 7087.0 0
0 3 6 12 4
0 0 0 1486.4 80.4 0 432.6 0 0 0 0 0 5087.6
0 5 7 8 1 9 10 2
0 966.1 736.4 0.0 0.0 68.3 0.0 521.6 1239.4 836.4 2718.7 0.0 0.0
**********2022-06-05 13:43:27**********
40807.362 40830.808 0.057 124.48 575.41 
0 11
0 0 0 0 0 0 0 0 0 0 0 7087.0 0
0 3 6 12 4
0 0 0 1486.4 80.4 0 432.6 0 0 0 0 0 5087.6
0 5 7 8 1 9 10 2
0 966.1 736.4 0.0 0.0 68.3 0.0 521.6 1239.4 836.4 2718.7 0.0 0.0
**********2022-06-05 13:43:35**********
40807.381 40830.808 0.057 124.48 583.68 
0 11
0 0 0 0 0 0 0 0 0 0 0 7087.0 0
0 3 6 12 4
0 0 0 1486.4 80.4 0 432.6 0 0 0 0 0 5087.6
0 5 7 8 1 9 10 2
0 966.1 736.4 0.0 0.0 68.3 0.0 521.6 1239.4 836.4 2718.7 0.0 0.0
**********2022-06-05 13:43:41**********
40807.381 40830.808 0.057 124.48 589.644 
0 11
0 0 0 0 0 0 0 0 0 0 0 7087.0 0
0 3 6 12 4
0 0 0 1486.4 80.4 0 432.6 0 0 0 0 0 5087.6
0 5 7 8 1 9 10 2
0 966.1 736.4 0.0 0.0 68.3 0.0 521.6 1239.4 836.4 2718.7 0.0 0.0
**********2022-06-05 13:43:47**********
40807.405 40830.808 0.057 124.48 595.148 
0 11
0 0 0 0 0 0 0 0 0 0 0 7087.0 0
0 3 6 12 4
0 0 0 1486.4 80.4 0 432.6 0 0 0 0 0 5087.6
0 5 7 8 1 9 10 2
0 966.1 736.4 0.0 0.0 68.3 0.0 521.6 1239.4 836.4 2718.7 0.0 0.0
**********2022-06-05 13:43:53**********
40807.488 40826.93 0.048 601.316 601.316 
0 11
0 0 0 0 0 0 0 0 0 0 0 7087.0 0
0 6 12 3 5
0 0 0 1489.0 0 68.3 433.4 0 0 0 0 0 5096.4
0 7 8 1 9 4 10 2
0 964.5 735.2 0.0 80.4 0.0 0.0 520.7 1237.2 835.0 2714.0 0.0 0.0
**********2022-06-05 13:43:59**********
40807.488 40826.93 0.048 601.316 607.682 
0 11
0 0 0 0 0 0 0 0 0 0 0 7087.0 0
0 6 12 3 5
0 0 0 1489.0 0 68.3 433.4 0 0 0 0 0 5096.4
0 7 8 1 9 4 10 2
0 964.5 735.2 0.0 80.4 0.0 0.0 520.7 1237.2 835.0 2714.0 0.0 0.0
**********2022-06-05 13:44:05**********
40807.562 40826.93 0.047 601.316 613.574 
0 11
0 0 0 0 0 0 0 0 0 0 0 7087.0 0
0 6 12 3 5
0 0 0 1489.0 0 68.3 433.4 0 0 0 0 0 5096.4
0 7 8 1 9 4 10 2
0 964.5 735.2 0.0 80.4 0.0 0.0 520.7 1237.2 835.0 2714.0 0.0 0.0
**********2022-06-05 13:44:11**********
40807.564 40826.93 0.047 601.316 619.522 
0 11
0 0 0 0 0 0 0 0 0 0 0 7087.0 0
0 6 12 3 5
0 0 0 1489.0 0 68.3 433.4 0 0 0 0 0 5096.4
0 7 8 1 9 4 10 2
0 964.5 735.2 0.0 80.4 0.0 0.0 520.7 1237.2 835.0 2714.0 0.0 0.0
**********2022-06-05 13:44:16**********
40807.565 40826.93 0.047 601.316 624.925 
0 11
0 0 0 0 0 0 0 0 0 0 0 7087.0 0
0 6 12 3 5
0 0 0 1489.0 0 68.3 433.4 0 0 0 0 0 5096.4
0 7 8 1 9 4 10 2
0 964.5 735.2 0.0 80.4 0.0 0.0 520.7 1237.2 835.0 2714.0 0.0 0.0
**********2022-06-05 13:44:22**********
40807.566 40826.93 0.047 601.316 630.389 
0 11
0 0 0 0 0 0 0 0 0 0 0 7087.0 0
0 6 12 3 5
0 0 0 1489.0 0 68.3 433.4 0 0 0 0 0 5096.4
0 7 8 1 9 4 10 2
0 964.5 735.2 0.0 80.4 0.0 0.0 520.7 1237.2 835.0 2714.0 0.0 0.0
**********2022-06-05 13:44:30**********
40807.73 40826.93 0.047 601.316 638.09 
0 11
0 0 0 0 0 0 0 0 0 0 0 7087.0 0
0 6 12 3 5
0 0 0 1489.0 0 68.3 433.4 0 0 0 0 0 5096.4
0 7 8 1 9 4 10 2
0 964.5 735.2 0.0 80.4 0.0 0.0 520.7 1237.2 835.0 2714.0 0.0 0.0
**********2022-06-05 13:44:34**********
40807.827 40826.93 0.047 601.316 642.904 
0 11
0 0 0 0 0 0 0 0 0 0 0 7087.0 0
0 6 12 3 5
0 0 0 1489.0 0 68.3 433.4 0 0 0 0 0 5096.4
0 7 8 1 9 4 10 2
0 964.5 735.2 0.0 80.4 0.0 0.0 520.7 1237.2 835.0 2714.0 0.0 0.0
**********2022-06-05 13:44:40**********
40807.827 40826.93 0.047 601.316 648.635 
0 11
0 0 0 0 0 0 0 0 0 0 0 7087.0 0
0 6 12 3 5
0 0 0 1489.0 0 68.3 433.4 0 0 0 0 0 5096.4
0 7 8 1 9 4 10 2
0 964.5 735.2 0.0 80.4 0.0 0.0 520.7 1237.2 835.0 2714.0 0.0 0.0
**********2022-06-05 13:44:47**********
40807.915 40826.93 0.047 601.316 655.188 
0 11
0 0 0 0 0 0 0 0 0 0 0 7087.0 0
0 6 12 3 5
0 0 0 1489.0 0 68.3 433.4 0 0 0 0 0 5096.4
0 7 8 1 9 4 10 2
0 964.5 735.2 0.0 80.4 0.0 0.0 520.7 1237.2 835.0 2714.0 0.0 0.0
**********2022-06-05 13:44:52**********
40807.935 40826.93 0.047 601.316 660.709 
0 11
0 0 0 0 0 0 0 0 0 0 0 7087.0 0
0 6 12 3 5
0 0 0 1489.0 0 68.3 433.4 0 0 0 0 0 5096.4
0 7 8 1 9 4 10 2
0 964.5 735.2 0.0 80.4 0.0 0.0 520.7 1237.2 835.0 2714.0 0.0 0.0
**********2022-06-05 13:44:59**********
40807.95 40826.93 0.046 601.316 667.066 
0 11
0 0 0 0 0 0 0 0 0 0 0 7087.0 0
0 6 12 3 5
0 0 0 1489.0 0 68.3 433.4 0 0 0 0 0 5096.4
0 7 8 1 9 4 10 2
0 964.5 735.2 0.0 80.4 0.0 0.0 520.7 1237.2 835.0 2714.0 0.0 0.0
**********2022-06-05 13:45:04**********
40807.95 40826.93 0.046 601.316 672.3 
0 11
0 0 0 0 0 0 0 0 0 0 0 7087.0 0
0 6 12 3 5
0 0 0 1489.0 0 68.3 433.4 0 0 0 0 0 5096.4
0 7 8 1 9 4 10 2
0 964.5 735.2 0.0 80.4 0.0 0.0 520.7 1237.2 835.0 2714.0 0.0 0.0
**********2022-06-05 13:45:06**********
40807.95 40826.93 0.046 601.316 674.241 
0 11
0 0 0 0 0 0 0 0 0 0 0 7087.0 0
0 6 12 3 5
0 0 0 1489.0 0 68.3 433.4 0 0 0 0 0 5096.4
0 7 8 1 9 4 10 2
0 964.5 735.2 0.0 80.4 0.0 0.0 520.7 1237.2 835.0 2714.0 0.0 0.0
**********2022-06-05 13:45:11**********
40807.95 40826.93 0.046 601.316 679.343 
0 11
0 0 0 0 0 0 0 0 0 0 0 7087.0 0
0 6 12 3 5
0 0 0 1489.0 0 68.3 433.4 0 0 0 0 0 5096.4
0 7 8 1 9 4 10 2
0 964.5 735.2 0.0 80.4 0.0 0.0 520.7 1237.2 835.0 2714.0 0.0 0.0
**********2022-06-05 13:45:16**********
40807.964 40826.93 0.046 601.316 684.576 
0 11
0 0 0 0 0 0 0 0 0 0 0 7087.0 0
0 6 12 3 5
0 0 0 1489.0 0 68.3 433.4 0 0 0 0 0 5096.4
0 7 8 1 9 4 10 2
0 964.5 735.2 0.0 80.4 0.0 0.0 520.7 1237.2 835.0 2714.0 0.0 0.0
**********2022-06-05 13:45:24**********
40807.964 40826.93 0.046 601.316 692.75 
0 11
0 0 0 0 0 0 0 0 0 0 0 7087.0 0
0 6 12 3 5
0 0 0 1489.0 0 68.3 433.4 0 0 0 0 0 5096.4
0 7 8 1 9 4 10 2
0 964.5 735.2 0.0 80.4 0.0 0.0 520.7 1237.2 835.0 2714.0 0.0 0.0
**********2022-06-05 13:45:33**********
40807.964 40826.93 0.046 601.316 701.011 
0 11
0 0 0 0 0 0 0 0 0 0 0 7087.0 0
0 6 12 3 5
0 0 0 1489.0 0 68.3 433.4 0 0 0 0 0 5096.4
0 7 8 1 9 4 10 2
0 964.5 735.2 0.0 80.4 0.0 0.0 520.7 1237.2 835.0 2714.0 0.0 0.0
**********2022-06-05 13:45:40**********
40807.964 40826.93 0.046 601.316 708.659 
0 11
0 0 0 0 0 0 0 0 0 0 0 7087.0 0
0 6 12 3 5
0 0 0 1489.0 0 68.3 433.4 0 0 0 0 0 5096.4
0 7 8 1 9 4 10 2
0 964.5 735.2 0.0 80.4 0.0 0.0 520.7 1237.2 835.0 2714.0 0.0 0.0
**********2022-06-05 13:45:49**********
40807.964 40826.93 0.046 601.316 717.631 
0 11
0 0 0 0 0 0 0 0 0 0 0 7087.0 0
0 6 12 3 5
0 0 0 1489.0 0 68.3 433.4 0 0 0 0 0 5096.4
0 7 8 1 9 4 10 2
0 964.5 735.2 0.0 80.4 0.0 0.0 520.7 1237.2 835.0 2714.0 0.0 0.0
**********2022-06-05 13:45:58**********
40807.964 40826.93 0.046 601.316 726.686 
0 11
0 0 0 0 0 0 0 0 0 0 0 7087.0 0
0 6 12 3 5
0 0 0 1489.0 0 68.3 433.4 0 0 0 0 0 5096.4
0 7 8 1 9 4 10 2
0 964.5 735.2 0.0 80.4 0.0 0.0 520.7 1237.2 835.0 2714.0 0.0 0.0
**********2022-06-05 13:46:06**********
40807.964 40826.93 0.046 601.316 734.307 
0 11
0 0 0 0 0 0 0 0 0 0 0 7087.0 0
0 6 12 3 5
0 0 0 1489.0 0 68.3 433.4 0 0 0 0 0 5096.4
0 7 8 1 9 4 10 2
0 964.5 735.2 0.0 80.4 0.0 0.0 520.7 1237.2 835.0 2714.0 0.0 0.0
**********2022-06-05 13:46:14**********
40807.964 40826.93 0.046 601.316 742.796 
0 11
0 0 0 0 0 0 0 0 0 0 0 7087.0 0
0 6 12 3 5
0 0 0 1489.0 0 68.3 433.4 0 0 0 0 0 5096.4
0 7 8 1 9 4 10 2
0 964.5 735.2 0.0 80.4 0.0 0.0 520.7 1237.2 835.0 2714.0 0.0 0.0
**********2022-06-05 13:46:22**********
40807.964 40826.93 0.046 601.316 750.113 
0 11
0 0 0 0 0 0 0 0 0 0 0 7087.0 0
0 6 12 3 5
0 0 0 1489.0 0 68.3 433.4 0 0 0 0 0 5096.4
0 7 8 1 9 4 10 2
0 964.5 735.2 0.0 80.4 0.0 0.0 520.7 1237.2 835.0 2714.0 0.0 0.0
**********2022-06-05 13:46:29**********
40807.964 40826.93 0.046 601.316 757.604 
0 11
0 0 0 0 0 0 0 0 0 0 0 7087.0 0
0 6 12 3 5
0 0 0 1489.0 0 68.3 433.4 0 0 0 0 0 5096.4
0 7 8 1 9 4 10 2
0 964.5 735.2 0.0 80.4 0.0 0.0 520.7 1237.2 835.0 2714.0 0.0 0.0
**********2022-06-05 13:46:38**********
40807.999 40826.93 0.046 601.316 766.23 
0 11
0 0 0 0 0 0 0 0 0 0 0 7087.0 0
0 6 12 3 5
0 0 0 1489.0 0 68.3 433.4 0 0 0 0 0 5096.4
0 7 8 1 9 4 10 2
0 964.5 735.2 0.0 80.4 0.0 0.0 520.7 1237.2 835.0 2714.0 0.0 0.0
**********2022-06-05 13:46:47**********
40808.065 40826.93 0.046 601.316 775.768 
0 11
0 0 0 0 0 0 0 0 0 0 0 7087.0 0
0 6 12 3 5
0 0 0 1489.0 0 68.3 433.4 0 0 0 0 0 5096.4
0 7 8 1 9 4 10 2
0 964.5 735.2 0.0 80.4 0.0 0.0 520.7 1237.2 835.0 2714.0 0.0 0.0
**********2022-06-05 13:46:53**********
40808.074 40826.93 0.046 601.316 781.263 
0 11
0 0 0 0 0 0 0 0 0 0 0 7087.0 0
0 6 12 3 5
0 0 0 1489.0 0 68.3 433.4 0 0 0 0 0 5096.4
0 7 8 1 9 4 10 2
0 964.5 735.2 0.0 80.4 0.0 0.0 520.7 1237.2 835.0 2714.0 0.0 0.0
**********2022-06-05 13:47:01**********
40808.074 40826.93 0.046 601.316 789.022 
0 11
0 0 0 0 0 0 0 0 0 0 0 7087.0 0
0 6 12 3 5
0 0 0 1489.0 0 68.3 433.4 0 0 0 0 0 5096.4
0 7 8 1 9 4 10 2
0 964.5 735.2 0.0 80.4 0.0 0.0 520.7 1237.2 835.0 2714.0 0.0 0.0
**********2022-06-05 13:47:08**********
40808.133 40826.93 0.046 601.316 796.344 
0 11
0 0 0 0 0 0 0 0 0 0 0 7087.0 0
0 6 12 3 5
0 0 0 1489.0 0 68.3 433.4 0 0 0 0 0 5096.4
0 7 8 1 9 4 10 2
0 964.5 735.2 0.0 80.4 0.0 0.0 520.7 1237.2 835.0 2714.0 0.0 0.0
**********2022-06-05 13:47:15**********
40808.172 40826.93 0.046 601.316 803.435 
0 11
0 0 0 0 0 0 0 0 0 0 0 7087.0 0
0 6 12 3 5
0 0 0 1489.0 0 68.3 433.4 0 0 0 0 0 5096.4
0 7 8 1 9 4 10 2
0 964.5 735.2 0.0 80.4 0.0 0.0 520.7 1237.2 835.0 2714.0 0.0 0.0
**********2022-06-05 13:47:25**********
40808.172 40826.93 0.046 601.316 813.382 
0 11
0 0 0 0 0 0 0 0 0 0 0 7087.0 0
0 6 12 3 5
0 0 0 1489.0 0 68.3 433.4 0 0 0 0 0 5096.4
0 7 8 1 9 4 10 2
0 964.5 735.2 0.0 80.4 0.0 0.0 520.7 1237.2 835.0 2714.0 0.0 0.0
**********2022-06-05 13:47:34**********
40808.172 40826.93 0.046 601.316 822.308 
0 11
0 0 0 0 0 0 0 0 0 0 0 7087.0 0
0 6 12 3 5
0 0 0 1489.0 0 68.3 433.4 0 0 0 0 0 5096.4
0 7 8 1 9 4 10 2
0 964.5 735.2 0.0 80.4 0.0 0.0 520.7 1237.2 835.0 2714.0 0.0 0.0
**********2022-06-05 13:47:42**********
40808.172 40818.528 0.025 830.861 830.862 
0 11
0 0 0 0 0 0 0 0 0 0 0 7087.0 0
0 4 12 3 6
0 0 0 1486.4 80.4 0 432.6 0 0 0 0 0 5087.6
0 5 10 1 9 7 8 2
0 966.1 736.4 0.0 0.0 68.3 0.0 521.6 1239.4 836.4 2718.7 0.0 0.0
**********2022-06-05 13:47:51**********
40808.172 40818.528 0.025 830.861 839.539 
0 11
0 0 0 0 0 0 0 0 0 0 0 7087.0 0
0 4 12 3 6
0 0 0 1486.4 80.4 0 432.6 0 0 0 0 0 5087.6
0 5 10 1 9 7 8 2
0 966.1 736.4 0.0 0.0 68.3 0.0 521.6 1239.4 836.4 2718.7 0.0 0.0
**********2022-06-05 13:47:58**********
40808.172 40818.528 0.025 830.861 846.929 
0 11
0 0 0 0 0 0 0 0 0 0 0 7087.0 0
0 4 12 3 6
0 0 0 1486.4 80.4 0 432.6 0 0 0 0 0 5087.6
0 5 10 1 9 7 8 2
0 966.1 736.4 0.0 0.0 68.3 0.0 521.6 1239.4 836.4 2718.7 0.0 0.0
**********2022-06-05 13:48:07**********
40808.175 40818.528 0.025 830.861 855.262 
0 11
0 0 0 0 0 0 0 0 0 0 0 7087.0 0
0 4 12 3 6
0 0 0 1486.4 80.4 0 432.6 0 0 0 0 0 5087.6
0 5 10 1 9 7 8 2
0 966.1 736.4 0.0 0.0 68.3 0.0 521.6 1239.4 836.4 2718.7 0.0 0.0
**********2022-06-05 13:48:11**********
40808.178 40818.528 0.025 830.861 859.528 
0 11
0 0 0 0 0 0 0 0 0 0 0 7087.0 0
0 4 12 3 6
0 0 0 1486.4 80.4 0 432.6 0 0 0 0 0 5087.6
0 5 10 1 9 7 8 2
0 966.1 736.4 0.0 0.0 68.3 0.0 521.6 1239.4 836.4 2718.7 0.0 0.0
**********2022-06-05 13:48:18**********
40808.191 40818.528 0.025 830.861 866.573 
0 11
0 0 0 0 0 0 0 0 0 0 0 7087.0 0
0 4 12 3 6
0 0 0 1486.4 80.4 0 432.6 0 0 0 0 0 5087.6
0 5 10 1 9 7 8 2
0 966.1 736.4 0.0 0.0 68.3 0.0 521.6 1239.4 836.4 2718.7 0.0 0.0
**********2022-06-05 13:48:25**********
40808.195 40818.528 0.025 830.861 873.37 
0 11
0 0 0 0 0 0 0 0 0 0 0 7087.0 0
0 4 12 3 6
0 0 0 1486.4 80.4 0 432.6 0 0 0 0 0 5087.6
0 5 10 1 9 7 8 2
0 966.1 736.4 0.0 0.0 68.3 0.0 521.6 1239.4 836.4 2718.7 0.0 0.0
**********2022-06-05 13:48:33**********
40808.195 40818.528 0.025 830.861 881.281 
0 11
0 0 0 0 0 0 0 0 0 0 0 7087.0 0
0 4 12 3 6
0 0 0 1486.4 80.4 0 432.6 0 0 0 0 0 5087.6
0 5 10 1 9 7 8 2
0 966.1 736.4 0.0 0.0 68.3 0.0 521.6 1239.4 836.4 2718.7 0.0 0.0
**********2022-06-05 13:48:39**********
40808.196 40818.528 0.025 830.861 887.861 
0 11
0 0 0 0 0 0 0 0 0 0 0 7087.0 0
0 4 12 3 6
0 0 0 1486.4 80.4 0 432.6 0 0 0 0 0 5087.6
0 5 10 1 9 7 8 2
0 966.1 736.4 0.0 0.0 68.3 0.0 521.6 1239.4 836.4 2718.7 0.0 0.0
**********2022-06-05 13:48:48**********
40808.241 40818.528 0.025 830.861 896.154 
0 11
0 0 0 0 0 0 0 0 0 0 0 7087.0 0
0 4 12 3 6
0 0 0 1486.4 80.4 0 432.6 0 0 0 0 0 5087.6
0 5 10 1 9 7 8 2
0 966.1 736.4 0.0 0.0 68.3 0.0 521.6 1239.4 836.4 2718.7 0.0 0.0
**********2022-06-05 13:48:57**********
40808.241 40818.528 0.025 830.861 905.002 
0 11
0 0 0 0 0 0 0 0 0 0 0 7087.0 0
0 4 12 3 6
0 0 0 1486.4 80.4 0 432.6 0 0 0 0 0 5087.6
0 5 10 1 9 7 8 2
0 966.1 736.4 0.0 0.0 68.3 0.0 521.6 1239.4 836.4 2718.7 0.0 0.0
**********2022-06-05 13:49:05**********
40808.241 40818.528 0.025 830.861 913.791 
0 11
0 0 0 0 0 0 0 0 0 0 0 7087.0 0
0 4 12 3 6
0 0 0 1486.4 80.4 0 432.6 0 0 0 0 0 5087.6
0 5 10 1 9 7 8 2
0 966.1 736.4 0.0 0.0 68.3 0.0 521.6 1239.4 836.4 2718.7 0.0 0.0
**********2022-06-05 13:49:13**********
40808.358 40818.528 0.025 830.861 921.709 
0 11
0 0 0 0 0 0 0 0 0 0 0 7087.0 0
0 4 12 3 6
0 0 0 1486.4 80.4 0 432.6 0 0 0 0 0 5087.6
0 5 10 1 9 7 8 2
0 966.1 736.4 0.0 0.0 68.3 0.0 521.6 1239.4 836.4 2718.7 0.0 0.0
**********2022-06-05 13:49:18**********
40808.364 40818.528 0.025 830.861 926.858 
0 11
0 0 0 0 0 0 0 0 0 0 0 7087.0 0
0 4 12 3 6
0 0 0 1486.4 80.4 0 432.6 0 0 0 0 0 5087.6
0 5 10 1 9 7 8 2
0 966.1 736.4 0.0 0.0 68.3 0.0 521.6 1239.4 836.4 2718.7 0.0 0.0
**********2022-06-05 13:49:24**********
40808.46 40818.528 0.025 830.861 932.921 
0 11
0 0 0 0 0 0 0 0 0 0 0 7087.0 0
0 4 12 3 6
0 0 0 1486.4 80.4 0 432.6 0 0 0 0 0 5087.6
0 5 10 1 9 7 8 2
0 966.1 736.4 0.0 0.0 68.3 0.0 521.6 1239.4 836.4 2718.7 0.0 0.0
**********2022-06-05 13:49:29**********
40808.488 40818.528 0.025 830.861 937.942 
0 11
0 0 0 0 0 0 0 0 0 0 0 7087.0 0
0 4 12 3 6
0 0 0 1486.4 80.4 0 432.6 0 0 0 0 0 5087.6
0 5 10 1 9 7 8 2
0 966.1 736.4 0.0 0.0 68.3 0.0 521.6 1239.4 836.4 2718.7 0.0 0.0
**********2022-06-05 13:49:34**********
40808.488 40818.528 0.025 830.861 942.804 
0 11
0 0 0 0 0 0 0 0 0 0 0 7087.0 0
0 4 12 3 6
0 0 0 1486.4 80.4 0 432.6 0 0 0 0 0 5087.6
0 5 10 1 9 7 8 2
0 966.1 736.4 0.0 0.0 68.3 0.0 521.6 1239.4 836.4 2718.7 0.0 0.0
**********2022-06-05 13:49:36**********
40808.488 40818.528 0.025 830.861 944.512 
0 11
0 0 0 0 0 0 0 0 0 0 0 7087.0 0
0 4 12 3 6
0 0 0 1486.4 80.4 0 432.6 0 0 0 0 0 5087.6
0 5 10 1 9 7 8 2
0 966.1 736.4 0.0 0.0 68.3 0.0 521.6 1239.4 836.4 2718.7 0.0 0.0
**********2022-06-05 13:49:41**********
40808.488 40818.528 0.025 830.861 949.166 
0 11
0 0 0 0 0 0 0 0 0 0 0 7087.0 0
0 4 12 3 6
0 0 0 1486.4 80.4 0 432.6 0 0 0 0 0 5087.6
0 5 10 1 9 7 8 2
0 966.1 736.4 0.0 0.0 68.3 0.0 521.6 1239.4 836.4 2718.7 0.0 0.0
**********2022-06-05 13:49:42**********
40808.488 40818.528 0.025 830.861 950.863 
0 11
0 0 0 0 0 0 0 0 0 0 0 7087.0 0
0 4 12 3 6
0 0 0 1486.4 80.4 0 432.6 0 0 0 0 0 5087.6
0 5 10 1 9 7 8 2
0 966.1 736.4 0.0 0.0 68.3 0.0 521.6 1239.4 836.4 2718.7 0.0 0.0
**********2022-06-05 13:49:47**********
40808.488 40818.528 0.025 830.861 955.522 
0 11
0 0 0 0 0 0 0 0 0 0 0 7087.0 0
0 4 12 3 6
0 0 0 1486.4 80.4 0 432.6 0 0 0 0 0 5087.6
0 5 10 1 9 7 8 2
0 966.1 736.4 0.0 0.0 68.3 0.0 521.6 1239.4 836.4 2718.7 0.0 0.0
**********2022-06-05 13:49:51**********
40808.493 40818.528 0.025 830.861 959.415 
0 11
0 0 0 0 0 0 0 0 0 0 0 7087.0 0
0 4 12 3 6
0 0 0 1486.4 80.4 0 432.6 0 0 0 0 0 5087.6
0 5 10 1 9 7 8 2
0 966.1 736.4 0.0 0.0 68.3 0.0 521.6 1239.4 836.4 2718.7 0.0 0.0
**********2022-06-05 13:49:56**********
40808.493 40818.528 0.025 830.861 964.527 
0 11
0 0 0 0 0 0 0 0 0 0 0 7087.0 0
0 4 12 3 6
0 0 0 1486.4 80.4 0 432.6 0 0 0 0 0 5087.6
0 5 10 1 9 7 8 2
0 966.1 736.4 0.0 0.0 68.3 0.0 521.6 1239.4 836.4 2718.7 0.0 0.0
**********2022-06-05 13:50:02**********
40808.493 40818.528 0.025 830.861 970.384 
0 11
0 0 0 0 0 0 0 0 0 0 0 7087.0 0
0 4 12 3 6
0 0 0 1486.4 80.4 0 432.6 0 0 0 0 0 5087.6
0 5 10 1 9 7 8 2
0 966.1 736.4 0.0 0.0 68.3 0.0 521.6 1239.4 836.4 2718.7 0.0 0.0
**********2022-06-05 13:50:08**********
40808.493 40818.528 0.025 830.861 976.055 
0 11
0 0 0 0 0 0 0 0 0 0 0 7087.0 0
0 4 12 3 6
0 0 0 1486.4 80.4 0 432.6 0 0 0 0 0 5087.6
0 5 10 1 9 7 8 2
0 966.1 736.4 0.0 0.0 68.3 0.0 521.6 1239.4 836.4 2718.7 0.0 0.0
**********2022-06-05 13:50:13**********
40808.544 40818.528 0.024 830.861 981.966 
0 11
0 0 0 0 0 0 0 0 0 0 0 7087.0 0
0 4 12 3 6
0 0 0 1486.4 80.4 0 432.6 0 0 0 0 0 5087.6
0 5 10 1 9 7 8 2
0 966.1 736.4 0.0 0.0 68.3 0.0 521.6 1239.4 836.4 2718.7 0.0 0.0
**********2022-06-05 13:50:18**********
40808.544 40818.528 0.024 830.861 986.353 
0 11
0 0 0 0 0 0 0 0 0 0 0 7087.0 0
0 4 12 3 6
0 0 0 1486.4 80.4 0 432.6 0 0 0 0 0 5087.6
0 5 10 1 9 7 8 2
0 966.1 736.4 0.0 0.0 68.3 0.0 521.6 1239.4 836.4 2718.7 0.0 0.0
**********2022-06-05 13:50:23**********
40808.572 40818.528 0.024 830.861 991.013 
0 11
0 0 0 0 0 0 0 0 0 0 0 7087.0 0
0 4 12 3 6
0 0 0 1486.4 80.4 0 432.6 0 0 0 0 0 5087.6
0 5 10 1 9 7 8 2
0 966.1 736.4 0.0 0.0 68.3 0.0 521.6 1239.4 836.4 2718.7 0.0 0.0
**********2022-06-05 13:50:28**********
40808.67 40818.528 0.024 830.861 996.311 
0 11
0 0 0 0 0 0 0 0 0 0 0 7087.0 0
0 4 12 3 6
0 0 0 1486.4 80.4 0 432.6 0 0 0 0 0 5087.6
0 5 10 1 9 7 8 2
0 966.1 736.4 0.0 0.0 68.3 0.0 521.6 1239.4 836.4 2718.7 0.0 0.0
**********2022-06-05 13:50:33**********
40808.685 40818.528 0.024 830.861 1001.567 
0 11
0 0 0 0 0 0 0 0 0 0 0 7087.0 0
0 4 12 3 6
0 0 0 1486.4 80.4 0 432.6 0 0 0 0 0 5087.6
0 5 10 1 9 7 8 2
0 966.1 736.4 0.0 0.0 68.3 0.0 521.6 1239.4 836.4 2718.7 0.0 0.0
**********2022-06-05 13:50:42**********
40808.685 40818.528 0.024 830.861 1010.421 
0 11
0 0 0 0 0 0 0 0 0 0 0 7087.0 0
0 4 12 3 6
0 0 0 1486.4 80.4 0 432.6 0 0 0 0 0 5087.6
0 5 10 1 9 7 8 2
0 966.1 736.4 0.0 0.0 68.3 0.0 521.6 1239.4 836.4 2718.7 0.0 0.0
