**********2022-05-24 23:24:24**********
117295.984 117402.424 0.091 13.103 13.104 
0 10
0 0 0 0 0 0 0 0 0 0 6034.0 0 0
0 5 6 12 8 1 9
0 248.1 0 0 0 1942.1 691.9 0 2.7 2141.4 0 0 1007.9
0 2 7 3 4 11
0 0 48.0 1894.0 122.3 0 0 346.4 0 0 0 3623.2 0
**********2022-05-24 23:24:31**********
117295.984 117402.424 0.091 13.103 19.674 
0 10
0 0 0 0 0 0 0 0 0 0 6034.0 0 0
0 5 6 12 8 1 9
0 248.1 0 0 0 1942.1 691.9 0 2.7 2141.4 0 0 1007.9
0 2 7 3 4 11
0 0 48.0 1894.0 122.3 0 0 346.4 0 0 0 3623.2 0
**********2022-05-24 23:24:36**********
117296.1 117355.943 0.051 25.389 25.389 
0 10
0 0 0 0 0 0 0 0 0 0 6034.0 0 0
0 2 12 1 6 9 3
0 248.8 47.8 1884.4 0 0 694.0 0 0 2148.0 0 0 1011.0
0 5 7 4 11 8
0 0 0 0 121.9 1952.0 0 345.4 2.8 0 0 3612.0 0
**********2022-05-24 23:24:43**********
117296.1 117355.943 0.051 25.389 32.243 
0 10
0 0 0 0 0 0 0 0 0 0 6034.0 0 0
0 2 12 1 6 9 3
0 248.8 47.8 1884.4 0 0 694.0 0 0 2148.0 0 0 1011.0
0 5 7 4 11 8
0 0 0 0 121.9 1952.0 0 345.4 2.8 0 0 3612.0 0
**********2022-05-24 23:24:49**********
117296.523 117355.943 0.051 25.389 37.961 
0 10
0 0 0 0 0 0 0 0 0 0 6034.0 0 0
0 2 12 1 6 9 3
0 248.8 47.8 1884.4 0 0 694.0 0 0 2148.0 0 0 1011.0
0 5 7 4 11 8
0 0 0 0 121.9 1952.0 0 345.4 2.8 0 0 3612.0 0
**********2022-05-24 23:24:54**********
117296.538 117355.943 0.051 25.389 43.203 
0 10
0 0 0 0 0 0 0 0 0 0 6034.0 0 0
0 2 12 1 6 9 3
0 248.8 47.8 1884.4 0 0 694.0 0 0 2148.0 0 0 1011.0
0 5 7 4 11 8
0 0 0 0 121.9 1952.0 0 345.4 2.8 0 0 3612.0 0
**********2022-05-24 23:25:02**********
117296.538 117355.943 0.051 25.389 50.626 
0 10
0 0 0 0 0 0 0 0 0 0 6034.0 0 0
0 2 12 1 6 9 3
0 248.8 47.8 1884.4 0 0 694.0 0 0 2148.0 0 0 1011.0
0 5 7 4 11 8
0 0 0 0 121.9 1952.0 0 345.4 2.8 0 0 3612.0 0
**********2022-05-24 23:25:09**********
117296.538 117355.943 0.051 25.389 58.028 
0 10
0 0 0 0 0 0 0 0 0 0 6034.0 0 0
0 2 12 1 6 9 3
0 248.8 47.8 1884.4 0 0 694.0 0 0 2148.0 0 0 1011.0
0 5 7 4 11 8
0 0 0 0 121.9 1952.0 0 345.4 2.8 0 0 3612.0 0
**********2022-05-24 23:25:17**********
117296.538 117355.943 0.051 25.389 65.81 
0 10
0 0 0 0 0 0 0 0 0 0 6034.0 0 0
0 2 12 1 6 9 3
0 248.8 47.8 1884.4 0 0 694.0 0 0 2148.0 0 0 1011.0
0 5 7 4 11 8
0 0 0 0 121.9 1952.0 0 345.4 2.8 0 0 3612.0 0
**********2022-05-24 23:25:23**********
117296.538 117355.943 0.051 25.389 71.913 
0 10
0 0 0 0 0 0 0 0 0 0 6034.0 0 0
0 2 12 1 6 9 3
0 248.8 47.8 1884.4 0 0 694.0 0 0 2148.0 0 0 1011.0
0 5 7 4 11 8
0 0 0 0 121.9 1952.0 0 345.4 2.8 0 0 3612.0 0
**********2022-05-24 23:25:31**********
117296.538 117355.943 0.051 25.389 79.803 
0 10
0 0 0 0 0 0 0 0 0 0 6034.0 0 0
0 2 12 1 6 9 3
0 248.8 47.8 1884.4 0 0 694.0 0 0 2148.0 0 0 1011.0
0 5 7 4 11 8
0 0 0 0 121.9 1952.0 0 345.4 2.8 0 0 3612.0 0
**********2022-05-24 23:25:36**********
117296.538 117355.943 0.051 25.389 84.922 
0 10
0 0 0 0 0 0 0 0 0 0 6034.0 0 0
0 2 12 1 6 9 3
0 248.8 47.8 1884.4 0 0 694.0 0 0 2148.0 0 0 1011.0
0 5 7 4 11 8
0 0 0 0 121.9 1952.0 0 345.4 2.8 0 0 3612.0 0
**********2022-05-24 23:25:42**********
117296.538 117355.943 0.051 25.389 91.272 
0 10
0 0 0 0 0 0 0 0 0 0 6034.0 0 0
0 2 12 1 6 9 3
0 248.8 47.8 1884.4 0 0 694.0 0 0 2148.0 0 0 1011.0
0 5 7 4 11 8
0 0 0 0 121.9 1952.0 0 345.4 2.8 0 0 3612.0 0
**********2022-05-24 23:25:49**********
117296.538 117355.943 0.051 25.389 98.142 
0 10
0 0 0 0 0 0 0 0 0 0 6034.0 0 0
0 2 12 1 6 9 3
0 248.8 47.8 1884.4 0 0 694.0 0 0 2148.0 0 0 1011.0
0 5 7 4 11 8
0 0 0 0 121.9 1952.0 0 345.4 2.8 0 0 3612.0 0
**********2022-05-24 23:25:54**********
117297.19 117355.943 0.05 25.389 103.149 
0 10
0 0 0 0 0 0 0 0 0 0 6034.0 0 0
0 2 12 1 6 9 3
0 248.8 47.8 1884.4 0 0 694.0 0 0 2148.0 0 0 1011.0
0 5 7 4 11 8
0 0 0 0 121.9 1952.0 0 345.4 2.8 0 0 3612.0 0
**********2022-05-24 23:26:00**********
117297.38 117355.208 0.049 108.729 108.729 
0 4 3 12 6 7 5
0 0 0 1893.8 122.3 1957.9 697.5 346.4 0 0 0 0 1016.1
0 8 10
0 0 0 0 0 0 0 0 0.7 0 6033.3 0 0
0 9 1 11 2
0 248.2 47.7 0 0 0 0 0 0 2142.6 0 3595.6 0
**********2022-05-24 23:26:09**********
117297.38 117350.599 0.045 117.741 117.741 
0 10
0 0 0 0 0 0 0 0 0 0 6034.0 0 0
0 1 8 7 5 11
0 244.2 0.0 0.0 0.0 1911.6 0.0 338.2 2.7 0.0 0.0 3537.3 0.0
0 6 12 3 9 4 2
0 0.0 48.8 1924.9 124.3 0.0 709.0 0.0 0.0 2194.3 0.0 0.0 1032.7
**********2022-05-24 23:26:15**********
117297.962 117350.599 0.045 117.741 123.555 
0 10
0 0 0 0 0 0 0 0 0 0 6034.0 0 0
0 1 8 7 5 11
0 244.2 0.0 0.0 0.0 1911.6 0.0 338.2 2.7 0.0 0.0 3537.3 0.0
0 6 12 3 9 4 2
0 0.0 48.8 1924.9 124.3 0.0 709.0 0.0 0.0 2194.3 0.0 0.0 1032.7
**********2022-05-24 23:26:20**********
117297.962 117350.599 0.045 117.741 129.344 
0 10
0 0 0 0 0 0 0 0 0 0 6034.0 0 0
0 1 8 7 5 11
0 244.2 0.0 0.0 0.0 1911.6 0.0 338.2 2.7 0.0 0.0 3537.3 0.0
0 6 12 3 9 4 2
0 0.0 48.8 1924.9 124.3 0.0 709.0 0.0 0.0 2194.3 0.0 0.0 1032.7
**********2022-05-24 23:26:26**********
117297.962 117350.599 0.045 117.741 135.352 
0 10
0 0 0 0 0 0 0 0 0 0 6034.0 0 0
0 1 8 7 5 11
0 244.2 0.0 0.0 0.0 1911.6 0.0 338.2 2.7 0.0 0.0 3537.3 0.0
0 6 12 3 9 4 2
0 0.0 48.8 1924.9 124.3 0.0 709.0 0.0 0.0 2194.3 0.0 0.0 1032.7
**********2022-05-24 23:26:32**********
117297.962 117345.655 0.041 141.408 141.408 
0 8 10
0 0 0 0 0 0 0 0 0.7 0 6033.3 0 0
0 4 3 12 6 7 5
0 0 0 1893.8 122.3 1957.9 697.5 346.4 0 0 0 0 1016.1
0 1 9 11 2
0 248.2 47.7 0 0 0 0 0 0 2142.6 0 3595.6 0
**********2022-05-24 23:26:37**********
117297.99 117345.655 0.041 141.408 145.76 
0 8 10
0 0 0 0 0 0 0 0 0.7 0 6033.3 0 0
0 4 3 12 6 7 5
0 0 0 1893.8 122.3 1957.9 697.5 346.4 0 0 0 0 1016.1
0 1 9 11 2
0 248.2 47.7 0 0 0 0 0 0 2142.6 0 3595.6 0
**********2022-05-24 23:26:43**********
117297.99 117345.655 0.041 141.408 151.661 
0 8 10
0 0 0 0 0 0 0 0 0.7 0 6033.3 0 0
0 4 3 12 6 7 5
0 0 0 1893.8 122.3 1957.9 697.5 346.4 0 0 0 0 1016.1
0 1 9 11 2
0 248.2 47.7 0 0 0 0 0 0 2142.6 0 3595.6 0
**********2022-05-24 23:26:50**********
117297.99 117345.655 0.041 141.408 159.126 
0 8 10
0 0 0 0 0 0 0 0 0.7 0 6033.3 0 0
0 4 3 12 6 7 5
0 0 0 1893.8 122.3 1957.9 697.5 346.4 0 0 0 0 1016.1
0 1 9 11 2
0 248.2 47.7 0 0 0 0 0 0 2142.6 0 3595.6 0
**********2022-05-24 23:26:56**********
117297.99 117345.655 0.041 141.408 164.911 
0 8 10
0 0 0 0 0 0 0 0 0.7 0 6033.3 0 0
0 4 3 12 6 7 5
0 0 0 1893.8 122.3 1957.9 697.5 346.4 0 0 0 0 1016.1
0 1 9 11 2
0 248.2 47.7 0 0 0 0 0 0 2142.6 0 3595.6 0
**********2022-05-24 23:27:03**********
117297.99 117345.655 0.041 141.408 171.659 
0 8 10
0 0 0 0 0 0 0 0 0.7 0 6033.3 0 0
0 4 3 12 6 7 5
0 0 0 1893.8 122.3 1957.9 697.5 346.4 0 0 0 0 1016.1
0 1 9 11 2
0 248.2 47.7 0 0 0 0 0 0 2142.6 0 3595.6 0
**********2022-05-24 23:27:08**********
117297.99 117345.655 0.041 141.408 177.328 
0 8 10
0 0 0 0 0 0 0 0 0.7 0 6033.3 0 0
0 4 3 12 6 7 5
0 0 0 1893.8 122.3 1957.9 697.5 346.4 0 0 0 0 1016.1
0 1 9 11 2
0 248.2 47.7 0 0 0 0 0 0 2142.6 0 3595.6 0
**********2022-05-24 23:27:12**********
117298.144 117345.655 0.04 141.408 181.206 
0 8 10
0 0 0 0 0 0 0 0 0.7 0 6033.3 0 0
0 4 3 12 6 7 5
0 0 0 1893.8 122.3 1957.9 697.5 346.4 0 0 0 0 1016.1
0 1 9 11 2
0 248.2 47.7 0 0 0 0 0 0 2142.6 0 3595.6 0
**********2022-05-24 23:27:18**********
117298.144 117345.655 0.04 141.408 187.245 
0 8 10
0 0 0 0 0 0 0 0 0.7 0 6033.3 0 0
0 4 3 12 6 7 5
0 0 0 1893.8 122.3 1957.9 697.5 346.4 0 0 0 0 1016.1
0 1 9 11 2
0 248.2 47.7 0 0 0 0 0 0 2142.6 0 3595.6 0
**********2022-05-24 23:27:24**********
117298.167 117345.655 0.04 141.408 192.503 
0 8 10
0 0 0 0 0 0 0 0 0.7 0 6033.3 0 0
0 4 3 12 6 7 5
0 0 0 1893.8 122.3 1957.9 697.5 346.4 0 0 0 0 1016.1
0 1 9 11 2
0 248.2 47.7 0 0 0 0 0 0 2142.6 0 3595.6 0
**********2022-05-24 23:27:32**********
117298.167 117345.655 0.04 141.408 200.75 
0 8 10
0 0 0 0 0 0 0 0 0.7 0 6033.3 0 0
0 4 3 12 6 7 5
0 0 0 1893.8 122.3 1957.9 697.5 346.4 0 0 0 0 1016.1
0 1 9 11 2
0 248.2 47.7 0 0 0 0 0 0 2142.6 0 3595.6 0
**********2022-05-24 23:27:38**********
117298.167 117345.655 0.04 141.408 207.041 
0 8 10
0 0 0 0 0 0 0 0 0.7 0 6033.3 0 0
0 4 3 12 6 7 5
0 0 0 1893.8 122.3 1957.9 697.5 346.4 0 0 0 0 1016.1
0 1 9 11 2
0 248.2 47.7 0 0 0 0 0 0 2142.6 0 3595.6 0
**********2022-05-24 23:27:46**********
117298.167 117311.891 0.012 214.996 214.996 
0 10
0 0 0 0 0 0 0 0 0 0 6034.0 0 0
0 6 12 1 9 3 2
0 248.8 47.8 1884.4 0.0 0.0 694.0 0.0 0.0 2148.0 0.0 0.0 1011.0
0 4 8 7 5 11
0 0.0 0.0 0.0 121.9 1952.0 0.0 345.4 2.8 0.0 0.0 3612.0 0.0
**********2022-05-24 23:27:54**********
117298.167 117311.891 0.012 214.996 223.144 
0 10
0 0 0 0 0 0 0 0 0 0 6034.0 0 0
0 6 12 1 9 3 2
0 248.8 47.8 1884.4 0.0 0.0 694.0 0.0 0.0 2148.0 0.0 0.0 1011.0
0 4 8 7 5 11
0 0.0 0.0 0.0 121.9 1952.0 0.0 345.4 2.8 0.0 0.0 3612.0 0.0
**********2022-05-24 23:28:01**********
117298.313 117301.412 0.003 230.146 230.147 
0 10
0 0 0 0 0 0 0 0 0 0 6034.0 0 0
0 3 12 6 1 9 2
0 248.8 47.8 1884.4 0.0 0.0 694.0 0.0 0.0 2148.0 0.0 0.0 1011.0
0 4 8 7 5 11
0 0.0 0.0 0.0 121.9 1952.0 0.0 345.4 2.8 0.0 0.0 3612.0 0.0
**********2024-02-15 00:11:20**********
117295.984 117324.433 0.024 21.177 21.191 1 138.0 
0 10
0 0 0 0 0 0 0 0 0 0 6034.0 0 0
0 8 4 7 5 11
0 0 0 0 121.9 1952.0 0 345.4 2.8 0 0 3612.0 0
0 3 9 1 6 12 2
0 248.8 47.8 1884.4 0.0 0.0 694.0 0.0 0.0 2148.0 0.0 0.0 1011.0
**********2024-02-15 00:11:30**********
117295.984 117324.433 0.024 21.177 31.856 3 138.0 
0 10
0 0 0 0 0 0 0 0 0 0 6034.0 0 0
0 8 4 7 5 11
0 0 0 0 121.9 1952.0 0 345.4 2.8 0 0 3612.0 0
0 3 9 1 6 12 2
0 248.8 47.8 1884.4 0.0 0.0 694.0 0.0 0.0 2148.0 0.0 0.0 1011.0
**********2024-02-15 00:11:40**********
117295.984 117324.433 0.024 21.177 42.005 5 138.667 
0 10
0 0 0 0 0 0 0 0 0 0 6034.0 0 0
0 8 4 7 5 11
0 0 0 0 121.9 1952.0 0 345.4 2.8 0 0 3612.0 0
0 3 9 1 6 12 2
0 248.8 47.8 1884.4 0.0 0.0 694.0 0.0 0.0 2148.0 0.0 0.0 1011.0
**********2024-02-15 00:11:53**********
117296.1 117324.433 0.024 21.177 54.045 7 139.75 
0 10
0 0 0 0 0 0 0 0 0 0 6034.0 0 0
0 8 4 7 5 11
0 0 0 0 121.9 1952.0 0 345.4 2.8 0 0 3612.0 0
0 3 9 1 6 12 2
0 248.8 47.8 1884.4 0.0 0.0 694.0 0.0 0.0 2148.0 0.0 0.0 1011.0
**********2024-02-15 00:12:03**********
117296.1 117324.433 0.024 21.177 64.579 9 139.4 
0 10
0 0 0 0 0 0 0 0 0 0 6034.0 0 0
0 8 4 7 5 11
0 0 0 0 121.9 1952.0 0 345.4 2.8 0 0 3612.0 0
0 3 9 1 6 12 2
0 248.8 47.8 1884.4 0.0 0.0 694.0 0.0 0.0 2148.0 0.0 0.0 1011.0
**********2024-02-15 00:12:12**********
117296.532 117324.433 0.024 21.177 73.349 11 138.5 
0 10
0 0 0 0 0 0 0 0 0 0 6034.0 0 0
0 8 4 7 5 11
0 0 0 0 121.9 1952.0 0 345.4 2.8 0 0 3612.0 0
0 3 9 1 6 12 2
0 248.8 47.8 1884.4 0.0 0.0 694.0 0.0 0.0 2148.0 0.0 0.0 1011.0
**********2024-02-15 00:12:21**********
117296.538 117324.433 0.024 21.177 82.652 13 137.286 
0 10
0 0 0 0 0 0 0 0 0 0 6034.0 0 0
0 8 4 7 5 11
0 0 0 0 121.9 1952.0 0 345.4 2.8 0 0 3612.0 0
0 3 9 1 6 12 2
0 248.8 47.8 1884.4 0.0 0.0 694.0 0.0 0.0 2148.0 0.0 0.0 1011.0
**********2024-02-15 00:12:30**********
117296.538 117324.433 0.024 21.177 91.934 15 134.5 
0 10
0 0 0 0 0 0 0 0 0 0 6034.0 0 0
0 8 4 7 5 11
0 0 0 0 121.9 1952.0 0 345.4 2.8 0 0 3612.0 0
0 3 9 1 6 12 2
0 248.8 47.8 1884.4 0.0 0.0 694.0 0.0 0.0 2148.0 0.0 0.0 1011.0
**********2024-02-15 00:12:39**********
117296.538 117324.433 0.024 21.177 100.823 17 132.222 
0 10
0 0 0 0 0 0 0 0 0 0 6034.0 0 0
0 8 4 7 5 11
0 0 0 0 121.9 1952.0 0 345.4 2.8 0 0 3612.0 0
0 3 9 1 6 12 2
0 248.8 47.8 1884.4 0.0 0.0 694.0 0.0 0.0 2148.0 0.0 0.0 1011.0
**********2024-02-15 00:12:49**********
117296.538 117324.433 0.024 21.177 110.807 19 130.5 
0 10
0 0 0 0 0 0 0 0 0 0 6034.0 0 0
0 8 4 7 5 11
0 0 0 0 121.9 1952.0 0 345.4 2.8 0 0 3612.0 0
0 3 9 1 6 12 2
0 248.8 47.8 1884.4 0.0 0.0 694.0 0.0 0.0 2148.0 0.0 0.0 1011.0
**********2024-02-15 00:12:58**********
117296.538 117324.433 0.024 21.177 119.702 21 129.091 
0 10
0 0 0 0 0 0 0 0 0 0 6034.0 0 0
0 8 4 7 5 11
0 0 0 0 121.9 1952.0 0 345.4 2.8 0 0 3612.0 0
0 3 9 1 6 12 2
0 248.8 47.8 1884.4 0.0 0.0 694.0 0.0 0.0 2148.0 0.0 0.0 1011.0
**********2024-02-15 00:13:07**********
117296.538 117324.433 0.024 21.177 128.621 23 127.667 
0 10
0 0 0 0 0 0 0 0 0 0 6034.0 0 0
0 8 4 7 5 11
0 0 0 0 121.9 1952.0 0 345.4 2.8 0 0 3612.0 0
0 3 9 1 6 12 2
0 248.8 47.8 1884.4 0.0 0.0 694.0 0.0 0.0 2148.0 0.0 0.0 1011.0
**********2024-02-15 00:13:16**********
117296.538 117324.433 0.024 21.177 138.037 25 126.385 
0 10
0 0 0 0 0 0 0 0 0 0 6034.0 0 0
0 8 4 7 5 11
0 0 0 0 121.9 1952.0 0 345.4 2.8 0 0 3612.0 0
0 3 9 1 6 12 2
0 248.8 47.8 1884.4 0.0 0.0 694.0 0.0 0.0 2148.0 0.0 0.0 1011.0
**********2024-02-15 00:13:26**********
117296.538 117324.433 0.024 21.177 147.254 27 125.0 
0 10
0 0 0 0 0 0 0 0 0 0 6034.0 0 0
0 8 4 7 5 11
0 0 0 0 121.9 1952.0 0 345.4 2.8 0 0 3612.0 0
0 3 9 1 6 12 2
0 248.8 47.8 1884.4 0.0 0.0 694.0 0.0 0.0 2148.0 0.0 0.0 1011.0
**********2024-02-15 00:13:35**********
117297.38 117324.433 0.023 21.177 156.233 29 123.733 
0 10
0 0 0 0 0 0 0 0 0 0 6034.0 0 0
0 8 4 7 5 11
0 0 0 0 121.9 1952.0 0 345.4 2.8 0 0 3612.0 0
0 3 9 1 6 12 2
0 248.8 47.8 1884.4 0.0 0.0 694.0 0.0 0.0 2148.0 0.0 0.0 1011.0
**********2024-02-15 00:13:46**********
117297.38 117324.433 0.023 21.177 167.43 31 122.688 
0 10
0 0 0 0 0 0 0 0 0 0 6034.0 0 0
0 8 4 7 5 11
0 0 0 0 121.9 1952.0 0 345.4 2.8 0 0 3612.0 0
0 3 9 1 6 12 2
0 248.8 47.8 1884.4 0.0 0.0 694.0 0.0 0.0 2148.0 0.0 0.0 1011.0
**********2024-02-15 00:13:59**********
117297.677 117299.72 0.002 180.075 180.075 33 121.824 
0 10
0 0 0 0 0 0 0 0 0 0 6034.0 0 0
0 3 9 1 6 12 2
0 248.8 47.8 1884.4 0.0 0.0 694.0 0.0 0.0 2148.0 0.0 0.0 1011.0
0 4 8 7 5 11
0 0.0 0.0 0.0 121.9 1952.0 0.0 345.4 2.8 0.0 0.0 3612.0 0.0
