**********2022-05-26 12:29:30**********
53442.439 53490.841 0.09 53490.781 53490.781 
0 12 4 3 7 9
0 0 0 1011.5 617.9 0 0 167.9 0 290.4 0 0 786.4
0 1 5 6 8 10
0 64.5 0 0 0 142.8 1108.7 0 281.6 0 1276.3 0 0
0 2 11
0 0.0 1.2 0.0 0.0 0.0 0.0 0.0 0.0 0.0 0.0 2872.8 0.0
**********2022-06-07 09:52:54**********
53437.293 53442.878 0.01 48.195 48.195 
0 2 11
0 0.0 1.2 0.0 0.0 0.0 0.0 0.0 0.0 0.0 0.0 2872.8 0.0
0 9 5 4 3 12
0 0 0 1021.3 623.9 141.7 0 0 0 293.2 0 0 794.0
0 10 7 8 6 1
0 63.9 0.0 0.0 0.0 0.0 1098.0 169.2 278.9 0.0 1263.9 0.0 0.0
**********2022-06-07 09:53:17**********
53437.305 53442.878 0.01 48.195 71.897 
0 2 11
0 0.0 1.2 0.0 0.0 0.0 0.0 0.0 0.0 0.0 0.0 2872.8 0.0
0 9 5 4 3 12
0 0 0 1021.3 623.9 141.7 0 0 0 293.2 0 0 794.0
0 10 7 8 6 1
0 63.9 0.0 0.0 0.0 0.0 1098.0 169.2 278.9 0.0 1263.9 0.0 0.0
**********2022-06-07 09:53:37**********
53437.323 53442.878 0.01 48.195 91.501 
0 2 11
0 0.0 1.2 0.0 0.0 0.0 0.0 0.0 0.0 0.0 0.0 2872.8 0.0
0 9 5 4 3 12
0 0 0 1021.3 623.9 141.7 0 0 0 293.2 0 0 794.0
0 10 7 8 6 1
0 63.9 0.0 0.0 0.0 0.0 1098.0 169.2 278.9 0.0 1263.9 0.0 0.0
**********2022-06-07 09:54:02**********
53437.325 53442.878 0.01 48.195 116.673 
0 2 11
0 0.0 1.2 0.0 0.0 0.0 0.0 0.0 0.0 0.0 0.0 2872.8 0.0
0 9 5 4 3 12
0 0 0 1021.3 623.9 141.7 0 0 0 293.2 0 0 794.0
0 10 7 8 6 1
0 63.9 0.0 0.0 0.0 0.0 1098.0 169.2 278.9 0.0 1263.9 0.0 0.0
**********2022-06-07 09:54:22**********
53437.335 53442.878 0.01 48.195 136.737 
0 2 11
0 0.0 1.2 0.0 0.0 0.0 0.0 0.0 0.0 0.0 0.0 2872.8 0.0
0 9 5 4 3 12
0 0 0 1021.3 623.9 141.7 0 0 0 293.2 0 0 794.0
0 10 7 8 6 1
0 63.9 0.0 0.0 0.0 0.0 1098.0 169.2 278.9 0.0 1263.9 0.0 0.0
**********2022-06-07 09:54:39**********
53437.385 53442.878 0.01 48.195 153.708 
0 2 11
0 0.0 1.2 0.0 0.0 0.0 0.0 0.0 0.0 0.0 0.0 2872.8 0.0
0 9 5 4 3 12
0 0 0 1021.3 623.9 141.7 0 0 0 293.2 0 0 794.0
0 10 7 8 6 1
0 63.9 0.0 0.0 0.0 0.0 1098.0 169.2 278.9 0.0 1263.9 0.0 0.0
**********2022-06-07 09:54:54**********
53437.43 53442.878 0.01 48.195 168.605 
0 2 11
0 0.0 1.2 0.0 0.0 0.0 0.0 0.0 0.0 0.0 0.0 2872.8 0.0
0 9 5 4 3 12
0 0 0 1021.3 623.9 141.7 0 0 0 293.2 0 0 794.0
0 10 7 8 6 1
0 63.9 0.0 0.0 0.0 0.0 1098.0 169.2 278.9 0.0 1263.9 0.0 0.0
**********2022-06-07 09:55:09**********
53437.434 53442.878 0.01 48.195 183.732 
0 2 11
0 0.0 1.2 0.0 0.0 0.0 0.0 0.0 0.0 0.0 0.0 2872.8 0.0
0 9 5 4 3 12
0 0 0 1021.3 623.9 141.7 0 0 0 293.2 0 0 794.0
0 10 7 8 6 1
0 63.9 0.0 0.0 0.0 0.0 1098.0 169.2 278.9 0.0 1263.9 0.0 0.0
**********2022-06-07 09:55:27**********
53437.573 53442.878 0.01 48.195 201.275 
0 2 11
0 0.0 1.2 0.0 0.0 0.0 0.0 0.0 0.0 0.0 0.0 2872.8 0.0
0 9 5 4 3 12
0 0 0 1021.3 623.9 141.7 0 0 0 293.2 0 0 794.0
0 10 7 8 6 1
0 63.9 0.0 0.0 0.0 0.0 1098.0 169.2 278.9 0.0 1263.9 0.0 0.0
**********2022-06-07 09:55:39**********
53437.582 53442.878 0.01 48.195 213.878 
0 2 11
0 0.0 1.2 0.0 0.0 0.0 0.0 0.0 0.0 0.0 0.0 2872.8 0.0
0 9 5 4 3 12
0 0 0 1021.3 623.9 141.7 0 0 0 293.2 0 0 794.0
0 10 7 8 6 1
0 63.9 0.0 0.0 0.0 0.0 1098.0 169.2 278.9 0.0 1263.9 0.0 0.0
**********2022-06-07 09:55:51**********
53437.583 53442.878 0.01 48.195 224.923 
0 2 11
0 0.0 1.2 0.0 0.0 0.0 0.0 0.0 0.0 0.0 0.0 2872.8 0.0
0 9 5 4 3 12
0 0 0 1021.3 623.9 141.7 0 0 0 293.2 0 0 794.0
0 10 7 8 6 1
0 63.9 0.0 0.0 0.0 0.0 1098.0 169.2 278.9 0.0 1263.9 0.0 0.0
**********2022-06-07 09:56:00**********
53437.584 53442.878 0.01 48.195 234.541 
0 2 11
0 0.0 1.2 0.0 0.0 0.0 0.0 0.0 0.0 0.0 0.0 2872.8 0.0
0 9 5 4 3 12
0 0 0 1021.3 623.9 141.7 0 0 0 293.2 0 0 794.0
0 10 7 8 6 1
0 63.9 0.0 0.0 0.0 0.0 1098.0 169.2 278.9 0.0 1263.9 0.0 0.0
**********2022-06-07 09:56:13**********
53437.623 53442.878 0.01 48.195 247.377 
0 2 11
0 0.0 1.2 0.0 0.0 0.0 0.0 0.0 0.0 0.0 0.0 2872.8 0.0
0 9 5 4 3 12
0 0 0 1021.3 623.9 141.7 0 0 0 293.2 0 0 794.0
0 10 7 8 6 1
0 63.9 0.0 0.0 0.0 0.0 1098.0 169.2 278.9 0.0 1263.9 0.0 0.0
**********2022-06-07 09:56:27**********
53437.641 53442.878 0.01 48.195 261.376 
0 2 11
0 0.0 1.2 0.0 0.0 0.0 0.0 0.0 0.0 0.0 0.0 2872.8 0.0
0 9 5 4 3 12
0 0 0 1021.3 623.9 141.7 0 0 0 293.2 0 0 794.0
0 10 7 8 6 1
0 63.9 0.0 0.0 0.0 0.0 1098.0 169.2 278.9 0.0 1263.9 0.0 0.0
**********2022-06-07 09:56:36**********
53437.652 53442.878 0.01 48.195 270.751 
0 2 11
0 0.0 1.2 0.0 0.0 0.0 0.0 0.0 0.0 0.0 0.0 2872.8 0.0
0 9 5 4 3 12
0 0 0 1021.3 623.9 141.7 0 0 0 293.2 0 0 794.0
0 10 7 8 6 1
0 63.9 0.0 0.0 0.0 0.0 1098.0 169.2 278.9 0.0 1263.9 0.0 0.0
**********2022-06-07 09:56:48**********
53437.653 53442.878 0.01 48.195 282.001 
0 2 11
0 0.0 1.2 0.0 0.0 0.0 0.0 0.0 0.0 0.0 0.0 2872.8 0.0
0 9 5 4 3 12
0 0 0 1021.3 623.9 141.7 0 0 0 293.2 0 0 794.0
0 10 7 8 6 1
0 63.9 0.0 0.0 0.0 0.0 1098.0 169.2 278.9 0.0 1263.9 0.0 0.0
**********2022-06-07 09:56:55**********
53437.66 53442.878 0.01 48.195 289.663 
0 2 11
0 0.0 1.2 0.0 0.0 0.0 0.0 0.0 0.0 0.0 0.0 2872.8 0.0
0 9 5 4 3 12
0 0 0 1021.3 623.9 141.7 0 0 0 293.2 0 0 794.0
0 10 7 8 6 1
0 63.9 0.0 0.0 0.0 0.0 1098.0 169.2 278.9 0.0 1263.9 0.0 0.0
**********2022-06-07 09:57:07**********
53437.671 53442.878 0.01 48.195 301.193 
0 2 11
0 0.0 1.2 0.0 0.0 0.0 0.0 0.0 0.0 0.0 0.0 2872.8 0.0
0 9 5 4 3 12
0 0 0 1021.3 623.9 141.7 0 0 0 293.2 0 0 794.0
0 10 7 8 6 1
0 63.9 0.0 0.0 0.0 0.0 1098.0 169.2 278.9 0.0 1263.9 0.0 0.0
**********2022-06-07 09:57:17**********
53437.675 53442.878 0.01 48.195 311.534 
0 2 11
0 0.0 1.2 0.0 0.0 0.0 0.0 0.0 0.0 0.0 0.0 2872.8 0.0
0 9 5 4 3 12
0 0 0 1021.3 623.9 141.7 0 0 0 293.2 0 0 794.0
0 10 7 8 6 1
0 63.9 0.0 0.0 0.0 0.0 1098.0 169.2 278.9 0.0 1263.9 0.0 0.0
**********2022-06-07 09:57:30**********
53437.678 53442.878 0.01 48.195 324.04 
0 2 11
0 0.0 1.2 0.0 0.0 0.0 0.0 0.0 0.0 0.0 0.0 2872.8 0.0
0 9 5 4 3 12
0 0 0 1021.3 623.9 141.7 0 0 0 293.2 0 0 794.0
0 10 7 8 6 1
0 63.9 0.0 0.0 0.0 0.0 1098.0 169.2 278.9 0.0 1263.9 0.0 0.0
**********2022-06-07 09:57:41**********
53437.709 53442.878 0.01 48.195 335.771 
0 2 11
0 0.0 1.2 0.0 0.0 0.0 0.0 0.0 0.0 0.0 0.0 2872.8 0.0
0 9 5 4 3 12
0 0 0 1021.3 623.9 141.7 0 0 0 293.2 0 0 794.0
0 10 7 8 6 1
0 63.9 0.0 0.0 0.0 0.0 1098.0 169.2 278.9 0.0 1263.9 0.0 0.0
**********2022-06-07 09:57:55**********
53437.717 53442.878 0.01 48.195 349.859 
0 2 11
0 0.0 1.2 0.0 0.0 0.0 0.0 0.0 0.0 0.0 0.0 2872.8 0.0
0 9 5 4 3 12
0 0 0 1021.3 623.9 141.7 0 0 0 293.2 0 0 794.0
0 10 7 8 6 1
0 63.9 0.0 0.0 0.0 0.0 1098.0 169.2 278.9 0.0 1263.9 0.0 0.0
**********2022-06-07 09:58:09**********
53437.724 53442.878 0.01 48.195 363.674 
0 2 11
0 0.0 1.2 0.0 0.0 0.0 0.0 0.0 0.0 0.0 0.0 2872.8 0.0
0 9 5 4 3 12
0 0 0 1021.3 623.9 141.7 0 0 0 293.2 0 0 794.0
0 10 7 8 6 1
0 63.9 0.0 0.0 0.0 0.0 1098.0 169.2 278.9 0.0 1263.9 0.0 0.0
**********2022-06-07 09:58:24**********
53437.726 53442.878 0.01 48.195 378.027 
0 2 11
0 0.0 1.2 0.0 0.0 0.0 0.0 0.0 0.0 0.0 0.0 2872.8 0.0
0 9 5 4 3 12
0 0 0 1021.3 623.9 141.7 0 0 0 293.2 0 0 794.0
0 10 7 8 6 1
0 63.9 0.0 0.0 0.0 0.0 1098.0 169.2 278.9 0.0 1263.9 0.0 0.0
**********2022-06-07 09:58:31**********
53437.778 53442.878 0.01 48.195 385.427 
0 2 11
0 0.0 1.2 0.0 0.0 0.0 0.0 0.0 0.0 0.0 0.0 2872.8 0.0
0 9 5 4 3 12
0 0 0 1021.3 623.9 141.7 0 0 0 293.2 0 0 794.0
0 10 7 8 6 1
0 63.9 0.0 0.0 0.0 0.0 1098.0 169.2 278.9 0.0 1263.9 0.0 0.0
**********2022-06-07 09:58:39**********
53437.788 53442.878 0.01 48.195 393.548 
0 2 11
0 0.0 1.2 0.0 0.0 0.0 0.0 0.0 0.0 0.0 0.0 2872.8 0.0
0 9 5 4 3 12
0 0 0 1021.3 623.9 141.7 0 0 0 293.2 0 0 794.0
0 10 7 8 6 1
0 63.9 0.0 0.0 0.0 0.0 1098.0 169.2 278.9 0.0 1263.9 0.0 0.0
**********2022-06-07 09:58:50**********
53437.789 53442.878 0.01 48.195 404.634 
0 2 11
0 0.0 1.2 0.0 0.0 0.0 0.0 0.0 0.0 0.0 0.0 2872.8 0.0
0 9 5 4 3 12
0 0 0 1021.3 623.9 141.7 0 0 0 293.2 0 0 794.0
0 10 7 8 6 1
0 63.9 0.0 0.0 0.0 0.0 1098.0 169.2 278.9 0.0 1263.9 0.0 0.0
**********2022-06-07 09:59:05**********
53437.806 53442.878 0.009 48.195 419.179 
0 2 11
0 0.0 1.2 0.0 0.0 0.0 0.0 0.0 0.0 0.0 0.0 2872.8 0.0
0 9 5 4 3 12
0 0 0 1021.3 623.9 141.7 0 0 0 293.2 0 0 794.0
0 10 7 8 6 1
0 63.9 0.0 0.0 0.0 0.0 1098.0 169.2 278.9 0.0 1263.9 0.0 0.0
**********2024-01-31 01:14:22**********
53437.293 53477.556 0.075 47.687 47.687 
0 12 8 4 3 7
0 0 0 1016.3 620.8 0 0 168.7 278.0 0 0 0 790.1
0 2 11
0 0.0 1.2 0.0 0.0 0.0 0.0 0.0 0.0 0.0 0.0 2872.8 0.0
0 9 1 5 6 10
0 64.2 0.0 0.0 0.0 142.1 1103.4 0.0 0.0 294.1 1270.1 0.0 0.0
**********2024-01-31 01:14:51**********
53437.305 53477.556 0.075 47.687 76.797 
0 12 8 4 3 7
0 0 0 1016.3 620.8 0 0 168.7 278.0 0 0 0 790.1
0 2 11
0 0.0 1.2 0.0 0.0 0.0 0.0 0.0 0.0 0.0 0.0 2872.8 0.0
0 9 1 5 6 10
0 64.2 0.0 0.0 0.0 142.1 1103.4 0.0 0.0 294.1 1270.1 0.0 0.0
**********2024-01-31 01:15:18**********
53437.323 53477.556 0.075 103.104 103.104 
0 12 8 4 3 7
0 0 0 1016.3 620.8 0 0 168.7 278.0 0 0 0 790.1
0 2 11
0 0.0 1.2 0.0 0.0 0.0 0.0 0.0 0.0 0.0 0.0 2872.8 0.0
0 9 1 5 6 10
0 64.2 0.0 0.0 0.0 142.1 1103.4 0.0 0.0 294.1 1270.1 0.0 0.0
**********2024-01-31 01:15:42**********
53437.325 53477.556 0.075 103.104 127.097 
0 12 8 4 3 7
0 0 0 1016.3 620.8 0 0 168.7 278.0 0 0 0 790.1
0 2 11
0 0.0 1.2 0.0 0.0 0.0 0.0 0.0 0.0 0.0 0.0 2872.8 0.0
0 9 1 5 6 10
0 64.2 0.0 0.0 0.0 142.1 1103.4 0.0 0.0 294.1 1270.1 0.0 0.0
**********2024-01-31 01:16:10**********
53437.335 53477.556 0.075 103.104 155.256 
0 12 8 4 3 7
0 0 0 1016.3 620.8 0 0 168.7 278.0 0 0 0 790.1
0 2 11
0 0.0 1.2 0.0 0.0 0.0 0.0 0.0 0.0 0.0 0.0 2872.8 0.0
0 9 1 5 6 10
0 64.2 0.0 0.0 0.0 142.1 1103.4 0.0 0.0 294.1 1270.1 0.0 0.0
**********2024-01-31 01:16:32**********
53437.385 53477.556 0.075 103.104 177.703 
0 12 8 4 3 7
0 0 0 1016.3 620.8 0 0 168.7 278.0 0 0 0 790.1
0 2 11
0 0.0 1.2 0.0 0.0 0.0 0.0 0.0 0.0 0.0 0.0 2872.8 0.0
0 9 1 5 6 10
0 64.2 0.0 0.0 0.0 142.1 1103.4 0.0 0.0 294.1 1270.1 0.0 0.0
**********2024-01-31 01:16:51**********
53437.43 53477.556 0.075 103.104 196.309 
0 12 8 4 3 7
0 0 0 1016.3 620.8 0 0 168.7 278.0 0 0 0 790.1
0 2 11
0 0.0 1.2 0.0 0.0 0.0 0.0 0.0 0.0 0.0 0.0 2872.8 0.0
0 9 1 5 6 10
0 64.2 0.0 0.0 0.0 142.1 1103.4 0.0 0.0 294.1 1270.1 0.0 0.0
**********2024-01-31 01:17:04**********
53437.434 53477.428 0.075 209.392 209.392 
0 2 11
0 0.0 1.2 0.0 0.0 0.0 0.0 0.0 0.0 0.0 0.0 2872.8 0.0
0 12 1 4 6 9
0 64.0 0 0 623.7 0 1099.5 0 0 293.1 0 0 793.7
0 10 3 7 8 5
0 0 0 1019.9 0 141.5 0 169.3 279.0 0 1264.3 0 0
**********2024-01-31 01:17:21**********
53437.573 53472.114 0.065 226.383 226.383 
0 2 11
0 0 1.2 0 0 0 0 0 0 0 0 2872.8 0
0 8 5 4 3 12
0 0 0 1026.2 626.9 142.3 0 0 280.7 0 0 0 797.8
0 9 6 1 7 10
0 63.6 0 0 0 0 1092.8 168.4 0 291.3 1257.9 0 0
**********2024-01-31 01:17:36**********
53437.582 53456.323 0.035 240.976 240.976 
0 2 11
0 0 1.2 0 0 0 0 0 0 0 0 2872.8 0
0 12 4 3 7 9
0 0 0 1011.5 617.9 0 0 167.9 0 290.4 0 0 786.4
0 5 8 10 6 1
0 64.5 0.0 0.0 0.0 142.8 1108.7 0.0 281.6 0.0 1276.3 0.0 0.0
**********2024-01-31 01:17:45**********
53437.583 53456.323 0.035 240.976 250.371 
0 2 11
0 0 1.2 0 0 0 0 0 0 0 0 2872.8 0
0 12 4 3 7 9
0 0 0 1011.5 617.9 0 0 167.9 0 290.4 0 0 786.4
0 5 8 10 6 1
0 64.5 0.0 0.0 0.0 142.8 1108.7 0.0 281.6 0.0 1276.3 0.0 0.0
**********2024-01-31 01:17:56**********
53437.584 53456.323 0.035 240.976 261.91 
0 2 11
0 0 1.2 0 0 0 0 0 0 0 0 2872.8 0
0 12 4 3 7 9
0 0 0 1011.5 617.9 0 0 167.9 0 290.4 0 0 786.4
0 5 8 10 6 1
0 64.5 0.0 0.0 0.0 142.8 1108.7 0.0 281.6 0.0 1276.3 0.0 0.0
**********2024-01-31 01:18:08**********
53437.623 53456.323 0.035 240.976 273.101 
0 2 11
0 0 1.2 0 0 0 0 0 0 0 0 2872.8 0
0 12 4 3 7 9
0 0 0 1011.5 617.9 0 0 167.9 0 290.4 0 0 786.4
0 5 8 10 6 1
0 64.5 0.0 0.0 0.0 142.8 1108.7 0.0 281.6 0.0 1276.3 0.0 0.0
**********2024-01-31 01:18:24**********
53437.641 53456.323 0.035 240.976 289.387 
0 2 11
0 0 1.2 0 0 0 0 0 0 0 0 2872.8 0
0 12 4 3 7 9
0 0 0 1011.5 617.9 0 0 167.9 0 290.4 0 0 786.4
0 5 8 10 6 1
0 64.5 0.0 0.0 0.0 142.8 1108.7 0.0 281.6 0.0 1276.3 0.0 0.0
**********2024-01-31 01:18:33**********
53437.652 53456.323 0.035 240.976 298.201 
0 2 11
0 0 1.2 0 0 0 0 0 0 0 0 2872.8 0
0 12 4 3 7 9
0 0 0 1011.5 617.9 0 0 167.9 0 290.4 0 0 786.4
0 5 8 10 6 1
0 64.5 0.0 0.0 0.0 142.8 1108.7 0.0 281.6 0.0 1276.3 0.0 0.0
**********2024-01-31 01:18:46**********
53437.653 53448.572 0.02 311.085 311.085 
0 2 11
0 0.0 1.2 0.0 0.0 0.0 0.0 0.0 0.0 0.0 0.0 2872.8 0.0
0 9 3 10 8
0 0.0 0.0 1026.3 0.0 0.0 0.0 0.0 280.8 294.6 1272.3 0.0 0.0
0 12 7 4 5 6 1
0 63.6 0.0 0.0 619.8 140.7 1092.7 168.4 0.0 0.0 0.0 0.0 788.8
**********2024-01-31 01:18:55**********
53437.66 53446.245 0.016 320.37 320.37 
0 2 11
0 0.0 1.2 0.0 0.0 0.0 0.0 0.0 0.0 0.0 0.0 2872.8 0.0
0 7 3 4 8 12
0 0 0 1016.3 620.8 0 0 168.7 278.0 0 0 0 790.1
0 9 1 10 5 6
0 64.2 0.0 0.0 0.0 142.1 1103.4 0.0 0.0 294.1 1270.1 0.0 0.0
**********2024-01-31 01:19:06**********
53437.671 53446.245 0.016 320.37 331.246 
0 2 11
0 0.0 1.2 0.0 0.0 0.0 0.0 0.0 0.0 0.0 0.0 2872.8 0.0
0 7 3 4 8 12
0 0 0 1016.3 620.8 0 0 168.7 278.0 0 0 0 790.1
0 9 1 10 5 6
0 64.2 0.0 0.0 0.0 142.1 1103.4 0.0 0.0 294.1 1270.1 0.0 0.0
**********2024-01-31 01:19:16**********
53437.675 53446.245 0.016 320.37 341.318 
0 2 11
0 0.0 1.2 0.0 0.0 0.0 0.0 0.0 0.0 0.0 0.0 2872.8 0.0
0 7 3 4 8 12
0 0 0 1016.3 620.8 0 0 168.7 278.0 0 0 0 790.1
0 9 1 10 5 6
0 64.2 0.0 0.0 0.0 142.1 1103.4 0.0 0.0 294.1 1270.1 0.0 0.0
**********2024-01-31 01:19:30**********
53437.678 53446.245 0.016 320.37 355.095 
0 2 11
0 0.0 1.2 0.0 0.0 0.0 0.0 0.0 0.0 0.0 0.0 2872.8 0.0
0 7 3 4 8 12
0 0 0 1016.3 620.8 0 0 168.7 278.0 0 0 0 790.1
0 9 1 10 5 6
0 64.2 0.0 0.0 0.0 142.1 1103.4 0.0 0.0 294.1 1270.1 0.0 0.0
**********2024-01-31 01:19:44**********
53437.709 53446.245 0.016 320.37 369.273 
0 2 11
0 0.0 1.2 0.0 0.0 0.0 0.0 0.0 0.0 0.0 0.0 2872.8 0.0
0 7 3 4 8 12
0 0 0 1016.3 620.8 0 0 168.7 278.0 0 0 0 790.1
0 9 1 10 5 6
0 64.2 0.0 0.0 0.0 142.1 1103.4 0.0 0.0 294.1 1270.1 0.0 0.0
**********2024-01-31 01:19:55**********
53437.717 53446.245 0.016 320.37 380.736 
0 2 11
0 0.0 1.2 0.0 0.0 0.0 0.0 0.0 0.0 0.0 0.0 2872.8 0.0
0 7 3 4 8 12
0 0 0 1016.3 620.8 0 0 168.7 278.0 0 0 0 790.1
0 9 1 10 5 6
0 64.2 0.0 0.0 0.0 142.1 1103.4 0.0 0.0 294.1 1270.1 0.0 0.0
**********2024-01-31 01:20:09**********
53437.724 53446.245 0.016 320.37 394.423 
0 2 11
0 0.0 1.2 0.0 0.0 0.0 0.0 0.0 0.0 0.0 0.0 2872.8 0.0
0 7 3 4 8 12
0 0 0 1016.3 620.8 0 0 168.7 278.0 0 0 0 790.1
0 9 1 10 5 6
0 64.2 0.0 0.0 0.0 142.1 1103.4 0.0 0.0 294.1 1270.1 0.0 0.0
**********2024-01-31 01:20:22**********
53437.726 53446.245 0.016 320.37 407.734 
0 2 11
0 0.0 1.2 0.0 0.0 0.0 0.0 0.0 0.0 0.0 0.0 2872.8 0.0
0 7 3 4 8 12
0 0 0 1016.3 620.8 0 0 168.7 278.0 0 0 0 790.1
0 9 1 10 5 6
0 64.2 0.0 0.0 0.0 142.1 1103.4 0.0 0.0 294.1 1270.1 0.0 0.0
**********2024-01-31 01:20:34**********
53437.778 53446.245 0.016 320.37 419.202 
0 2 11
0 0.0 1.2 0.0 0.0 0.0 0.0 0.0 0.0 0.0 0.0 2872.8 0.0
0 7 3 4 8 12
0 0 0 1016.3 620.8 0 0 168.7 278.0 0 0 0 790.1
0 9 1 10 5 6
0 64.2 0.0 0.0 0.0 142.1 1103.4 0.0 0.0 294.1 1270.1 0.0 0.0
**********2024-01-31 01:20:41**********
53437.788 53446.245 0.016 320.37 426.646 
0 2 11
0 0.0 1.2 0.0 0.0 0.0 0.0 0.0 0.0 0.0 0.0 2872.8 0.0
0 7 3 4 8 12
0 0 0 1016.3 620.8 0 0 168.7 278.0 0 0 0 790.1
0 9 1 10 5 6
0 64.2 0.0 0.0 0.0 142.1 1103.4 0.0 0.0 294.1 1270.1 0.0 0.0
**********2024-01-31 01:20:52**********
53437.789 53446.245 0.016 320.37 437.283 
0 2 11
0 0.0 1.2 0.0 0.0 0.0 0.0 0.0 0.0 0.0 0.0 2872.8 0.0
0 7 3 4 8 12
0 0 0 1016.3 620.8 0 0 168.7 278.0 0 0 0 790.1
0 9 1 10 5 6
0 64.2 0.0 0.0 0.0 142.1 1103.4 0.0 0.0 294.1 1270.1 0.0 0.0
**********2024-01-31 01:21:05**********
53437.806 53446.245 0.016 320.37 450.226 
0 2 11
0 0.0 1.2 0.0 0.0 0.0 0.0 0.0 0.0 0.0 0.0 2872.8 0.0
0 7 3 4 8 12
0 0 0 1016.3 620.8 0 0 168.7 278.0 0 0 0 790.1
0 9 1 10 5 6
0 64.2 0.0 0.0 0.0 142.1 1103.4 0.0 0.0 294.1 1270.1 0.0 0.0
**********2024-01-31 01:21:12**********
53437.81 53446.245 0.016 320.37 457.656 
0 2 11
0 0.0 1.2 0.0 0.0 0.0 0.0 0.0 0.0 0.0 0.0 2872.8 0.0
0 7 3 4 8 12
0 0 0 1016.3 620.8 0 0 168.7 278.0 0 0 0 790.1
0 9 1 10 5 6
0 64.2 0.0 0.0 0.0 142.1 1103.4 0.0 0.0 294.1 1270.1 0.0 0.0
**********2024-01-31 01:21:23**********
53437.81 53446.245 0.016 320.37 467.964 
0 2 11
0 0.0 1.2 0.0 0.0 0.0 0.0 0.0 0.0 0.0 0.0 2872.8 0.0
0 7 3 4 8 12
0 0 0 1016.3 620.8 0 0 168.7 278.0 0 0 0 790.1
0 9 1 10 5 6
0 64.2 0.0 0.0 0.0 142.1 1103.4 0.0 0.0 294.1 1270.1 0.0 0.0
**********2024-01-31 01:21:33**********
53437.831 53446.245 0.016 320.37 478.643 
0 2 11
0 0.0 1.2 0.0 0.0 0.0 0.0 0.0 0.0 0.0 0.0 2872.8 0.0
0 7 3 4 8 12
0 0 0 1016.3 620.8 0 0 168.7 278.0 0 0 0 790.1
0 9 1 10 5 6
0 64.2 0.0 0.0 0.0 142.1 1103.4 0.0 0.0 294.1 1270.1 0.0 0.0
**********2024-01-31 01:21:46**********
53437.833 53446.245 0.016 320.37 491.713 
0 2 11
0 0.0 1.2 0.0 0.0 0.0 0.0 0.0 0.0 0.0 0.0 2872.8 0.0
0 7 3 4 8 12
0 0 0 1016.3 620.8 0 0 168.7 278.0 0 0 0 790.1
0 9 1 10 5 6
0 64.2 0.0 0.0 0.0 142.1 1103.4 0.0 0.0 294.1 1270.1 0.0 0.0
**********2024-01-31 01:21:55**********
53437.837 53446.245 0.016 320.37 500.013 
0 2 11
0 0.0 1.2 0.0 0.0 0.0 0.0 0.0 0.0 0.0 0.0 2872.8 0.0
0 7 3 4 8 12
0 0 0 1016.3 620.8 0 0 168.7 278.0 0 0 0 790.1
0 9 1 10 5 6
0 64.2 0.0 0.0 0.0 142.1 1103.4 0.0 0.0 294.1 1270.1 0.0 0.0
**********2024-01-31 01:22:03**********
53437.839 53446.245 0.016 320.37 508.837 
0 2 11
0 0.0 1.2 0.0 0.0 0.0 0.0 0.0 0.0 0.0 0.0 2872.8 0.0
0 7 3 4 8 12
0 0 0 1016.3 620.8 0 0 168.7 278.0 0 0 0 790.1
0 9 1 10 5 6
0 64.2 0.0 0.0 0.0 142.1 1103.4 0.0 0.0 294.1 1270.1 0.0 0.0
**********2024-01-31 01:22:16**********
53437.861 53446.245 0.016 320.37 520.976 
0 2 11
0 0.0 1.2 0.0 0.0 0.0 0.0 0.0 0.0 0.0 0.0 2872.8 0.0
0 7 3 4 8 12
0 0 0 1016.3 620.8 0 0 168.7 278.0 0 0 0 790.1
0 9 1 10 5 6
0 64.2 0.0 0.0 0.0 142.1 1103.4 0.0 0.0 294.1 1270.1 0.0 0.0
**********2024-01-31 01:22:23**********
53437.887 53446.245 0.016 320.37 528.267 
0 2 11
0 0.0 1.2 0.0 0.0 0.0 0.0 0.0 0.0 0.0 0.0 2872.8 0.0
0 7 3 4 8 12
0 0 0 1016.3 620.8 0 0 168.7 278.0 0 0 0 790.1
0 9 1 10 5 6
0 64.2 0.0 0.0 0.0 142.1 1103.4 0.0 0.0 294.1 1270.1 0.0 0.0
**********2024-01-31 01:22:33**********
53437.887 53446.245 0.016 320.37 538.565 
0 2 11
0 0.0 1.2 0.0 0.0 0.0 0.0 0.0 0.0 0.0 0.0 2872.8 0.0
0 7 3 4 8 12
0 0 0 1016.3 620.8 0 0 168.7 278.0 0 0 0 790.1
0 9 1 10 5 6
0 64.2 0.0 0.0 0.0 142.1 1103.4 0.0 0.0 294.1 1270.1 0.0 0.0
**********2024-01-31 01:22:42**********
53437.899 53446.245 0.016 320.37 547.694 
0 2 11
0 0.0 1.2 0.0 0.0 0.0 0.0 0.0 0.0 0.0 0.0 2872.8 0.0
0 7 3 4 8 12
0 0 0 1016.3 620.8 0 0 168.7 278.0 0 0 0 790.1
0 9 1 10 5 6
0 64.2 0.0 0.0 0.0 142.1 1103.4 0.0 0.0 294.1 1270.1 0.0 0.0
**********2024-01-31 01:22:51**********
53437.9 53446.245 0.016 320.37 556.619 
0 2 11
0 0.0 1.2 0.0 0.0 0.0 0.0 0.0 0.0 0.0 0.0 2872.8 0.0
0 7 3 4 8 12
0 0 0 1016.3 620.8 0 0 168.7 278.0 0 0 0 790.1
0 9 1 10 5 6
0 64.2 0.0 0.0 0.0 142.1 1103.4 0.0 0.0 294.1 1270.1 0.0 0.0
**********2024-01-31 01:23:01**********
53437.901 53446.245 0.016 320.37 566.663 
0 2 11
0 0.0 1.2 0.0 0.0 0.0 0.0 0.0 0.0 0.0 0.0 2872.8 0.0
0 7 3 4 8 12
0 0 0 1016.3 620.8 0 0 168.7 278.0 0 0 0 790.1
0 9 1 10 5 6
0 64.2 0.0 0.0 0.0 142.1 1103.4 0.0 0.0 294.1 1270.1 0.0 0.0
**********2024-01-31 01:23:10**********
53437.904 53446.124 0.015 575.869 575.869 
0 2 11
0 0.0 1.2 0.0 0.0 0.0 0.0 0.0 0.0 0.0 0.0 2872.8 0.0
0 9 1 5 6 10
0 64.2 0.0 0.0 0.0 142.1 1103.4 0.0 0.0 294.1 1270.1 0.0 0.0
0 7 3 4 8 12
0 0 0 1016.3 620.8 0 0 168.7 278.0 0 0 0 790.1
**********2024-01-31 01:23:22**********
53437.924 53446.124 0.015 575.869 586.941 
0 2 11
0 0.0 1.2 0.0 0.0 0.0 0.0 0.0 0.0 0.0 0.0 2872.8 0.0
0 9 1 5 6 10
0 64.2 0.0 0.0 0.0 142.1 1103.4 0.0 0.0 294.1 1270.1 0.0 0.0
0 7 3 4 8 12
0 0 0 1016.3 620.8 0 0 168.7 278.0 0 0 0 790.1
**********2024-01-31 01:23:34**********
53437.945 53446.124 0.015 575.869 599.066 
0 2 11
0 0.0 1.2 0.0 0.0 0.0 0.0 0.0 0.0 0.0 0.0 2872.8 0.0
0 9 1 5 6 10
0 64.2 0.0 0.0 0.0 142.1 1103.4 0.0 0.0 294.1 1270.1 0.0 0.0
0 7 3 4 8 12
0 0 0 1016.3 620.8 0 0 168.7 278.0 0 0 0 790.1
**********2024-01-31 01:23:41**********
53437.945 53446.124 0.015 575.869 606.916 
0 2 11
0 0.0 1.2 0.0 0.0 0.0 0.0 0.0 0.0 0.0 0.0 2872.8 0.0
0 9 1 5 6 10
0 64.2 0.0 0.0 0.0 142.1 1103.4 0.0 0.0 294.1 1270.1 0.0 0.0
0 7 3 4 8 12
0 0 0 1016.3 620.8 0 0 168.7 278.0 0 0 0 790.1
**********2024-01-31 01:23:52**********
53437.958 53446.124 0.015 575.869 617.347 
0 2 11
0 0.0 1.2 0.0 0.0 0.0 0.0 0.0 0.0 0.0 0.0 2872.8 0.0
0 9 1 5 6 10
0 64.2 0.0 0.0 0.0 142.1 1103.4 0.0 0.0 294.1 1270.1 0.0 0.0
0 7 3 4 8 12
0 0 0 1016.3 620.8 0 0 168.7 278.0 0 0 0 790.1
**********2024-01-31 01:24:00**********
53437.98 53446.124 0.015 575.869 625.245 
0 2 11
0 0.0 1.2 0.0 0.0 0.0 0.0 0.0 0.0 0.0 0.0 2872.8 0.0
0 9 1 5 6 10
0 64.2 0.0 0.0 0.0 142.1 1103.4 0.0 0.0 294.1 1270.1 0.0 0.0
0 7 3 4 8 12
0 0 0 1016.3 620.8 0 0 168.7 278.0 0 0 0 790.1
**********2024-01-31 01:24:09**********
53438.007 53446.124 0.015 575.869 634.796 
0 2 11
0 0.0 1.2 0.0 0.0 0.0 0.0 0.0 0.0 0.0 0.0 2872.8 0.0
0 9 1 5 6 10
0 64.2 0.0 0.0 0.0 142.1 1103.4 0.0 0.0 294.1 1270.1 0.0 0.0
0 7 3 4 8 12
0 0 0 1016.3 620.8 0 0 168.7 278.0 0 0 0 790.1
**********2024-01-31 01:24:17**********
53438.007 53446.124 0.015 575.869 642.006 
0 2 11
0 0.0 1.2 0.0 0.0 0.0 0.0 0.0 0.0 0.0 0.0 2872.8 0.0
0 9 1 5 6 10
0 64.2 0.0 0.0 0.0 142.1 1103.4 0.0 0.0 294.1 1270.1 0.0 0.0
0 7 3 4 8 12
0 0 0 1016.3 620.8 0 0 168.7 278.0 0 0 0 790.1
**********2024-01-31 01:24:27**********
53438.038 53446.124 0.015 575.869 652.914 
0 2 11
0 0.0 1.2 0.0 0.0 0.0 0.0 0.0 0.0 0.0 0.0 2872.8 0.0
0 9 1 5 6 10
0 64.2 0.0 0.0 0.0 142.1 1103.4 0.0 0.0 294.1 1270.1 0.0 0.0
0 7 3 4 8 12
0 0 0 1016.3 620.8 0 0 168.7 278.0 0 0 0 790.1
**********2024-01-31 01:24:35**********
53438.038 53446.124 0.015 575.869 660.883 
0 2 11
0 0.0 1.2 0.0 0.0 0.0 0.0 0.0 0.0 0.0 0.0 2872.8 0.0
0 9 1 5 6 10
0 64.2 0.0 0.0 0.0 142.1 1103.4 0.0 0.0 294.1 1270.1 0.0 0.0
0 7 3 4 8 12
0 0 0 1016.3 620.8 0 0 168.7 278.0 0 0 0 790.1
**********2024-01-31 01:24:43**********
53438.053 53446.124 0.015 575.869 668.037 
0 2 11
0 0.0 1.2 0.0 0.0 0.0 0.0 0.0 0.0 0.0 0.0 2872.8 0.0
0 9 1 5 6 10
0 64.2 0.0 0.0 0.0 142.1 1103.4 0.0 0.0 294.1 1270.1 0.0 0.0
0 7 3 4 8 12
0 0 0 1016.3 620.8 0 0 168.7 278.0 0 0 0 790.1
**********2024-01-31 01:24:52**********
53438.081 53446.124 0.015 575.869 677.165 
0 2 11
0 0.0 1.2 0.0 0.0 0.0 0.0 0.0 0.0 0.0 0.0 2872.8 0.0
0 9 1 5 6 10
0 64.2 0.0 0.0 0.0 142.1 1103.4 0.0 0.0 294.1 1270.1 0.0 0.0
0 7 3 4 8 12
0 0 0 1016.3 620.8 0 0 168.7 278.0 0 0 0 790.1
**********2024-01-31 01:25:01**********
53438.173 53446.124 0.015 575.869 686.186 
0 2 11
0 0.0 1.2 0.0 0.0 0.0 0.0 0.0 0.0 0.0 0.0 2872.8 0.0
0 9 1 5 6 10
0 64.2 0.0 0.0 0.0 142.1 1103.4 0.0 0.0 294.1 1270.1 0.0 0.0
0 7 3 4 8 12
0 0 0 1016.3 620.8 0 0 168.7 278.0 0 0 0 790.1
**********2024-01-31 01:25:09**********
53438.178 53446.124 0.015 575.869 694.681 
0 2 11
0 0.0 1.2 0.0 0.0 0.0 0.0 0.0 0.0 0.0 0.0 2872.8 0.0
0 9 1 5 6 10
0 64.2 0.0 0.0 0.0 142.1 1103.4 0.0 0.0 294.1 1270.1 0.0 0.0
0 7 3 4 8 12
0 0 0 1016.3 620.8 0 0 168.7 278.0 0 0 0 790.1
**********2024-01-31 01:25:18**********
53438.179 53442.669 0.008 703.714 703.714 
0 2 11
0 0.0 1.2 0.0 0.0 0.0 0.0 0.0 0.0 0.0 0.0 2872.8 0.0
0 10 7 8 6 1
0 63.9 0.0 0.0 0.0 0.0 1098.0 169.2 278.9 0.0 1263.9 0.0 0.0
0 3 4 5 9 12
0 0.0 0.0 1021.3 623.9 141.7 0.0 0.0 0.0 293.2 0.0 0.0 794.0
