**********2022-05-25 21:04:29**********
28982.365 29030.446 0.166 35.077 35.078 
0 11 3 6 1
0 691.0 0 124.9 0 0 138.7 0 0 0 0 559.5 0
0 7 4 5 10 12
0 0 0 0 939.2 189.3 0 92.2 0 0 181.3 0 112.0
0 8 2 9
0 0.0 0.8 0.0 0.0 0.0 0.0 0.0 1493.8 19.3 0.0 0.0 0.0
**********2022-05-25 21:04:41**********
28982.366 29030.446 0.166 35.077 46.814 
0 11 3 6 1
0 691.0 0 124.9 0 0 138.7 0 0 0 0 559.5 0
0 7 4 5 10 12
0 0 0 0 939.2 189.3 0 92.2 0 0 181.3 0 112.0
0 8 2 9
0 0.0 0.8 0.0 0.0 0.0 0.0 0.0 1493.8 19.3 0.0 0.0 0.0
**********2022-05-25 21:04:57**********
28982.373 29016.005 0.116 63.054 63.054 
0 2 8
0 0 0.8 0 0 0 0 0 1513.2 0 0 0 0
0 10 5 4 3 12
0 0 0 125.4 917.3 184.9 0 0 0 0 177.1 0 109.4
0 6 9 1 7 11
0 683.7 0 0 0 0 137.2 88.7 0 50.9 0 553.5 0
**********2022-05-25 21:05:08**********
28982.374 29016.005 0.116 63.054 74.374 
0 2 8
0 0 0.8 0 0 0 0 0 1513.2 0 0 0 0
0 10 5 4 3 12
0 0 0 125.4 917.3 184.9 0 0 0 0 177.1 0 109.4
0 6 9 1 7 11
0 683.7 0 0 0 0 137.2 88.7 0 50.9 0 553.5 0
**********2022-05-25 21:05:20**********
28982.398 29016.005 0.116 63.054 86.36 
0 2 8
0 0 0.8 0 0 0 0 0 1513.2 0 0 0 0
0 10 5 4 3 12
0 0 0 125.4 917.3 184.9 0 0 0 0 177.1 0 109.4
0 6 9 1 7 11
0 683.7 0 0 0 0 137.2 88.7 0 50.9 0 553.5 0
**********2022-05-25 21:05:30**********
28982.444 29016.005 0.116 63.054 96.463 
0 2 8
0 0 0.8 0 0 0 0 0 1513.2 0 0 0 0
0 10 5 4 3 12
0 0 0 125.4 917.3 184.9 0 0 0 0 177.1 0 109.4
0 6 9 1 7 11
0 683.7 0 0 0 0 137.2 88.7 0 50.9 0 553.5 0
**********2022-05-25 21:05:43**********
28982.525 29016.005 0.115 63.054 108.904 
0 2 8
0 0 0.8 0 0 0 0 0 1513.2 0 0 0 0
0 10 5 4 3 12
0 0 0 125.4 917.3 184.9 0 0 0 0 177.1 0 109.4
0 6 9 1 7 11
0 683.7 0 0 0 0 137.2 88.7 0 50.9 0 553.5 0
**********2022-05-25 21:05:52**********
28982.525 29016.005 0.115 63.054 117.771 
0 2 8
0 0 0.8 0 0 0 0 0 1513.2 0 0 0 0
0 10 5 4 3 12
0 0 0 125.4 917.3 184.9 0 0 0 0 177.1 0 109.4
0 6 9 1 7 11
0 683.7 0 0 0 0 137.2 88.7 0 50.9 0 553.5 0
**********2022-05-25 21:06:02**********
28982.547 29014.713 0.111 127.816 127.816 
0 3 11 12 1
0 704.9 0.0 127.4 0.0 0.0 0.0 0.0 0.0 0.0 0.0 570.7 111.1
0 8 2
0 0.0 0.8 0.0 0.0 0.0 0.0 0.0 1513.2 0.0 0.0 0.0 0.0
0 9 10 5 6 4 7
0 0.0 0.0 0.0 890.1 179.4 135.2 87.4 0.0 50.1 171.8 0.0 0.0
**********2022-05-25 21:06:14**********
28982.55 29014.713 0.111 127.816 139.765 
0 3 11 12 1
0 704.9 0.0 127.4 0.0 0.0 0.0 0.0 0.0 0.0 0.0 570.7 111.1
0 8 2
0 0.0 0.8 0.0 0.0 0.0 0.0 0.0 1513.2 0.0 0.0 0.0 0.0
0 9 10 5 6 4 7
0 0.0 0.0 0.0 890.1 179.4 135.2 87.4 0.0 50.1 171.8 0.0 0.0
**********2022-05-25 21:06:27**********
28982.577 29014.713 0.111 127.816 153.237 
0 3 11 12 1
0 704.9 0.0 127.4 0.0 0.0 0.0 0.0 0.0 0.0 0.0 570.7 111.1
0 8 2
0 0.0 0.8 0.0 0.0 0.0 0.0 0.0 1513.2 0.0 0.0 0.0 0.0
0 9 10 5 6 4 7
0 0.0 0.0 0.0 890.1 179.4 135.2 87.4 0.0 50.1 171.8 0.0 0.0
**********2022-05-25 21:06:40**********
28982.583 29014.713 0.111 127.816 166.604 
0 3 11 12 1
0 704.9 0.0 127.4 0.0 0.0 0.0 0.0 0.0 0.0 0.0 570.7 111.1
0 8 2
0 0.0 0.8 0.0 0.0 0.0 0.0 0.0 1513.2 0.0 0.0 0.0 0.0
0 9 10 5 6 4 7
0 0.0 0.0 0.0 890.1 179.4 135.2 87.4 0.0 50.1 171.8 0.0 0.0
**********2022-05-25 21:06:51**********
28982.601 29012.724 0.104 177.062 177.063 
0 8 2
0 0.0 0.8 0.0 0.0 0.0 0.0 0.0 1513.2 0.0 0.0 0.0 0.0
0 12 10 6 4 3 9
0 0 0 124.9 913.6 0 138.8 0 0 51.4 176.4 0 108.9
0 7 11 1 5
0 686.4 0 0 0 182.8 0 89.0 0 0 0 555.7 0
**********2022-05-25 21:07:00**********
28982.617 29012.724 0.104 177.062 186.0 
0 8 2
0 0.0 0.8 0.0 0.0 0.0 0.0 0.0 1513.2 0.0 0.0 0.0 0.0
0 12 10 6 4 3 9
0 0 0 124.9 913.6 0 138.8 0 0 51.4 176.4 0 108.9
0 7 11 1 5
0 686.4 0 0 0 182.8 0 89.0 0 0 0 555.7 0
**********2022-05-25 21:07:09**********
28982.618 29012.724 0.104 177.062 194.785 
0 8 2
0 0.0 0.8 0.0 0.0 0.0 0.0 0.0 1513.2 0.0 0.0 0.0 0.0
0 12 10 6 4 3 9
0 0 0 124.9 913.6 0 138.8 0 0 51.4 176.4 0 108.9
0 7 11 1 5
0 686.4 0 0 0 182.8 0 89.0 0 0 0 555.7 0
**********2022-05-25 21:07:16**********
28982.618 29012.724 0.104 177.062 201.742 
0 8 2
0 0.0 0.8 0.0 0.0 0.0 0.0 0.0 1513.2 0.0 0.0 0.0 0.0
0 12 10 6 4 3 9
0 0 0 124.9 913.6 0 138.8 0 0 51.4 176.4 0 108.9
0 7 11 1 5
0 686.4 0 0 0 182.8 0 89.0 0 0 0 555.7 0
**********2022-05-25 21:07:21**********
28982.621 29005.746 0.08 207.174 207.174 
0 8 2
0 0.0 0.8 0.0 0.0 0.0 0.0 0.0 1513.2 0.0 0.0 0.0 0.0
0 10 4 5 7 3
0 0.0 0.0 127.0 929.1 187.3 0.0 91.2 0.0 0.0 179.4 0.0 0.0
0 11 1 12 6 9
0 675.2 0.0 0.0 0.0 0.0 135.5 0.0 0.0 50.2 0.0 546.7 106.4
**********2022-05-25 21:07:26**********
28982.621 29005.746 0.08 207.174 211.862 
0 8 2
0 0.0 0.8 0.0 0.0 0.0 0.0 0.0 1513.2 0.0 0.0 0.0 0.0
0 10 4 5 7 3
0 0.0 0.0 127.0 929.1 187.3 0.0 91.2 0.0 0.0 179.4 0.0 0.0
0 11 1 12 6 9
0 675.2 0.0 0.0 0.0 0.0 135.5 0.0 0.0 50.2 0.0 546.7 106.4
**********2022-05-25 21:24:09**********
28982.622 29005.746 0.08 207.174 1215.071 
0 8 2
0 0.0 0.8 0.0 0.0 0.0 0.0 0.0 1513.2 0.0 0.0 0.0 0.0
0 10 4 5 7 3
0 0.0 0.0 127.0 929.1 187.3 0.0 91.2 0.0 0.0 179.4 0.0 0.0
0 11 1 12 6 9
0 675.2 0.0 0.0 0.0 0.0 135.5 0.0 0.0 50.2 0.0 546.7 106.4
**********2022-05-25 21:24:18**********
28982.626 29005.746 0.08 207.174 1223.735 
0 8 2
0 0.0 0.8 0.0 0.0 0.0 0.0 0.0 1513.2 0.0 0.0 0.0 0.0
0 10 4 5 7 3
0 0.0 0.0 127.0 929.1 187.3 0.0 91.2 0.0 0.0 179.4 0.0 0.0
0 11 1 12 6 9
0 675.2 0.0 0.0 0.0 0.0 135.5 0.0 0.0 50.2 0.0 546.7 106.4
**********2022-06-13 19:26:14**********
43331.0 43403.9 0.168 4.146 4.146 
0 11 4 5
0 0 0 0 835.3 1166.2 0 0 0 0 0 349.6 0
0 6 3 10
0 0 0 979.4 0 0 298.1 0 0 0 1073.5 0 0
0 12 2 9 8 1 7
0 130.3 0.1 0 0 0 0 307.9 1606.3 65.3 0 0 241.1
**********2022-06-13 19:26:19**********
43331.0 43403.9 0.168 4.146 9.17 
0 11 4 5
0 0 0 0 835.3 1166.2 0 0 0 0 0 349.6 0
0 6 3 10
0 0 0 979.4 0 0 298.1 0 0 0 1073.5 0 0
0 12 2 9 8 1 7
0 130.3 0.1 0 0 0 0 307.9 1606.3 65.3 0 0 241.1
**********2022-06-13 19:26:24**********
43331.0 43403.9 0.168 4.146 13.846 
0 11 4 5
0 0 0 0 835.3 1166.2 0 0 0 0 0 349.6 0
0 6 3 10
0 0 0 979.4 0 0 298.1 0 0 0 1073.5 0 0
0 12 2 9 8 1 7
0 130.3 0.1 0 0 0 0 307.9 1606.3 65.3 0 0 241.1
**********2022-06-13 19:26:27**********
43331.0 43403.9 0.168 4.146 17.22 
0 11 4 5
0 0 0 0 835.3 1166.2 0 0 0 0 0 349.6 0
0 6 3 10
0 0 0 979.4 0 0 298.1 0 0 0 1073.5 0 0
0 12 2 9 8 1 7
0 130.3 0.1 0 0 0 0 307.9 1606.3 65.3 0 0 241.1
**********2022-06-13 19:26:32**********
43331.0 43403.9 0.168 4.146 21.733 
0 11 4 5
0 0 0 0 835.3 1166.2 0 0 0 0 0 349.6 0
0 6 3 10
0 0 0 979.4 0 0 298.1 0 0 0 1073.5 0 0
0 12 2 9 8 1 7
0 130.3 0.1 0 0 0 0 307.9 1606.3 65.3 0 0 241.1
**********2022-06-13 19:26:36**********
43331.0 43359.059 0.065 25.678 25.678 
0 4 3 7 12
0 0 0 976.7 822.3 0 0 309.6 0 0 0 0 242.4
0 5 10 1
0 131.1 0 0 0 1148.7 0 0 0 0 1071.2 0 0
0 6 11 8 9 2
0 0.0 0.1 0.0 0.0 0.0 301.0 0.0 1635.1 66.5 0.0 348.4 0.0
**********2022-06-13 19:26:40**********
43331.0 43359.059 0.065 25.678 29.772 
0 4 3 7 12
0 0 0 976.7 822.3 0 0 309.6 0 0 0 0 242.4
0 5 10 1
0 131.1 0 0 0 1148.7 0 0 0 0 1071.2 0 0
0 6 11 8 9 2
0 0.0 0.1 0.0 0.0 0.0 301.0 0.0 1635.1 66.5 0.0 348.4 0.0
**********2022-06-13 19:26:43**********
43331.0 43359.059 0.065 25.678 33.025 
0 4 3 7 12
0 0 0 976.7 822.3 0 0 309.6 0 0 0 0 242.4
0 5 10 1
0 131.1 0 0 0 1148.7 0 0 0 0 1071.2 0 0
0 6 11 8 9 2
0 0.0 0.1 0.0 0.0 0.0 301.0 0.0 1635.1 66.5 0.0 348.4 0.0
**********2022-06-13 19:26:47**********
43331.0 43359.059 0.065 25.678 37.255 
0 4 3 7 12
0 0 0 976.7 822.3 0 0 309.6 0 0 0 0 242.4
0 5 10 1
0 131.1 0 0 0 1148.7 0 0 0 0 1071.2 0 0
0 6 11 8 9 2
0 0.0 0.1 0.0 0.0 0.0 301.0 0.0 1635.1 66.5 0.0 348.4 0.0
**********2022-06-13 19:26:51**********
43331.0 43352.601 0.05 41.389 41.389 
0 9 6 11 8
0 0 0 0 0 0 301.0 0 1635.2 66.5 0 348.4 0
0 4 3 12 7
0 0 0 976.7 822.3 0 0 309.6 0 0 0 0 242.4
0 1 2 5 10
0 131.1 0.1 0 0 1148.7 0 0 0 0 1071.1 0 0
**********2022-06-13 19:26:55**********
43331.0 43352.601 0.05 41.389 45.471 
0 9 6 11 8
0 0 0 0 0 0 301.0 0 1635.2 66.5 0 348.4 0
0 4 3 12 7
0 0 0 976.7 822.3 0 0 309.6 0 0 0 0 242.4
0 1 2 5 10
0 131.1 0.1 0 0 1148.7 0 0 0 0 1071.1 0 0
**********2022-06-13 19:27:01**********
43331.0 43352.601 0.05 41.389 50.515 
0 9 6 11 8
0 0 0 0 0 0 301.0 0 1635.2 66.5 0 348.4 0
0 4 3 12 7
0 0 0 976.7 822.3 0 0 309.6 0 0 0 0 242.4
0 1 2 5 10
0 131.1 0.1 0 0 1148.7 0 0 0 0 1071.1 0 0
**********2022-06-13 19:27:05**********
43331.0 43352.601 0.05 41.389 54.912 
0 9 6 11 8
0 0 0 0 0 0 301.0 0 1635.2 66.5 0 348.4 0
0 4 3 12 7
0 0 0 976.7 822.3 0 0 309.6 0 0 0 0 242.4
0 1 2 5 10
0 131.1 0.1 0 0 1148.7 0 0 0 0 1071.1 0 0
**********2022-06-13 19:27:09**********
43331.0 43352.601 0.05 41.389 59.104 
0 9 6 11 8
0 0 0 0 0 0 301.0 0 1635.2 66.5 0 348.4 0
0 4 3 12 7
0 0 0 976.7 822.3 0 0 309.6 0 0 0 0 242.4
0 1 2 5 10
0 131.1 0.1 0 0 1148.7 0 0 0 0 1071.1 0 0
**********2022-06-13 19:27:14**********
43331.0 43352.601 0.05 41.389 63.841 
0 9 6 11 8
0 0 0 0 0 0 301.0 0 1635.2 66.5 0 348.4 0
0 4 3 12 7
0 0 0 976.7 822.3 0 0 309.6 0 0 0 0 242.4
0 1 2 5 10
0 131.1 0.1 0 0 1148.7 0 0 0 0 1071.1 0 0
**********2022-06-13 19:27:18**********
43331.0 43352.601 0.05 41.389 68.289 
0 9 6 11 8
0 0 0 0 0 0 301.0 0 1635.2 66.5 0 348.4 0
0 4 3 12 7
0 0 0 976.7 822.3 0 0 309.6 0 0 0 0 242.4
0 1 2 5 10
0 131.1 0.1 0 0 1148.7 0 0 0 0 1071.1 0 0
**********2022-06-13 19:27:22**********
43331.0 43352.601 0.05 41.389 72.246 
0 9 6 11 8
0 0 0 0 0 0 301.0 0 1635.2 66.5 0 348.4 0
0 4 3 12 7
0 0 0 976.7 822.3 0 0 309.6 0 0 0 0 242.4
0 1 2 5 10
0 131.1 0.1 0 0 1148.7 0 0 0 0 1071.1 0 0
**********2022-06-13 19:27:26**********
43331.0 43352.601 0.05 41.389 76.002 
0 9 6 11 8
0 0 0 0 0 0 301.0 0 1635.2 66.5 0 348.4 0
0 4 3 12 7
0 0 0 976.7 822.3 0 0 309.6 0 0 0 0 242.4
0 1 2 5 10
0 131.1 0.1 0 0 1148.7 0 0 0 0 1071.1 0 0
**********2022-06-13 19:27:29**********
43331.0 43352.601 0.05 41.389 79.069 
0 9 6 11 8
0 0 0 0 0 0 301.0 0 1635.2 66.5 0 348.4 0
0 4 3 12 7
0 0 0 976.7 822.3 0 0 309.6 0 0 0 0 242.4
0 1 2 5 10
0 131.1 0.1 0 0 1148.7 0 0 0 0 1071.1 0 0
**********2022-06-13 19:27:32**********
43331.0 43352.601 0.05 41.389 81.973 
0 9 6 11 8
0 0 0 0 0 0 301.0 0 1635.2 66.5 0 348.4 0
0 4 3 12 7
0 0 0 976.7 822.3 0 0 309.6 0 0 0 0 242.4
0 1 2 5 10
0 131.1 0.1 0 0 1148.7 0 0 0 0 1071.1 0 0
**********2022-06-13 19:27:35**********
43331.0 43352.601 0.05 41.389 84.779 
0 9 6 11 8
0 0 0 0 0 0 301.0 0 1635.2 66.5 0 348.4 0
0 4 3 12 7
0 0 0 976.7 822.3 0 0 309.6 0 0 0 0 242.4
0 1 2 5 10
0 131.1 0.1 0 0 1148.7 0 0 0 0 1071.1 0 0
**********2022-06-13 19:27:37**********
43331.0 43352.601 0.05 41.389 87.355 
0 9 6 11 8
0 0 0 0 0 0 301.0 0 1635.2 66.5 0 348.4 0
0 4 3 12 7
0 0 0 976.7 822.3 0 0 309.6 0 0 0 0 242.4
0 1 2 5 10
0 131.1 0.1 0 0 1148.7 0 0 0 0 1071.1 0 0
**********2022-06-13 19:27:40**********
43331.0 43352.601 0.05 41.389 90.145 
0 9 6 11 8
0 0 0 0 0 0 301.0 0 1635.2 66.5 0 348.4 0
0 4 3 12 7
0 0 0 976.7 822.3 0 0 309.6 0 0 0 0 242.4
0 1 2 5 10
0 131.1 0.1 0 0 1148.7 0 0 0 0 1071.1 0 0
**********2022-06-13 19:27:43**********
43331.0 43352.601 0.05 41.389 93.353 
0 9 6 11 8
0 0 0 0 0 0 301.0 0 1635.2 66.5 0 348.4 0
0 4 3 12 7
0 0 0 976.7 822.3 0 0 309.6 0 0 0 0 242.4
0 1 2 5 10
0 131.1 0.1 0 0 1148.7 0 0 0 0 1071.1 0 0
**********2022-06-13 19:27:46**********
43331.0 43352.601 0.05 41.389 95.887 
0 9 6 11 8
0 0 0 0 0 0 301.0 0 1635.2 66.5 0 348.4 0
0 4 3 12 7
0 0 0 976.7 822.3 0 0 309.6 0 0 0 0 242.4
0 1 2 5 10
0 131.1 0.1 0 0 1148.7 0 0 0 0 1071.1 0 0
**********2022-06-13 19:27:49**********
43331.0 43352.601 0.05 41.389 98.612 
0 9 6 11 8
0 0 0 0 0 0 301.0 0 1635.2 66.5 0 348.4 0
0 4 3 12 7
0 0 0 976.7 822.3 0 0 309.6 0 0 0 0 242.4
0 1 2 5 10
0 131.1 0.1 0 0 1148.7 0 0 0 0 1071.1 0 0
**********2022-06-13 19:27:50**********
43331.0 43352.601 0.05 41.389 100.404 
0 9 6 11 8
0 0 0 0 0 0 301.0 0 1635.2 66.5 0 348.4 0
0 4 3 12 7
0 0 0 976.7 822.3 0 0 309.6 0 0 0 0 242.4
0 1 2 5 10
0 131.1 0.1 0 0 1148.7 0 0 0 0 1071.1 0 0
**********2022-06-13 19:27:54**********
43331.0 43352.601 0.05 41.389 104.158 
0 9 6 11 8
0 0 0 0 0 0 301.0 0 1635.2 66.5 0 348.4 0
0 4 3 12 7
0 0 0 976.7 822.3 0 0 309.6 0 0 0 0 242.4
0 1 2 5 10
0 131.1 0.1 0 0 1148.7 0 0 0 0 1071.1 0 0
**********2022-06-13 19:27:57**********
43331.0 43352.601 0.05 41.389 107.258 
0 9 6 11 8
0 0 0 0 0 0 301.0 0 1635.2 66.5 0 348.4 0
0 4 3 12 7
0 0 0 976.7 822.3 0 0 309.6 0 0 0 0 242.4
0 1 2 5 10
0 131.1 0.1 0 0 1148.7 0 0 0 0 1071.1 0 0
**********2022-06-13 19:28:00**********
43331.0 43352.601 0.05 41.389 109.899 
0 9 6 11 8
0 0 0 0 0 0 301.0 0 1635.2 66.5 0 348.4 0
0 4 3 12 7
0 0 0 976.7 822.3 0 0 309.6 0 0 0 0 242.4
0 1 2 5 10
0 131.1 0.1 0 0 1148.7 0 0 0 0 1071.1 0 0
**********2022-06-13 19:28:03**********
43331.0 43352.601 0.05 41.389 112.856 
0 9 6 11 8
0 0 0 0 0 0 301.0 0 1635.2 66.5 0 348.4 0
0 4 3 12 7
0 0 0 976.7 822.3 0 0 309.6 0 0 0 0 242.4
0 1 2 5 10
0 131.1 0.1 0 0 1148.7 0 0 0 0 1071.1 0 0
**********2022-06-13 19:28:05**********
43331.0 43352.601 0.05 41.389 114.821 
0 9 6 11 8
0 0 0 0 0 0 301.0 0 1635.2 66.5 0 348.4 0
0 4 3 12 7
0 0 0 976.7 822.3 0 0 309.6 0 0 0 0 242.4
0 1 2 5 10
0 131.1 0.1 0 0 1148.7 0 0 0 0 1071.1 0 0
**********2022-06-13 19:28:08**********
43331.0 43352.601 0.05 41.389 117.947 
0 9 6 11 8
0 0 0 0 0 0 301.0 0 1635.2 66.5 0 348.4 0
0 4 3 12 7
0 0 0 976.7 822.3 0 0 309.6 0 0 0 0 242.4
0 1 2 5 10
0 131.1 0.1 0 0 1148.7 0 0 0 0 1071.1 0 0
**********2022-06-13 19:28:11**********
43331.0 43352.601 0.05 41.389 121.293 
0 9 6 11 8
0 0 0 0 0 0 301.0 0 1635.2 66.5 0 348.4 0
0 4 3 12 7
0 0 0 976.7 822.3 0 0 309.6 0 0 0 0 242.4
0 1 2 5 10
0 131.1 0.1 0 0 1148.7 0 0 0 0 1071.1 0 0
**********2022-06-13 19:28:15**********
43331.0 43352.601 0.05 41.389 124.62 
0 9 6 11 8
0 0 0 0 0 0 301.0 0 1635.2 66.5 0 348.4 0
0 4 3 12 7
0 0 0 976.7 822.3 0 0 309.6 0 0 0 0 242.4
0 1 2 5 10
0 131.1 0.1 0 0 1148.7 0 0 0 0 1071.1 0 0
**********2022-06-13 19:28:18**********
43331.0 43352.601 0.05 41.389 127.803 
0 9 6 11 8
0 0 0 0 0 0 301.0 0 1635.2 66.5 0 348.4 0
0 4 3 12 7
0 0 0 976.7 822.3 0 0 309.6 0 0 0 0 242.4
0 1 2 5 10
0 131.1 0.1 0 0 1148.7 0 0 0 0 1071.1 0 0
**********2022-06-13 19:28:21**********
43331.0 43352.601 0.05 41.389 131.388 
0 9 6 11 8
0 0 0 0 0 0 301.0 0 1635.2 66.5 0 348.4 0
0 4 3 12 7
0 0 0 976.7 822.3 0 0 309.6 0 0 0 0 242.4
0 1 2 5 10
0 131.1 0.1 0 0 1148.7 0 0 0 0 1071.1 0 0
**********2022-06-13 19:28:25**********
43331.0 43352.601 0.05 41.389 134.777 
0 9 6 11 8
0 0 0 0 0 0 301.0 0 1635.2 66.5 0 348.4 0
0 4 3 12 7
0 0 0 976.7 822.3 0 0 309.6 0 0 0 0 242.4
0 1 2 5 10
0 131.1 0.1 0 0 1148.7 0 0 0 0 1071.1 0 0
**********2022-06-13 19:28:28**********
43331.0 43352.601 0.05 41.389 137.825 
0 9 6 11 8
0 0 0 0 0 0 301.0 0 1635.2 66.5 0 348.4 0
0 4 3 12 7
0 0 0 976.7 822.3 0 0 309.6 0 0 0 0 242.4
0 1 2 5 10
0 131.1 0.1 0 0 1148.7 0 0 0 0 1071.1 0 0
**********2022-06-13 19:28:30**********
43331.0 43352.601 0.05 41.389 140.506 
0 9 6 11 8
0 0 0 0 0 0 301.0 0 1635.2 66.5 0 348.4 0
0 4 3 12 7
0 0 0 976.7 822.3 0 0 309.6 0 0 0 0 242.4
0 1 2 5 10
0 131.1 0.1 0 0 1148.7 0 0 0 0 1071.1 0 0
**********2022-06-13 19:28:33**********
43331.0 43352.601 0.05 41.389 143.36 
0 9 6 11 8
0 0 0 0 0 0 301.0 0 1635.2 66.5 0 348.4 0
0 4 3 12 7
0 0 0 976.7 822.3 0 0 309.6 0 0 0 0 242.4
0 1 2 5 10
0 131.1 0.1 0 0 1148.7 0 0 0 0 1071.1 0 0
**********2022-06-13 19:28:36**********
43331.0 43352.601 0.05 41.389 145.999 
0 9 6 11 8
0 0 0 0 0 0 301.0 0 1635.2 66.5 0 348.4 0
0 4 3 12 7
0 0 0 976.7 822.3 0 0 309.6 0 0 0 0 242.4
0 1 2 5 10
0 131.1 0.1 0 0 1148.7 0 0 0 0 1071.1 0 0
**********2022-06-13 19:28:39**********
43331.0 43352.601 0.05 41.389 148.623 
0 9 6 11 8
0 0 0 0 0 0 301.0 0 1635.2 66.5 0 348.4 0
0 4 3 12 7
0 0 0 976.7 822.3 0 0 309.6 0 0 0 0 242.4
0 1 2 5 10
0 131.1 0.1 0 0 1148.7 0 0 0 0 1071.1 0 0
**********2022-06-13 19:28:43**********
43331.0 43352.601 0.05 41.389 152.585 
0 9 6 11 8
0 0 0 0 0 0 301.0 0 1635.2 66.5 0 348.4 0
0 4 3 12 7
0 0 0 976.7 822.3 0 0 309.6 0 0 0 0 242.4
0 1 2 5 10
0 131.1 0.1 0 0 1148.7 0 0 0 0 1071.1 0 0
**********2022-06-13 19:28:47**********
43331.0 43352.601 0.05 41.389 156.652 
0 9 6 11 8
0 0 0 0 0 0 301.0 0 1635.2 66.5 0 348.4 0
0 4 3 12 7
0 0 0 976.7 822.3 0 0 309.6 0 0 0 0 242.4
0 1 2 5 10
0 131.1 0.1 0 0 1148.7 0 0 0 0 1071.1 0 0
**********2022-06-13 19:28:50**********
43331.0 43352.601 0.05 41.389 159.611 
0 9 6 11 8
0 0 0 0 0 0 301.0 0 1635.2 66.5 0 348.4 0
0 4 3 12 7
0 0 0 976.7 822.3 0 0 309.6 0 0 0 0 242.4
0 1 2 5 10
0 131.1 0.1 0 0 1148.7 0 0 0 0 1071.1 0 0
**********2022-06-13 19:28:54**********
43331.0 43352.601 0.05 41.389 163.771 
0 9 6 11 8
0 0 0 0 0 0 301.0 0 1635.2 66.5 0 348.4 0
0 4 3 12 7
0 0 0 976.7 822.3 0 0 309.6 0 0 0 0 242.4
0 1 2 5 10
0 131.1 0.1 0 0 1148.7 0 0 0 0 1071.1 0 0
**********2022-06-13 19:28:57**********
43331.0 43352.601 0.05 41.389 167.401 
0 9 6 11 8
0 0 0 0 0 0 301.0 0 1635.2 66.5 0 348.4 0
0 4 3 12 7
0 0 0 976.7 822.3 0 0 309.6 0 0 0 0 242.4
0 1 2 5 10
0 131.1 0.1 0 0 1148.7 0 0 0 0 1071.1 0 0
**********2022-06-13 19:29:02**********
43331.0 43352.601 0.05 41.389 172.324 
0 9 6 11 8
0 0 0 0 0 0 301.0 0 1635.2 66.5 0 348.4 0
0 4 3 12 7
0 0 0 976.7 822.3 0 0 309.6 0 0 0 0 242.4
0 1 2 5 10
0 131.1 0.1 0 0 1148.7 0 0 0 0 1071.1 0 0
**********2022-06-13 19:29:07**********
43331.0 43352.601 0.05 41.389 176.523 
0 9 6 11 8
0 0 0 0 0 0 301.0 0 1635.2 66.5 0 348.4 0
0 4 3 12 7
0 0 0 976.7 822.3 0 0 309.6 0 0 0 0 242.4
0 1 2 5 10
0 131.1 0.1 0 0 1148.7 0 0 0 0 1071.1 0 0
**********2022-06-13 19:29:11**********
43331.0 43352.601 0.05 41.389 180.697 
0 9 6 11 8
0 0 0 0 0 0 301.0 0 1635.2 66.5 0 348.4 0
0 4 3 12 7
0 0 0 976.7 822.3 0 0 309.6 0 0 0 0 242.4
0 1 2 5 10
0 131.1 0.1 0 0 1148.7 0 0 0 0 1071.1 0 0
**********2022-06-13 19:29:15**********
43331.0 43352.601 0.05 41.389 185.077 
0 9 6 11 8
0 0 0 0 0 0 301.0 0 1635.2 66.5 0 348.4 0
0 4 3 12 7
0 0 0 976.7 822.3 0 0 309.6 0 0 0 0 242.4
0 1 2 5 10
0 131.1 0.1 0 0 1148.7 0 0 0 0 1071.1 0 0
**********2022-06-13 19:29:20**********
43331.0 43352.601 0.05 41.389 190.009 
0 9 6 11 8
0 0 0 0 0 0 301.0 0 1635.2 66.5 0 348.4 0
0 4 3 12 7
0 0 0 976.7 822.3 0 0 309.6 0 0 0 0 242.4
0 1 2 5 10
0 131.1 0.1 0 0 1148.7 0 0 0 0 1071.1 0 0
**********2022-06-13 19:29:24**********
43331.0 43352.601 0.05 41.389 194.358 
0 9 6 11 8
0 0 0 0 0 0 301.0 0 1635.2 66.5 0 348.4 0
0 4 3 12 7
0 0 0 976.7 822.3 0 0 309.6 0 0 0 0 242.4
0 1 2 5 10
0 131.1 0.1 0 0 1148.7 0 0 0 0 1071.1 0 0
**********2022-06-13 19:29:29**********
43331.0 43352.601 0.05 41.389 199.355 
0 9 6 11 8
0 0 0 0 0 0 301.0 0 1635.2 66.5 0 348.4 0
0 4 3 12 7
0 0 0 976.7 822.3 0 0 309.6 0 0 0 0 242.4
0 1 2 5 10
0 131.1 0.1 0 0 1148.7 0 0 0 0 1071.1 0 0
**********2022-06-13 19:29:33**********
43331.0 43352.601 0.05 41.389 203.236 
0 9 6 11 8
0 0 0 0 0 0 301.0 0 1635.2 66.5 0 348.4 0
0 4 3 12 7
0 0 0 976.7 822.3 0 0 309.6 0 0 0 0 242.4
0 1 2 5 10
0 131.1 0.1 0 0 1148.7 0 0 0 0 1071.1 0 0
**********2022-06-13 19:29:37**********
43331.0 43352.601 0.05 41.389 207.082 
0 9 6 11 8
0 0 0 0 0 0 301.0 0 1635.2 66.5 0 348.4 0
0 4 3 12 7
0 0 0 976.7 822.3 0 0 309.6 0 0 0 0 242.4
0 1 2 5 10
0 131.1 0.1 0 0 1148.7 0 0 0 0 1071.1 0 0
**********2022-06-13 19:29:42**********
43331.0 43352.601 0.05 41.389 212.054 
0 9 6 11 8
0 0 0 0 0 0 301.0 0 1635.2 66.5 0 348.4 0
0 4 3 12 7
0 0 0 976.7 822.3 0 0 309.6 0 0 0 0 242.4
0 1 2 5 10
0 131.1 0.1 0 0 1148.7 0 0 0 0 1071.1 0 0
**********2022-06-13 19:29:46**********
43331.0 43352.601 0.05 41.389 215.843 
0 9 6 11 8
0 0 0 0 0 0 301.0 0 1635.2 66.5 0 348.4 0
0 4 3 12 7
0 0 0 976.7 822.3 0 0 309.6 0 0 0 0 242.4
0 1 2 5 10
0 131.1 0.1 0 0 1148.7 0 0 0 0 1071.1 0 0
**********2022-06-13 19:29:49**********
43331.0 43352.601 0.05 41.389 219.161 
0 9 6 11 8
0 0 0 0 0 0 301.0 0 1635.2 66.5 0 348.4 0
0 4 3 12 7
0 0 0 976.7 822.3 0 0 309.6 0 0 0 0 242.4
0 1 2 5 10
0 131.1 0.1 0 0 1148.7 0 0 0 0 1071.1 0 0
**********2022-06-13 19:29:53**********
43331.0 43352.601 0.05 41.389 222.674 
0 9 6 11 8
0 0 0 0 0 0 301.0 0 1635.2 66.5 0 348.4 0
0 4 3 12 7
0 0 0 976.7 822.3 0 0 309.6 0 0 0 0 242.4
0 1 2 5 10
0 131.1 0.1 0 0 1148.7 0 0 0 0 1071.1 0 0
**********2022-06-13 19:29:58**********
43331.0 43352.601 0.05 41.389 227.579 
0 9 6 11 8
0 0 0 0 0 0 301.0 0 1635.2 66.5 0 348.4 0
0 4 3 12 7
0 0 0 976.7 822.3 0 0 309.6 0 0 0 0 242.4
0 1 2 5 10
0 131.1 0.1 0 0 1148.7 0 0 0 0 1071.1 0 0
**********2022-06-13 19:30:01**********
43331.0 43352.601 0.05 41.389 230.731 
0 9 6 11 8
0 0 0 0 0 0 301.0 0 1635.2 66.5 0 348.4 0
0 4 3 12 7
0 0 0 976.7 822.3 0 0 309.6 0 0 0 0 242.4
0 1 2 5 10
0 131.1 0.1 0 0 1148.7 0 0 0 0 1071.1 0 0
**********2022-06-13 19:30:04**********
43331.0 43352.601 0.05 41.389 233.671 
0 9 6 11 8
0 0 0 0 0 0 301.0 0 1635.2 66.5 0 348.4 0
0 4 3 12 7
0 0 0 976.7 822.3 0 0 309.6 0 0 0 0 242.4
0 1 2 5 10
0 131.1 0.1 0 0 1148.7 0 0 0 0 1071.1 0 0
**********2022-06-13 19:30:07**********
43331.0 43352.601 0.05 41.389 237.393 
0 9 6 11 8
0 0 0 0 0 0 301.0 0 1635.2 66.5 0 348.4 0
0 4 3 12 7
0 0 0 976.7 822.3 0 0 309.6 0 0 0 0 242.4
0 1 2 5 10
0 131.1 0.1 0 0 1148.7 0 0 0 0 1071.1 0 0
**********2022-06-13 19:30:11**********
43331.0 43352.601 0.05 41.389 240.587 
0 9 6 11 8
0 0 0 0 0 0 301.0 0 1635.2 66.5 0 348.4 0
0 4 3 12 7
0 0 0 976.7 822.3 0 0 309.6 0 0 0 0 242.4
0 1 2 5 10
0 131.1 0.1 0 0 1148.7 0 0 0 0 1071.1 0 0
**********2022-06-13 19:30:14**********
43331.0 43352.601 0.05 41.389 243.792 
0 9 6 11 8
0 0 0 0 0 0 301.0 0 1635.2 66.5 0 348.4 0
0 4 3 12 7
0 0 0 976.7 822.3 0 0 309.6 0 0 0 0 242.4
0 1 2 5 10
0 131.1 0.1 0 0 1148.7 0 0 0 0 1071.1 0 0
**********2022-06-13 19:30:15**********
43331.0 43352.601 0.05 41.389 244.927 
0 9 6 11 8
0 0 0 0 0 0 301.0 0 1635.2 66.5 0 348.4 0
0 4 3 12 7
0 0 0 976.7 822.3 0 0 309.6 0 0 0 0 242.4
0 1 2 5 10
0 131.1 0.1 0 0 1148.7 0 0 0 0 1071.1 0 0
**********2022-06-13 19:30:17**********
43331.0 43352.601 0.05 41.389 247.396 
0 9 6 11 8
0 0 0 0 0 0 301.0 0 1635.2 66.5 0 348.4 0
0 4 3 12 7
0 0 0 976.7 822.3 0 0 309.6 0 0 0 0 242.4
0 1 2 5 10
0 131.1 0.1 0 0 1148.7 0 0 0 0 1071.1 0 0
**********2022-06-13 19:30:21**********
43331.0 43352.601 0.05 41.389 250.528 
0 9 6 11 8
0 0 0 0 0 0 301.0 0 1635.2 66.5 0 348.4 0
0 4 3 12 7
0 0 0 976.7 822.3 0 0 309.6 0 0 0 0 242.4
0 1 2 5 10
0 131.1 0.1 0 0 1148.7 0 0 0 0 1071.1 0 0
**********2022-06-13 19:30:24**********
43331.0 43352.601 0.05 41.389 253.644 
0 9 6 11 8
0 0 0 0 0 0 301.0 0 1635.2 66.5 0 348.4 0
0 4 3 12 7
0 0 0 976.7 822.3 0 0 309.6 0 0 0 0 242.4
0 1 2 5 10
0 131.1 0.1 0 0 1148.7 0 0 0 0 1071.1 0 0
**********2022-06-13 19:30:27**********
43331.0 43352.601 0.05 41.389 257.379 
0 9 6 11 8
0 0 0 0 0 0 301.0 0 1635.2 66.5 0 348.4 0
0 4 3 12 7
0 0 0 976.7 822.3 0 0 309.6 0 0 0 0 242.4
0 1 2 5 10
0 131.1 0.1 0 0 1148.7 0 0 0 0 1071.1 0 0
**********2022-06-13 19:30:29**********
43331.0 43352.601 0.05 41.389 259.422 
0 9 6 11 8
0 0 0 0 0 0 301.0 0 1635.2 66.5 0 348.4 0
0 4 3 12 7
0 0 0 976.7 822.3 0 0 309.6 0 0 0 0 242.4
0 1 2 5 10
0 131.1 0.1 0 0 1148.7 0 0 0 0 1071.1 0 0
**********2022-06-13 19:30:32**********
43331.0 43352.601 0.05 41.389 261.655 
0 9 6 11 8
0 0 0 0 0 0 301.0 0 1635.2 66.5 0 348.4 0
0 4 3 12 7
0 0 0 976.7 822.3 0 0 309.6 0 0 0 0 242.4
0 1 2 5 10
0 131.1 0.1 0 0 1148.7 0 0 0 0 1071.1 0 0
**********2022-06-13 19:30:34**********
43331.0 43352.601 0.05 41.389 264.424 
0 9 6 11 8
0 0 0 0 0 0 301.0 0 1635.2 66.5 0 348.4 0
0 4 3 12 7
0 0 0 976.7 822.3 0 0 309.6 0 0 0 0 242.4
0 1 2 5 10
0 131.1 0.1 0 0 1148.7 0 0 0 0 1071.1 0 0
**********2022-06-13 19:30:37**********
43331.0 43352.601 0.05 41.389 267.199 
0 9 6 11 8
0 0 0 0 0 0 301.0 0 1635.2 66.5 0 348.4 0
0 4 3 12 7
0 0 0 976.7 822.3 0 0 309.6 0 0 0 0 242.4
0 1 2 5 10
0 131.1 0.1 0 0 1148.7 0 0 0 0 1071.1 0 0
**********2022-06-13 19:30:40**********
43331.0 43352.601 0.05 41.389 270.09 
0 9 6 11 8
0 0 0 0 0 0 301.0 0 1635.2 66.5 0 348.4 0
0 4 3 12 7
0 0 0 976.7 822.3 0 0 309.6 0 0 0 0 242.4
0 1 2 5 10
0 131.1 0.1 0 0 1148.7 0 0 0 0 1071.1 0 0
**********2022-06-13 19:30:43**********
43331.0 43352.601 0.05 41.389 273.153 
0 9 6 11 8
0 0 0 0 0 0 301.0 0 1635.2 66.5 0 348.4 0
0 4 3 12 7
0 0 0 976.7 822.3 0 0 309.6 0 0 0 0 242.4
0 1 2 5 10
0 131.1 0.1 0 0 1148.7 0 0 0 0 1071.1 0 0
**********2022-06-13 19:30:46**********
43331.0 43352.601 0.05 41.389 276.204 
0 9 6 11 8
0 0 0 0 0 0 301.0 0 1635.2 66.5 0 348.4 0
0 4 3 12 7
0 0 0 976.7 822.3 0 0 309.6 0 0 0 0 242.4
0 1 2 5 10
0 131.1 0.1 0 0 1148.7 0 0 0 0 1071.1 0 0
**********2022-06-13 19:30:49**********
43331.0 43352.601 0.05 41.389 279.298 
0 9 6 11 8
0 0 0 0 0 0 301.0 0 1635.2 66.5 0 348.4 0
0 4 3 12 7
0 0 0 976.7 822.3 0 0 309.6 0 0 0 0 242.4
0 1 2 5 10
0 131.1 0.1 0 0 1148.7 0 0 0 0 1071.1 0 0
**********2022-06-13 19:30:52**********
43331.0 43352.601 0.05 41.389 281.908 
0 9 6 11 8
0 0 0 0 0 0 301.0 0 1635.2 66.5 0 348.4 0
0 4 3 12 7
0 0 0 976.7 822.3 0 0 309.6 0 0 0 0 242.4
0 1 2 5 10
0 131.1 0.1 0 0 1148.7 0 0 0 0 1071.1 0 0
**********2022-06-13 19:30:53**********
43331.0 43352.601 0.05 41.389 283.284 
0 9 6 11 8
0 0 0 0 0 0 301.0 0 1635.2 66.5 0 348.4 0
0 4 3 12 7
0 0 0 976.7 822.3 0 0 309.6 0 0 0 0 242.4
0 1 2 5 10
0 131.1 0.1 0 0 1148.7 0 0 0 0 1071.1 0 0
**********2022-06-13 19:30:57**********
43331.0 43352.601 0.05 41.389 287.378 
0 9 6 11 8
0 0 0 0 0 0 301.0 0 1635.2 66.5 0 348.4 0
0 4 3 12 7
0 0 0 976.7 822.3 0 0 309.6 0 0 0 0 242.4
0 1 2 5 10
0 131.1 0.1 0 0 1148.7 0 0 0 0 1071.1 0 0
**********2022-06-13 19:31:01**********
43331.0 43352.601 0.05 41.389 291.004 
0 9 6 11 8
0 0 0 0 0 0 301.0 0 1635.2 66.5 0 348.4 0
0 4 3 12 7
0 0 0 976.7 822.3 0 0 309.6 0 0 0 0 242.4
0 1 2 5 10
0 131.1 0.1 0 0 1148.7 0 0 0 0 1071.1 0 0
**********2022-06-13 19:31:04**********
43331.0 43352.601 0.05 41.389 293.828 
0 9 6 11 8
0 0 0 0 0 0 301.0 0 1635.2 66.5 0 348.4 0
0 4 3 12 7
0 0 0 976.7 822.3 0 0 309.6 0 0 0 0 242.4
0 1 2 5 10
0 131.1 0.1 0 0 1148.7 0 0 0 0 1071.1 0 0
**********2022-06-13 19:31:06**********
43331.0 43352.601 0.05 41.389 296.489 
0 9 6 11 8
0 0 0 0 0 0 301.0 0 1635.2 66.5 0 348.4 0
0 4 3 12 7
0 0 0 976.7 822.3 0 0 309.6 0 0 0 0 242.4
0 1 2 5 10
0 131.1 0.1 0 0 1148.7 0 0 0 0 1071.1 0 0
**********2022-06-13 19:31:09**********
43331.0 43352.601 0.05 41.389 299.009 
0 9 6 11 8
0 0 0 0 0 0 301.0 0 1635.2 66.5 0 348.4 0
0 4 3 12 7
0 0 0 976.7 822.3 0 0 309.6 0 0 0 0 242.4
0 1 2 5 10
0 131.1 0.1 0 0 1148.7 0 0 0 0 1071.1 0 0
**********2022-06-13 19:31:12**********
43331.0 43352.601 0.05 41.389 301.569 
0 9 6 11 8
0 0 0 0 0 0 301.0 0 1635.2 66.5 0 348.4 0
0 4 3 12 7
0 0 0 976.7 822.3 0 0 309.6 0 0 0 0 242.4
0 1 2 5 10
0 131.1 0.1 0 0 1148.7 0 0 0 0 1071.1 0 0
**********2022-06-13 19:31:15**********
43331.0 43352.601 0.05 41.389 305.004 
0 9 6 11 8
0 0 0 0 0 0 301.0 0 1635.2 66.5 0 348.4 0
0 4 3 12 7
0 0 0 976.7 822.3 0 0 309.6 0 0 0 0 242.4
0 1 2 5 10
0 131.1 0.1 0 0 1148.7 0 0 0 0 1071.1 0 0
**********2022-06-13 19:31:19**********
43331.0 43352.601 0.05 41.389 308.921 
0 9 6 11 8
0 0 0 0 0 0 301.0 0 1635.2 66.5 0 348.4 0
0 4 3 12 7
0 0 0 976.7 822.3 0 0 309.6 0 0 0 0 242.4
0 1 2 5 10
0 131.1 0.1 0 0 1148.7 0 0 0 0 1071.1 0 0
**********2022-06-13 19:31:23**********
43331.0 43352.601 0.05 41.389 312.606 
0 9 6 11 8
0 0 0 0 0 0 301.0 0 1635.2 66.5 0 348.4 0
0 4 3 12 7
0 0 0 976.7 822.3 0 0 309.6 0 0 0 0 242.4
0 1 2 5 10
0 131.1 0.1 0 0 1148.7 0 0 0 0 1071.1 0 0
**********2022-06-13 19:31:27**********
43331.0 43352.601 0.05 41.389 317.382 
0 9 6 11 8
0 0 0 0 0 0 301.0 0 1635.2 66.5 0 348.4 0
0 4 3 12 7
0 0 0 976.7 822.3 0 0 309.6 0 0 0 0 242.4
0 1 2 5 10
0 131.1 0.1 0 0 1148.7 0 0 0 0 1071.1 0 0
**********2022-06-13 19:31:33**********
43331.0 43352.601 0.05 41.389 322.576 
0 9 6 11 8
0 0 0 0 0 0 301.0 0 1635.2 66.5 0 348.4 0
0 4 3 12 7
0 0 0 976.7 822.3 0 0 309.6 0 0 0 0 242.4
0 1 2 5 10
0 131.1 0.1 0 0 1148.7 0 0 0 0 1071.1 0 0
**********2022-06-13 19:31:37**********
43331.0 43352.601 0.05 41.389 327.505 
0 9 6 11 8
0 0 0 0 0 0 301.0 0 1635.2 66.5 0 348.4 0
0 4 3 12 7
0 0 0 976.7 822.3 0 0 309.6 0 0 0 0 242.4
0 1 2 5 10
0 131.1 0.1 0 0 1148.7 0 0 0 0 1071.1 0 0
**********2022-06-13 19:31:42**********
43331.0 43352.601 0.05 41.389 332.416 
0 9 6 11 8
0 0 0 0 0 0 301.0 0 1635.2 66.5 0 348.4 0
0 4 3 12 7
0 0 0 976.7 822.3 0 0 309.6 0 0 0 0 242.4
0 1 2 5 10
0 131.1 0.1 0 0 1148.7 0 0 0 0 1071.1 0 0
**********2022-06-13 19:31:47**********
43331.0 43352.601 0.05 41.389 337.386 
0 9 6 11 8
0 0 0 0 0 0 301.0 0 1635.2 66.5 0 348.4 0
0 4 3 12 7
0 0 0 976.7 822.3 0 0 309.6 0 0 0 0 242.4
0 1 2 5 10
0 131.1 0.1 0 0 1148.7 0 0 0 0 1071.1 0 0
**********2022-06-13 19:31:52**********
43331.0 43352.601 0.05 41.389 341.681 
0 9 6 11 8
0 0 0 0 0 0 301.0 0 1635.2 66.5 0 348.4 0
0 4 3 12 7
0 0 0 976.7 822.3 0 0 309.6 0 0 0 0 242.4
0 1 2 5 10
0 131.1 0.1 0 0 1148.7 0 0 0 0 1071.1 0 0
**********2022-06-13 19:31:57**********
43331.0 43352.601 0.05 41.389 346.759 
0 9 6 11 8
0 0 0 0 0 0 301.0 0 1635.2 66.5 0 348.4 0
0 4 3 12 7
0 0 0 976.7 822.3 0 0 309.6 0 0 0 0 242.4
0 1 2 5 10
0 131.1 0.1 0 0 1148.7 0 0 0 0 1071.1 0 0
**********2022-06-13 19:32:02**********
43331.0 43352.601 0.05 41.389 352.244 
0 9 6 11 8
0 0 0 0 0 0 301.0 0 1635.2 66.5 0 348.4 0
0 4 3 12 7
0 0 0 976.7 822.3 0 0 309.6 0 0 0 0 242.4
0 1 2 5 10
0 131.1 0.1 0 0 1148.7 0 0 0 0 1071.1 0 0
**********2022-06-13 19:32:07**********
43331.0 43352.601 0.05 41.389 356.512 
0 9 6 11 8
0 0 0 0 0 0 301.0 0 1635.2 66.5 0 348.4 0
0 4 3 12 7
0 0 0 976.7 822.3 0 0 309.6 0 0 0 0 242.4
0 1 2 5 10
0 131.1 0.1 0 0 1148.7 0 0 0 0 1071.1 0 0
**********2022-06-13 19:32:10**********
43331.0 43352.601 0.05 41.389 360.386 
0 9 6 11 8
0 0 0 0 0 0 301.0 0 1635.2 66.5 0 348.4 0
0 4 3 12 7
0 0 0 976.7 822.3 0 0 309.6 0 0 0 0 242.4
0 1 2 5 10
0 131.1 0.1 0 0 1148.7 0 0 0 0 1071.1 0 0
**********2022-06-13 19:32:14**********
43331.0 43340.159 0.021 364.09 364.091 
0 3 6 10
0 0 0 979.4 0 0 298.1 0 0 0 1073.5 0 0
0 7 4 5 9
0 0 0 0 824.2 1150.7 0 310.3 0 65.8 0 0 0
0 1 12 11 2 8
0 132.0 0.1 0.0 0.0 0.0 0.0 0.0 1627.7 0.0 0.0 346.8 244.3
**********2022-06-13 19:32:19**********
43331.0 43340.159 0.021 364.09 368.624 
0 3 6 10
0 0 0 979.4 0 0 298.1 0 0 0 1073.5 0 0
0 7 4 5 9
0 0 0 0 824.2 1150.7 0 310.3 0 65.8 0 0 0
0 1 12 11 2 8
0 132.0 0.1 0.0 0.0 0.0 0.0 0.0 1627.7 0.0 0.0 346.8 244.3
**********2022-06-13 19:32:22**********
43331.0 43340.159 0.021 364.09 372.147 
0 3 6 10
0 0 0 979.4 0 0 298.1 0 0 0 1073.5 0 0
0 7 4 5 9
0 0 0 0 824.2 1150.7 0 310.3 0 65.8 0 0 0
0 1 12 11 2 8
0 132.0 0.1 0.0 0.0 0.0 0.0 0.0 1627.7 0.0 0.0 346.8 244.3
**********2022-06-13 19:32:26**********
43331.0 43340.159 0.021 364.09 375.667 
0 3 6 10
0 0 0 979.4 0 0 298.1 0 0 0 1073.5 0 0
0 7 4 5 9
0 0 0 0 824.2 1150.7 0 310.3 0 65.8 0 0 0
0 1 12 11 2 8
0 132.0 0.1 0.0 0.0 0.0 0.0 0.0 1627.7 0.0 0.0 346.8 244.3
**********2022-06-13 19:32:29**********
43331.0 43340.159 0.021 364.09 379.133 
0 3 6 10
0 0 0 979.4 0 0 298.1 0 0 0 1073.5 0 0
0 7 4 5 9
0 0 0 0 824.2 1150.7 0 310.3 0 65.8 0 0 0
0 1 12 11 2 8
0 132.0 0.1 0.0 0.0 0.0 0.0 0.0 1627.7 0.0 0.0 346.8 244.3
**********2022-06-13 19:32:32**********
43331.0 43340.159 0.021 364.09 382.263 
0 3 6 10
0 0 0 979.4 0 0 298.1 0 0 0 1073.5 0 0
0 7 4 5 9
0 0 0 0 824.2 1150.7 0 310.3 0 65.8 0 0 0
0 1 12 11 2 8
0 132.0 0.1 0.0 0.0 0.0 0.0 0.0 1627.7 0.0 0.0 346.8 244.3
**********2022-06-13 19:32:35**********
43331.0 43340.159 0.021 364.09 385.331 
0 3 6 10
0 0 0 979.4 0 0 298.1 0 0 0 1073.5 0 0
0 7 4 5 9
0 0 0 0 824.2 1150.7 0 310.3 0 65.8 0 0 0
0 1 12 11 2 8
0 132.0 0.1 0.0 0.0 0.0 0.0 0.0 1627.7 0.0 0.0 346.8 244.3
**********2022-06-13 19:32:38**********
43331.0 43340.159 0.021 364.09 388.488 
0 3 6 10
0 0 0 979.4 0 0 298.1 0 0 0 1073.5 0 0
0 7 4 5 9
0 0 0 0 824.2 1150.7 0 310.3 0 65.8 0 0 0
0 1 12 11 2 8
0 132.0 0.1 0.0 0.0 0.0 0.0 0.0 1627.7 0.0 0.0 346.8 244.3
**********2022-06-13 19:32:42**********
43331.0 43340.159 0.021 364.09 392.08 
0 3 6 10
0 0 0 979.4 0 0 298.1 0 0 0 1073.5 0 0
0 7 4 5 9
0 0 0 0 824.2 1150.7 0 310.3 0 65.8 0 0 0
0 1 12 11 2 8
0 132.0 0.1 0.0 0.0 0.0 0.0 0.0 1627.7 0.0 0.0 346.8 244.3
**********2022-06-13 19:32:46**********
43331.0 43340.159 0.021 364.09 395.709 
0 3 6 10
0 0 0 979.4 0 0 298.1 0 0 0 1073.5 0 0
0 7 4 5 9
0 0 0 0 824.2 1150.7 0 310.3 0 65.8 0 0 0
0 1 12 11 2 8
0 132.0 0.1 0.0 0.0 0.0 0.0 0.0 1627.7 0.0 0.0 346.8 244.3
**********2022-06-13 19:32:49**********
43331.0 43340.159 0.021 364.09 399.178 
0 3 6 10
0 0 0 979.4 0 0 298.1 0 0 0 1073.5 0 0
0 7 4 5 9
0 0 0 0 824.2 1150.7 0 310.3 0 65.8 0 0 0
0 1 12 11 2 8
0 132.0 0.1 0.0 0.0 0.0 0.0 0.0 1627.7 0.0 0.0 346.8 244.3
**********2022-06-13 19:32:53**********
43331.0 43340.159 0.021 364.09 402.873 
0 3 6 10
0 0 0 979.4 0 0 298.1 0 0 0 1073.5 0 0
0 7 4 5 9
0 0 0 0 824.2 1150.7 0 310.3 0 65.8 0 0 0
0 1 12 11 2 8
0 132.0 0.1 0.0 0.0 0.0 0.0 0.0 1627.7 0.0 0.0 346.8 244.3
**********2022-06-13 19:32:56**********
43331.0 43340.159 0.021 364.09 405.862 
0 3 6 10
0 0 0 979.4 0 0 298.1 0 0 0 1073.5 0 0
0 7 4 5 9
0 0 0 0 824.2 1150.7 0 310.3 0 65.8 0 0 0
0 1 12 11 2 8
0 132.0 0.1 0.0 0.0 0.0 0.0 0.0 1627.7 0.0 0.0 346.8 244.3
**********2022-06-13 19:33:00**********
43331.0 43340.159 0.021 364.09 409.739 
0 3 6 10
0 0 0 979.4 0 0 298.1 0 0 0 1073.5 0 0
0 7 4 5 9
0 0 0 0 824.2 1150.7 0 310.3 0 65.8 0 0 0
0 1 12 11 2 8
0 132.0 0.1 0.0 0.0 0.0 0.0 0.0 1627.7 0.0 0.0 346.8 244.3
**********2022-06-13 19:33:04**********
43331.0 43340.159 0.021 364.09 414.369 
0 3 6 10
0 0 0 979.4 0 0 298.1 0 0 0 1073.5 0 0
0 7 4 5 9
0 0 0 0 824.2 1150.7 0 310.3 0 65.8 0 0 0
0 1 12 11 2 8
0 132.0 0.1 0.0 0.0 0.0 0.0 0.0 1627.7 0.0 0.0 346.8 244.3
**********2022-06-13 19:33:07**********
43331.0 43340.159 0.021 364.09 417.434 
0 3 6 10
0 0 0 979.4 0 0 298.1 0 0 0 1073.5 0 0
0 7 4 5 9
0 0 0 0 824.2 1150.7 0 310.3 0 65.8 0 0 0
0 1 12 11 2 8
0 132.0 0.1 0.0 0.0 0.0 0.0 0.0 1627.7 0.0 0.0 346.8 244.3
**********2022-06-13 19:33:09**********
43331.0 43340.159 0.021 364.09 418.601 
0 3 6 10
0 0 0 979.4 0 0 298.1 0 0 0 1073.5 0 0
0 7 4 5 9
0 0 0 0 824.2 1150.7 0 310.3 0 65.8 0 0 0
0 1 12 11 2 8
0 132.0 0.1 0.0 0.0 0.0 0.0 0.0 1627.7 0.0 0.0 346.8 244.3
**********2022-06-13 19:33:11**********
43331.0 43340.159 0.021 364.09 420.903 
0 3 6 10
0 0 0 979.4 0 0 298.1 0 0 0 1073.5 0 0
0 7 4 5 9
0 0 0 0 824.2 1150.7 0 310.3 0 65.8 0 0 0
0 1 12 11 2 8
0 132.0 0.1 0.0 0.0 0.0 0.0 0.0 1627.7 0.0 0.0 346.8 244.3
**********2022-06-13 19:33:14**********
43331.0 43340.159 0.021 364.09 423.61 
0 3 6 10
0 0 0 979.4 0 0 298.1 0 0 0 1073.5 0 0
0 7 4 5 9
0 0 0 0 824.2 1150.7 0 310.3 0 65.8 0 0 0
0 1 12 11 2 8
0 132.0 0.1 0.0 0.0 0.0 0.0 0.0 1627.7 0.0 0.0 346.8 244.3
**********2022-06-13 19:33:16**********
43331.0 43340.159 0.021 364.09 426.434 
0 3 6 10
0 0 0 979.4 0 0 298.1 0 0 0 1073.5 0 0
0 7 4 5 9
0 0 0 0 824.2 1150.7 0 310.3 0 65.8 0 0 0
0 1 12 11 2 8
0 132.0 0.1 0.0 0.0 0.0 0.0 0.0 1627.7 0.0 0.0 346.8 244.3
**********2022-06-13 19:33:21**********
43331.0 43340.159 0.021 364.09 431.282 
0 3 6 10
0 0 0 979.4 0 0 298.1 0 0 0 1073.5 0 0
0 7 4 5 9
0 0 0 0 824.2 1150.7 0 310.3 0 65.8 0 0 0
0 1 12 11 2 8
0 132.0 0.1 0.0 0.0 0.0 0.0 0.0 1627.7 0.0 0.0 346.8 244.3
**********2022-06-13 19:33:22**********
43331.0 43340.159 0.021 364.09 432.453 
0 3 6 10
0 0 0 979.4 0 0 298.1 0 0 0 1073.5 0 0
0 7 4 5 9
0 0 0 0 824.2 1150.7 0 310.3 0 65.8 0 0 0
0 1 12 11 2 8
0 132.0 0.1 0.0 0.0 0.0 0.0 0.0 1627.7 0.0 0.0 346.8 244.3
**********2022-06-13 19:33:25**********
43331.0 43340.159 0.021 364.09 435.105 
0 3 6 10
0 0 0 979.4 0 0 298.1 0 0 0 1073.5 0 0
0 7 4 5 9
0 0 0 0 824.2 1150.7 0 310.3 0 65.8 0 0 0
0 1 12 11 2 8
0 132.0 0.1 0.0 0.0 0.0 0.0 0.0 1627.7 0.0 0.0 346.8 244.3
**********2022-06-13 19:33:30**********
43331.0 43340.159 0.021 364.09 440.333 
0 3 6 10
0 0 0 979.4 0 0 298.1 0 0 0 1073.5 0 0
0 7 4 5 9
0 0 0 0 824.2 1150.7 0 310.3 0 65.8 0 0 0
0 1 12 11 2 8
0 132.0 0.1 0.0 0.0 0.0 0.0 0.0 1627.7 0.0 0.0 346.8 244.3
**********2022-06-13 19:55:56**********
97717.013 97757.81 0.042 19.66 19.66 
0 10 8 1 4
0 1.4 0 0 3.2 0 0 0 0.1 0 4980.4 0 0
0 12 6 11 5
0 0 0 0 0 304.5 1205.0 0 0 0 0 2801.4 674.1
0 3 2 7 9
0 0.0 1828.6 643.8 0.0 0.0 0.0 764.2 0.0 1748.3 0.0 0.0 0.0
**********2022-06-13 19:56:10**********
97717.013 97740.352 0.024 33.597 33.597 
0 9 7 2 3
0 0 1828.6 643.8 0 0 0 764.2 0 1748.3 0 0 0
0 8 1 10
0 1.4 0 0 0 0 0 0 0.1 0 4983.5 0 0
0 4 5 6 12 11
0 0 0 0 16.9 303.5 1200.9 0 0 0 0 2791.9 671.8
**********2022-06-13 19:56:25**********
97717.015 97729.69 0.013 48.598 48.598 
0 8 1 10
0 1.4 0 0 0 0 0 0 0.1 0 4983.5 0 0
0 7 5 6 11
0 0 0 0 0 297.6 1177.8 771.7 0 0 0 2737.9 0
0 2 3 4 9 12
0 0 1864.3 656.3 16.7 0 0 0 0 1782.4 0 0 665.2
**********2022-06-13 19:56:37**********
97717.03 97729.69 0.013 48.598 60.519 
0 8 1 10
0 1.4 0 0 0 0 0 0 0.1 0 4983.5 0 0
0 7 5 6 11
0 0 0 0 0 297.6 1177.8 771.7 0 0 0 2737.9 0
0 2 3 4 9 12
0 0 1864.3 656.3 16.7 0 0 0 0 1782.4 0 0 665.2
**********2022-06-13 19:56:49**********
97717.113 97729.69 0.013 48.598 72.622 
0 8 1 10
0 1.4 0 0 0 0 0 0 0.1 0 4983.5 0 0
0 7 5 6 11
0 0 0 0 0 297.6 1177.8 771.7 0 0 0 2737.9 0
0 2 3 4 9 12
0 0 1864.3 656.3 16.7 0 0 0 0 1782.4 0 0 665.2
**********2022-06-13 19:56:57**********
97717.113 97729.69 0.013 48.598 79.898 
0 8 1 10
0 1.4 0 0 0 0 0 0 0.1 0 4983.5 0 0
0 7 5 6 11
0 0 0 0 0 297.6 1177.8 771.7 0 0 0 2737.9 0
0 2 3 4 9 12
0 0 1864.3 656.3 16.7 0 0 0 0 1782.4 0 0 665.2
**********2022-06-13 19:57:03**********
97717.113 97729.69 0.013 48.598 86.19 
0 8 1 10
0 1.4 0 0 0 0 0 0 0.1 0 4983.5 0 0
0 7 5 6 11
0 0 0 0 0 297.6 1177.8 771.7 0 0 0 2737.9 0
0 2 3 4 9 12
0 0 1864.3 656.3 16.7 0 0 0 0 1782.4 0 0 665.2
**********2022-06-13 19:57:13**********
97717.142 97729.69 0.013 48.598 96.53 
0 8 1 10
0 1.4 0 0 0 0 0 0 0.1 0 4983.5 0 0
0 7 5 6 11
0 0 0 0 0 297.6 1177.8 771.7 0 0 0 2737.9 0
0 2 3 4 9 12
0 0 1864.3 656.3 16.7 0 0 0 0 1782.4 0 0 665.2
**********2022-06-13 19:57:22**********
97717.144 97729.69 0.013 48.598 105.312 
0 8 1 10
0 1.4 0 0 0 0 0 0 0.1 0 4983.5 0 0
0 7 5 6 11
0 0 0 0 0 297.6 1177.8 771.7 0 0 0 2737.9 0
0 2 3 4 9 12
0 0 1864.3 656.3 16.7 0 0 0 0 1782.4 0 0 665.2
**********2022-06-13 19:57:29**********
97717.149 97729.69 0.013 48.598 112.709 
0 8 1 10
0 1.4 0 0 0 0 0 0 0.1 0 4983.5 0 0
0 7 5 6 11
0 0 0 0 0 297.6 1177.8 771.7 0 0 0 2737.9 0
0 2 3 4 9 12
0 0 1864.3 656.3 16.7 0 0 0 0 1782.4 0 0 665.2
**********2022-06-13 19:57:49**********
97717.156 97726.509 0.01 132.291 132.291 
0 6 7 11 5
0 0.0 0.0 0.0 0.0 297.6 1177.8 771.7 0.0 0.0 0.0 2737.9 0.0
0 1 8 10
0 1.4 0 0 0 0 0 0 0.1 0 4983.5 0 0
0 12 4 3 2 9
0 0 1864.3 656.3 16.7 0 0 0 0 1782.4 0 0 665.2
**********2022-06-13 19:57:59**********
97717.158 97726.509 0.01 132.291 142.519 
0 6 7 11 5
0 0.0 0.0 0.0 0.0 297.6 1177.8 771.7 0.0 0.0 0.0 2737.9 0.0
0 1 8 10
0 1.4 0 0 0 0 0 0 0.1 0 4983.5 0 0
0 12 4 3 2 9
0 0 1864.3 656.3 16.7 0 0 0 0 1782.4 0 0 665.2
**********2022-06-13 19:58:09**********
97717.165 97726.509 0.01 132.291 152.199 
0 6 7 11 5
0 0.0 0.0 0.0 0.0 297.6 1177.8 771.7 0.0 0.0 0.0 2737.9 0.0
0 1 8 10
0 1.4 0 0 0 0 0 0 0.1 0 4983.5 0 0
0 12 4 3 2 9
0 0 1864.3 656.3 16.7 0 0 0 0 1782.4 0 0 665.2
**********2022-06-13 19:58:17**********
97717.165 97726.509 0.01 132.291 160.203 
0 6 7 11 5
0 0.0 0.0 0.0 0.0 297.6 1177.8 771.7 0.0 0.0 0.0 2737.9 0.0
0 1 8 10
0 1.4 0 0 0 0 0 0 0.1 0 4983.5 0 0
0 12 4 3 2 9
0 0 1864.3 656.3 16.7 0 0 0 0 1782.4 0 0 665.2
**********2022-06-13 19:58:24**********
97717.165 97726.509 0.01 132.291 167.638 
0 6 7 11 5
0 0.0 0.0 0.0 0.0 297.6 1177.8 771.7 0.0 0.0 0.0 2737.9 0.0
0 1 8 10
0 1.4 0 0 0 0 0 0 0.1 0 4983.5 0 0
0 12 4 3 2 9
0 0 1864.3 656.3 16.7 0 0 0 0 1782.4 0 0 665.2
**********2022-06-13 19:58:32**********
97717.165 97726.509 0.01 132.291 175.244 
0 6 7 11 5
0 0.0 0.0 0.0 0.0 297.6 1177.8 771.7 0.0 0.0 0.0 2737.9 0.0
0 1 8 10
0 1.4 0 0 0 0 0 0 0.1 0 4983.5 0 0
0 12 4 3 2 9
0 0 1864.3 656.3 16.7 0 0 0 0 1782.4 0 0 665.2
**********2022-06-13 19:58:39**********
97717.179 97726.509 0.01 132.291 182.648 
0 6 7 11 5
0 0.0 0.0 0.0 0.0 297.6 1177.8 771.7 0.0 0.0 0.0 2737.9 0.0
0 1 8 10
0 1.4 0 0 0 0 0 0 0.1 0 4983.5 0 0
0 12 4 3 2 9
0 0 1864.3 656.3 16.7 0 0 0 0 1782.4 0 0 665.2
**********2022-06-13 19:58:45**********
97717.179 97726.509 0.01 132.291 188.525 
0 6 7 11 5
0 0.0 0.0 0.0 0.0 297.6 1177.8 771.7 0.0 0.0 0.0 2737.9 0.0
0 1 8 10
0 1.4 0 0 0 0 0 0 0.1 0 4983.5 0 0
0 12 4 3 2 9
0 0 1864.3 656.3 16.7 0 0 0 0 1782.4 0 0 665.2
**********2022-06-13 19:58:53**********
97717.213 97726.509 0.01 132.291 196.344 
0 6 7 11 5
0 0.0 0.0 0.0 0.0 297.6 1177.8 771.7 0.0 0.0 0.0 2737.9 0.0
0 1 8 10
0 1.4 0 0 0 0 0 0 0.1 0 4983.5 0 0
0 12 4 3 2 9
0 0 1864.3 656.3 16.7 0 0 0 0 1782.4 0 0 665.2
**********2022-06-13 19:59:01**********
97717.214 97726.509 0.01 132.291 203.812 
0 6 7 11 5
0 0.0 0.0 0.0 0.0 297.6 1177.8 771.7 0.0 0.0 0.0 2737.9 0.0
0 1 8 10
0 1.4 0 0 0 0 0 0 0.1 0 4983.5 0 0
0 12 4 3 2 9
0 0 1864.3 656.3 16.7 0 0 0 0 1782.4 0 0 665.2
**********2022-06-13 19:59:07**********
97717.217 97726.509 0.01 132.291 210.393 
0 6 7 11 5
0 0.0 0.0 0.0 0.0 297.6 1177.8 771.7 0.0 0.0 0.0 2737.9 0.0
0 1 8 10
0 1.4 0 0 0 0 0 0 0.1 0 4983.5 0 0
0 12 4 3 2 9
0 0 1864.3 656.3 16.7 0 0 0 0 1782.4 0 0 665.2
**********2022-06-13 19:59:15**********
97717.253 97726.509 0.009 132.291 217.837 
0 6 7 11 5
0 0.0 0.0 0.0 0.0 297.6 1177.8 771.7 0.0 0.0 0.0 2737.9 0.0
0 1 8 10
0 1.4 0 0 0 0 0 0 0.1 0 4983.5 0 0
0 12 4 3 2 9
0 0 1864.3 656.3 16.7 0 0 0 0 1782.4 0 0 665.2
**********2024-02-15 03:52:30**********
97717.013 97737.259 0.021 15.812 15.812 1 137.0 
0 12 9 2 3
0 0 1870.6 658.6 0 0 0 0 0 1788.4 0 0 667.5
0 10 1 8 4
0 1.4 0.0 0.0 3.2 0.0 0.0 0.0 0.1 0.0 4980.4 0.0 0.0
0 6 7 11 5
0 0.0 0.0 0.0 0.0 297.6 1177.8 771.7 0.0 0.0 0.0 2737.9 0.0
**********2024-02-15 03:52:41**********
97717.013 97737.259 0.021 15.812 26.759 3 137.0 
0 12 9 2 3
0 0 1870.6 658.6 0 0 0 0 0 1788.4 0 0 667.5
0 10 1 8 4
0 1.4 0.0 0.0 3.2 0.0 0.0 0.0 0.1 0.0 4980.4 0.0 0.0
0 6 7 11 5
0 0.0 0.0 0.0 0.0 297.6 1177.8 771.7 0.0 0.0 0.0 2737.9 0.0
**********2024-02-15 03:52:53**********
97717.015 97737.259 0.021 15.812 38.361 5 133.333 
0 12 9 2 3
0 0 1870.6 658.6 0 0 0 0 0 1788.4 0 0 667.5
0 10 1 8 4
0 1.4 0.0 0.0 3.2 0.0 0.0 0.0 0.1 0.0 4980.4 0.0 0.0
0 6 7 11 5
0 0.0 0.0 0.0 0.0 297.6 1177.8 771.7 0.0 0.0 0.0 2737.9 0.0
**********2024-02-15 03:53:10**********
97717.03 97737.259 0.021 15.812 55.424 7 127.75 
0 12 9 2 3
0 0 1870.6 658.6 0 0 0 0 0 1788.4 0 0 667.5
0 10 1 8 4
0 1.4 0.0 0.0 3.2 0.0 0.0 0.0 0.1 0.0 4980.4 0.0 0.0
0 6 7 11 5
0 0.0 0.0 0.0 0.0 297.6 1177.8 771.7 0.0 0.0 0.0 2737.9 0.0
**********2024-02-15 03:53:15**********
97717.113 97737.259 0.021 15.812 60.732 9 124.2 
0 12 9 2 3
0 0 1870.6 658.6 0 0 0 0 0 1788.4 0 0 667.5
0 10 1 8 4
0 1.4 0.0 0.0 3.2 0.0 0.0 0.0 0.1 0.0 4980.4 0.0 0.0
0 6 7 11 5
0 0.0 0.0 0.0 0.0 297.6 1177.8 771.7 0.0 0.0 0.0 2737.9 0.0
**********2024-02-15 03:53:22**********
97717.113 97737.259 0.021 15.812 67.509 11 119.0 
0 12 9 2 3
0 0 1870.6 658.6 0 0 0 0 0 1788.4 0 0 667.5
0 10 1 8 4
0 1.4 0.0 0.0 3.2 0.0 0.0 0.0 0.1 0.0 4980.4 0.0 0.0
0 6 7 11 5
0 0.0 0.0 0.0 0.0 297.6 1177.8 771.7 0.0 0.0 0.0 2737.9 0.0
**********2024-02-15 03:53:29**********
97717.113 97737.259 0.021 15.812 74.141 13 114.857 
0 12 9 2 3
0 0 1870.6 658.6 0 0 0 0 0 1788.4 0 0 667.5
0 10 1 8 4
0 1.4 0.0 0.0 3.2 0.0 0.0 0.0 0.1 0.0 4980.4 0.0 0.0
0 6 7 11 5
0 0.0 0.0 0.0 0.0 297.6 1177.8 771.7 0.0 0.0 0.0 2737.9 0.0
**********2024-02-15 03:53:37**********
97717.142 97737.259 0.021 15.812 82.596 15 112.0 
0 12 9 2 3
0 0 1870.6 658.6 0 0 0 0 0 1788.4 0 0 667.5
0 10 1 8 4
0 1.4 0.0 0.0 3.2 0.0 0.0 0.0 0.1 0.0 4980.4 0.0 0.0
0 6 7 11 5
0 0.0 0.0 0.0 0.0 297.6 1177.8 771.7 0.0 0.0 0.0 2737.9 0.0
**********2024-02-15 03:53:44**********
97717.144 97737.259 0.021 15.812 89.652 17 110.111 
0 12 9 2 3
0 0 1870.6 658.6 0 0 0 0 0 1788.4 0 0 667.5
0 10 1 8 4
0 1.4 0.0 0.0 3.2 0.0 0.0 0.0 0.1 0.0 4980.4 0.0 0.0
0 6 7 11 5
0 0.0 0.0 0.0 0.0 297.6 1177.8 771.7 0.0 0.0 0.0 2737.9 0.0
**********2024-02-15 03:53:51**********
97717.149 97737.259 0.021 15.812 96.579 19 108.7 
0 12 9 2 3
0 0 1870.6 658.6 0 0 0 0 0 1788.4 0 0 667.5
0 10 1 8 4
0 1.4 0.0 0.0 3.2 0.0 0.0 0.0 0.1 0.0 4980.4 0.0 0.0
0 6 7 11 5
0 0.0 0.0 0.0 0.0 297.6 1177.8 771.7 0.0 0.0 0.0 2737.9 0.0
**********2024-02-15 03:54:13**********
97717.156 97737.259 0.021 15.812 118.627 21 108.545 
0 12 9 2 3
0 0 1870.6 658.6 0 0 0 0 0 1788.4 0 0 667.5
0 10 1 8 4
0 1.4 0.0 0.0 3.2 0.0 0.0 0.0 0.1 0.0 4980.4 0.0 0.0
0 6 7 11 5
0 0.0 0.0 0.0 0.0 297.6 1177.8 771.7 0.0 0.0 0.0 2737.9 0.0
**********2024-02-15 03:54:22**********
97717.158 97737.259 0.021 15.812 127.102 23 106.083 
0 12 9 2 3
0 0 1870.6 658.6 0 0 0 0 0 1788.4 0 0 667.5
0 10 1 8 4
0 1.4 0.0 0.0 3.2 0.0 0.0 0.0 0.1 0.0 4980.4 0.0 0.0
0 6 7 11 5
0 0.0 0.0 0.0 0.0 297.6 1177.8 771.7 0.0 0.0 0.0 2737.9 0.0
**********2024-02-15 03:54:31**********
97717.165 97737.259 0.021 15.812 135.953 25 105.077 
0 12 9 2 3
0 0 1870.6 658.6 0 0 0 0 0 1788.4 0 0 667.5
0 10 1 8 4
0 1.4 0.0 0.0 3.2 0.0 0.0 0.0 0.1 0.0 4980.4 0.0 0.0
0 6 7 11 5
0 0.0 0.0 0.0 0.0 297.6 1177.8 771.7 0.0 0.0 0.0 2737.9 0.0
**********2024-02-15 03:54:38**********
97717.165 97735.313 0.019 143.031 143.031 27 103.071 
0 8 1 10
0 1.4 0.0 0.0 0.0 0.0 0.0 0.0 0.1 0.0 4983.5 0.0 0.0
0 9 12 2 3
0 0 1870.6 658.6 0 0 0 0 0 1788.4 0 0 667.5
0 5 6 11 4 7
0 0.0 0.0 0.0 16.5 296.7 1173.9 769.1 0.0 0.0 0.0 2728.9 0.0
**********2024-02-15 03:54:45**********
97717.165 97735.313 0.019 143.031 150.22 29 101.133 
0 8 1 10
0 1.4 0.0 0.0 0.0 0.0 0.0 0.0 0.1 0.0 4983.5 0.0 0.0
0 9 12 2 3
0 0 1870.6 658.6 0 0 0 0 0 1788.4 0 0 667.5
0 5 6 11 4 7
0 0.0 0.0 0.0 16.5 296.7 1173.9 769.1 0.0 0.0 0.0 2728.9 0.0
**********2024-02-15 03:54:55**********
97717.165 97735.313 0.019 143.031 160.668 31 99.5 
0 8 1 10
0 1.4 0.0 0.0 0.0 0.0 0.0 0.0 0.1 0.0 4983.5 0.0 0.0
0 9 12 2 3
0 0 1870.6 658.6 0 0 0 0 0 1788.4 0 0 667.5
0 5 6 11 4 7
0 0.0 0.0 0.0 16.5 296.7 1173.9 769.1 0.0 0.0 0.0 2728.9 0.0
**********2024-02-15 03:55:00**********
97717.179 97735.313 0.019 143.031 165.151 33 98.294 
0 8 1 10
0 1.4 0.0 0.0 0.0 0.0 0.0 0.0 0.1 0.0 4983.5 0.0 0.0
0 9 12 2 3
0 0 1870.6 658.6 0 0 0 0 0 1788.4 0 0 667.5
0 5 6 11 4 7
0 0.0 0.0 0.0 16.5 296.7 1173.9 769.1 0.0 0.0 0.0 2728.9 0.0
**********2024-02-15 03:55:05**********
97717.179 97735.313 0.019 143.031 170.067 35 98.056 
0 8 1 10
0 1.4 0.0 0.0 0.0 0.0 0.0 0.0 0.1 0.0 4983.5 0.0 0.0
0 9 12 2 3
0 0 1870.6 658.6 0 0 0 0 0 1788.4 0 0 667.5
0 5 6 11 4 7
0 0.0 0.0 0.0 16.5 296.7 1173.9 769.1 0.0 0.0 0.0 2728.9 0.0
**********2024-02-15 03:55:11**********
97717.213 97735.313 0.019 143.031 176.055 37 97.737 
0 8 1 10
0 1.4 0.0 0.0 0.0 0.0 0.0 0.0 0.1 0.0 4983.5 0.0 0.0
0 9 12 2 3
0 0 1870.6 658.6 0 0 0 0 0 1788.4 0 0 667.5
0 5 6 11 4 7
0 0.0 0.0 0.0 16.5 296.7 1173.9 769.1 0.0 0.0 0.0 2728.9 0.0
**********2024-02-15 03:55:18**********
97717.214 97735.313 0.019 143.031 183.692 39 95.55 
0 8 1 10
0 1.4 0.0 0.0 0.0 0.0 0.0 0.0 0.1 0.0 4983.5 0.0 0.0
0 9 12 2 3
0 0 1870.6 658.6 0 0 0 0 0 1788.4 0 0 667.5
0 5 6 11 4 7
0 0.0 0.0 0.0 16.5 296.7 1173.9 769.1 0.0 0.0 0.0 2728.9 0.0
**********2024-02-15 03:55:24**********
97717.217 97735.313 0.019 143.031 189.792 41 93.571 
0 8 1 10
0 1.4 0.0 0.0 0.0 0.0 0.0 0.0 0.1 0.0 4983.5 0.0 0.0
0 9 12 2 3
0 0 1870.6 658.6 0 0 0 0 0 1788.4 0 0 667.5
0 5 6 11 4 7
0 0.0 0.0 0.0 16.5 296.7 1173.9 769.1 0.0 0.0 0.0 2728.9 0.0
**********2024-02-15 03:55:31**********
97717.253 97735.313 0.018 143.031 196.266 43 93.182 
0 8 1 10
0 1.4 0.0 0.0 0.0 0.0 0.0 0.0 0.1 0.0 4983.5 0.0 0.0
0 9 12 2 3
0 0 1870.6 658.6 0 0 0 0 0 1788.4 0 0 667.5
0 5 6 11 4 7
0 0.0 0.0 0.0 16.5 296.7 1173.9 769.1 0.0 0.0 0.0 2728.9 0.0
**********2024-02-15 03:55:40**********
97717.255 97735.313 0.018 143.031 205.425 45 93.0 
0 8 1 10
0 1.4 0.0 0.0 0.0 0.0 0.0 0.0 0.1 0.0 4983.5 0.0 0.0
0 9 12 2 3
0 0 1870.6 658.6 0 0 0 0 0 1788.4 0 0 667.5
0 5 6 11 4 7
0 0.0 0.0 0.0 16.5 296.7 1173.9 769.1 0.0 0.0 0.0 2728.9 0.0
**********2024-02-15 03:55:42**********
97717.255 97735.313 0.018 143.031 207.034 47 91.333 
0 8 1 10
0 1.4 0.0 0.0 0.0 0.0 0.0 0.0 0.1 0.0 4983.5 0.0 0.0
0 9 12 2 3
0 0 1870.6 658.6 0 0 0 0 0 1788.4 0 0 667.5
0 5 6 11 4 7
0 0.0 0.0 0.0 16.5 296.7 1173.9 769.1 0.0 0.0 0.0 2728.9 0.0
**********2024-02-15 03:55:47**********
97717.261 97735.313 0.018 143.031 211.952 49 89.92 
0 8 1 10
0 1.4 0.0 0.0 0.0 0.0 0.0 0.0 0.1 0.0 4983.5 0.0 0.0
0 9 12 2 3
0 0 1870.6 658.6 0 0 0 0 0 1788.4 0 0 667.5
0 5 6 11 4 7
0 0.0 0.0 0.0 16.5 296.7 1173.9 769.1 0.0 0.0 0.0 2728.9 0.0
**********2024-02-15 03:55:52**********
97717.27 97735.313 0.018 143.031 217.32 51 88.615 
0 8 1 10
0 1.4 0.0 0.0 0.0 0.0 0.0 0.0 0.1 0.0 4983.5 0.0 0.0
0 9 12 2 3
0 0 1870.6 658.6 0 0 0 0 0 1788.4 0 0 667.5
0 5 6 11 4 7
0 0.0 0.0 0.0 16.5 296.7 1173.9 769.1 0.0 0.0 0.0 2728.9 0.0
**********2024-02-15 03:55:58**********
97717.271 97735.313 0.018 143.031 222.883 53 87.778 
0 8 1 10
0 1.4 0.0 0.0 0.0 0.0 0.0 0.0 0.1 0.0 4983.5 0.0 0.0
0 9 12 2 3
0 0 1870.6 658.6 0 0 0 0 0 1788.4 0 0 667.5
0 5 6 11 4 7
0 0.0 0.0 0.0 16.5 296.7 1173.9 769.1 0.0 0.0 0.0 2728.9 0.0
**********2024-02-15 03:56:04**********
97717.276 97735.313 0.018 143.031 228.96 55 86.964 
0 8 1 10
0 1.4 0.0 0.0 0.0 0.0 0.0 0.0 0.1 0.0 4983.5 0.0 0.0
0 9 12 2 3
0 0 1870.6 658.6 0 0 0 0 0 1788.4 0 0 667.5
0 5 6 11 4 7
0 0.0 0.0 0.0 16.5 296.7 1173.9 769.1 0.0 0.0 0.0 2728.9 0.0
**********2024-02-15 03:56:09**********
97717.28 97726.542 0.009 234.662 234.662 57 86.069 
0 8 1 10
0 1.4 0.0 0.0 0.0 0.0 0.0 0.0 0.1 0.0 4983.5 0.0 0.0
0 7 5 6 11
0 0 0 0 0 297.6 1177.8 771.7 0 0 0 2737.9 0
0 3 4 2 12 9
0 0.0 1864.3 656.3 16.7 0.0 0.0 0.0 0.0 1782.4 0.0 0.0 665.2
