**********2022-05-30 21:18:51**********
14107.31 14122.649 0.109 18.243 18.244 
0 8
0 0 0 0 0 0 0 0 12088.0 0 0 0 0
0 3 10 9 11 1 2
0 1020.2 0.7 4464.9 0 0 0 0 0 302.8 921.0 1595.2 0
0 6 7 5 12 4
0 0 0 0 5187.5 2301.4 257.3 520.5 0 0 0 0 1562.4
**********2022-05-30 21:19:02**********
14107.31 14122.649 0.109 18.243 29.289 
0 8
0 0 0 0 0 0 0 0 12088.0 0 0 0 0
0 3 10 9 11 1 2
0 1020.2 0.7 4464.9 0 0 0 0 0 302.8 921.0 1595.2 0
0 6 7 5 12 4
0 0 0 0 5187.5 2301.4 257.3 520.5 0 0 0 0 1562.4
**********2022-05-30 21:19:12**********
14107.31 14122.649 0.109 18.243 39.045 
0 8
0 0 0 0 0 0 0 0 12088.0 0 0 0 0
0 3 10 9 11 1 2
0 1020.2 0.7 4464.9 0 0 0 0 0 302.8 921.0 1595.2 0
0 6 7 5 12 4
0 0 0 0 5187.5 2301.4 257.3 520.5 0 0 0 0 1562.4
**********2022-05-30 21:19:22**********
14107.31 14122.649 0.109 18.243 49.58 
0 8
0 0 0 0 0 0 0 0 12088.0 0 0 0 0
0 3 10 9 11 1 2
0 1020.2 0.7 4464.9 0 0 0 0 0 302.8 921.0 1595.2 0
0 6 7 5 12 4
0 0 0 0 5187.5 2301.4 257.3 520.5 0 0 0 0 1562.4
**********2022-05-30 21:19:31**********
14107.31 14122.649 0.109 18.243 57.877 
0 8
0 0 0 0 0 0 0 0 12088.0 0 0 0 0
0 3 10 9 11 1 2
0 1020.2 0.7 4464.9 0 0 0 0 0 302.8 921.0 1595.2 0
0 6 7 5 12 4
0 0 0 0 5187.5 2301.4 257.3 520.5 0 0 0 0 1562.4
**********2022-05-30 21:19:38**********
14107.31 14122.649 0.109 18.243 64.88 
0 8
0 0 0 0 0 0 0 0 12088.0 0 0 0 0
0 3 10 9 11 1 2
0 1020.2 0.7 4464.9 0 0 0 0 0 302.8 921.0 1595.2 0
0 6 7 5 12 4
0 0 0 0 5187.5 2301.4 257.3 520.5 0 0 0 0 1562.4
**********2022-05-30 21:19:46**********
14107.31 14114.443 0.051 73.424 73.425 
0 1 10 4 9 7
0 1020.2 0 0 5187.7 0 0 520.6 0 302.8 921.1 0 0
0 3 12 6 11 5
0 0 0 4465.1 0 2301.5 257.3 0 0 0 0 1595.3 1562.4
0 2 8
0 0 0.6 0 0 0 0 0 12087.4 0 0 0 0
**********2022-05-30 21:19:57**********
14107.31 14114.443 0.051 73.424 84.454 
0 1 10 4 9 7
0 1020.2 0 0 5187.7 0 0 520.6 0 302.8 921.1 0 0
0 3 12 6 11 5
0 0 0 4465.1 0 2301.5 257.3 0 0 0 0 1595.3 1562.4
0 2 8
0 0 0.6 0 0 0 0 0 12087.4 0 0 0 0
**********2022-05-30 21:20:05**********
14107.31 14114.443 0.051 73.424 92.605 
0 1 10 4 9 7
0 1020.2 0 0 5187.7 0 0 520.6 0 302.8 921.1 0 0
0 3 12 6 11 5
0 0 0 4465.1 0 2301.5 257.3 0 0 0 0 1595.3 1562.4
0 2 8
0 0 0.6 0 0 0 0 0 12087.4 0 0 0 0
**********2022-05-30 21:20:13**********
14107.31 14113.951 0.047 100.641 100.641 
0 8 2
0 0.0 0.6 0.0 0.0 0.0 0.0 0.0 12087.4 0.0 0.0 0.0 0.0
0 1 10 4 9 7
0 1020.2 0 0 5187.7 0 0 520.6 0 302.8 921.1 0 0
0 3 12 6 11 5
0 0 0 4465.1 0 2301.5 257.3 0 0 0 0 1595.3 1562.4
**********2022-05-30 21:20:22**********
14107.31 14113.951 0.047 100.641 109.12 
0 8 2
0 0.0 0.6 0.0 0.0 0.0 0.0 0.0 12087.4 0.0 0.0 0.0 0.0
0 1 10 4 9 7
0 1020.2 0 0 5187.7 0 0 520.6 0 302.8 921.1 0 0
0 3 12 6 11 5
0 0 0 4465.1 0 2301.5 257.3 0 0 0 0 1595.3 1562.4
**********2022-05-30 21:20:29**********
14107.31 14113.951 0.047 100.641 116.457 
0 8 2
0 0.0 0.6 0.0 0.0 0.0 0.0 0.0 12087.4 0.0 0.0 0.0 0.0
0 1 10 4 9 7
0 1020.2 0 0 5187.7 0 0 520.6 0 302.8 921.1 0 0
0 3 12 6 11 5
0 0 0 4465.1 0 2301.5 257.3 0 0 0 0 1595.3 1562.4
**********2022-05-30 21:20:36**********
14107.31 14113.951 0.047 100.641 123.475 
0 8 2
0 0.0 0.6 0.0 0.0 0.0 0.0 0.0 12087.4 0.0 0.0 0.0 0.0
0 1 10 4 9 7
0 1020.2 0 0 5187.7 0 0 520.6 0 302.8 921.1 0 0
0 3 12 6 11 5
0 0 0 4465.1 0 2301.5 257.3 0 0 0 0 1595.3 1562.4
**********2022-05-30 21:20:43**********
14107.31 14113.951 0.047 100.641 130.257 
0 8 2
0 0.0 0.6 0.0 0.0 0.0 0.0 0.0 12087.4 0.0 0.0 0.0 0.0
0 1 10 4 9 7
0 1020.2 0 0 5187.7 0 0 520.6 0 302.8 921.1 0 0
0 3 12 6 11 5
0 0 0 4465.1 0 2301.5 257.3 0 0 0 0 1595.3 1562.4
**********2022-05-30 21:20:51**********
14107.31 14113.951 0.047 100.641 138.11 
0 8 2
0 0.0 0.6 0.0 0.0 0.0 0.0 0.0 12087.4 0.0 0.0 0.0 0.0
0 1 10 4 9 7
0 1020.2 0 0 5187.7 0 0 520.6 0 302.8 921.1 0 0
0 3 12 6 11 5
0 0 0 4465.1 0 2301.5 257.3 0 0 0 0 1595.3 1562.4
**********2022-05-30 21:20:57**********
14107.31 14113.951 0.047 100.641 144.266 
0 8 2
0 0.0 0.6 0.0 0.0 0.0 0.0 0.0 12087.4 0.0 0.0 0.0 0.0
0 1 10 4 9 7
0 1020.2 0 0 5187.7 0 0 520.6 0 302.8 921.1 0 0
0 3 12 6 11 5
0 0 0 4465.1 0 2301.5 257.3 0 0 0 0 1595.3 1562.4
**********2022-05-30 21:21:05**********
14107.31 14113.951 0.047 100.641 151.78 
0 8 2
0 0.0 0.6 0.0 0.0 0.0 0.0 0.0 12087.4 0.0 0.0 0.0 0.0
0 1 10 4 9 7
0 1020.2 0 0 5187.7 0 0 520.6 0 302.8 921.1 0 0
0 3 12 6 11 5
0 0 0 4465.1 0 2301.5 257.3 0 0 0 0 1595.3 1562.4
**********2022-05-30 21:21:12**********
14107.31 14113.951 0.047 100.641 159.297 
0 8 2
0 0.0 0.6 0.0 0.0 0.0 0.0 0.0 12087.4 0.0 0.0 0.0 0.0
0 1 10 4 9 7
0 1020.2 0 0 5187.7 0 0 520.6 0 302.8 921.1 0 0
0 3 12 6 11 5
0 0 0 4465.1 0 2301.5 257.3 0 0 0 0 1595.3 1562.4
**********2022-05-30 21:21:19**********
14107.31 14113.951 0.047 100.641 165.932 
0 8 2
0 0.0 0.6 0.0 0.0 0.0 0.0 0.0 12087.4 0.0 0.0 0.0 0.0
0 1 10 4 9 7
0 1020.2 0 0 5187.7 0 0 520.6 0 302.8 921.1 0 0
0 3 12 6 11 5
0 0 0 4465.1 0 2301.5 257.3 0 0 0 0 1595.3 1562.4
**********2022-05-30 21:21:28**********
14107.31 14113.951 0.047 100.641 175.254 
0 8 2
0 0.0 0.6 0.0 0.0 0.0 0.0 0.0 12087.4 0.0 0.0 0.0 0.0
0 1 10 4 9 7
0 1020.2 0 0 5187.7 0 0 520.6 0 302.8 921.1 0 0
0 3 12 6 11 5
0 0 0 4465.1 0 2301.5 257.3 0 0 0 0 1595.3 1562.4
**********2022-05-30 21:21:34**********
14107.31 14113.951 0.047 100.641 181.585 
0 8 2
0 0.0 0.6 0.0 0.0 0.0 0.0 0.0 12087.4 0.0 0.0 0.0 0.0
0 1 10 4 9 7
0 1020.2 0 0 5187.7 0 0 520.6 0 302.8 921.1 0 0
0 3 12 6 11 5
0 0 0 4465.1 0 2301.5 257.3 0 0 0 0 1595.3 1562.4
**********2022-05-30 21:21:41**********
14107.31 14113.951 0.047 100.641 187.783 
0 8 2
0 0.0 0.6 0.0 0.0 0.0 0.0 0.0 12087.4 0.0 0.0 0.0 0.0
0 1 10 4 9 7
0 1020.2 0 0 5187.7 0 0 520.6 0 302.8 921.1 0 0
0 3 12 6 11 5
0 0 0 4465.1 0 2301.5 257.3 0 0 0 0 1595.3 1562.4
**********2022-05-30 21:21:46**********
14107.31 14107.873 0.004 193.04 193.04 
0 8 2
0 0.0 0.6 0.0 0.0 0.0 0.0 0.0 12087.4 0.0 0.0 0.0 0.0
0 3 9 1 10
0 1020.2 0 4465.1 0 0 0 0 0 302.8 921.1 0 0
0 4 12 5 7 6 11
0 0 0 0 5187.7 2301.5 257.3 520.6 0 0 0 1595.3 1562.4
