**********2022-05-23 14:44:41**********
63503.672 63766.372 0.412 14.977 14.978 
0 3 5 8 6 12
0 0 0 3773.2 0 2636.5 2047.9 0 1548.6 0 0 0 1364.8
0 4 9 1 11
0 877.6 0 0 1322.7 0 0 0 0 524.8 0 8645.8 0
0 7 2 10
0 0 0.0 0 0 0 0 874.4 0 0 10496.6 0 0
**********2022-05-23 14:44:49**********
63503.673 63766.372 0.412 14.977 23.053 
0 3 5 8 6 12
0 0 0 3773.2 0 2636.5 2047.9 0 1548.6 0 0 0 1364.8
0 4 9 1 11
0 877.6 0 0 1322.7 0 0 0 0 524.8 0 8645.8 0
0 7 2 10
0 0 0.0 0 0 0 0 874.4 0 0 10496.6 0 0
**********2022-05-23 14:44:57**********
63503.673 63766.372 0.412 14.977 31.227 
0 3 5 8 6 12
0 0 0 3773.2 0 2636.5 2047.9 0 1548.6 0 0 0 1364.8
0 4 9 1 11
0 877.6 0 0 1322.7 0 0 0 0 524.8 0 8645.8 0
0 7 2 10
0 0 0.0 0 0 0 0 874.4 0 0 10496.6 0 0
**********2022-05-23 14:45:06**********
63503.673 63766.372 0.412 14.977 39.799 
0 3 5 8 6 12
0 0 0 3773.2 0 2636.5 2047.9 0 1548.6 0 0 0 1364.8
0 4 9 1 11
0 877.6 0 0 1322.7 0 0 0 0 524.8 0 8645.8 0
0 7 2 10
0 0 0.0 0 0 0 0 874.4 0 0 10496.6 0 0
**********2022-05-23 14:45:15**********
63503.673 63766.372 0.412 14.977 48.501 
0 3 5 8 6 12
0 0 0 3773.2 0 2636.5 2047.9 0 1548.6 0 0 0 1364.8
0 4 9 1 11
0 877.6 0 0 1322.7 0 0 0 0 524.8 0 8645.8 0
0 7 2 10
0 0 0.0 0 0 0 0 874.4 0 0 10496.6 0 0
**********2022-05-23 14:45:22**********
63503.673 63766.372 0.412 14.977 55.407 
0 3 5 8 6 12
0 0 0 3773.2 0 2636.5 2047.9 0 1548.6 0 0 0 1364.8
0 4 9 1 11
0 877.6 0 0 1322.7 0 0 0 0 524.8 0 8645.8 0
0 7 2 10
0 0 0.0 0 0 0 0 874.4 0 0 10496.6 0 0
**********2022-05-23 14:45:28**********
63503.798 63745.16 0.379 61.521 61.521 
0 1 10 2
0 873.1 0.0 0 0 0 0 0 0 0 10497.9 0 0
0 5 11
0 0 0 0 0 2616.1 0 0 0 0 0 8754.9 0
0 7 3 4 9 8 6 12
0 0 0 3725.3 1332.8 0 2022.0 885.7 1528.9 528.8 0 0 1347.5
**********2022-05-23 14:45:33**********
63504.244 63745.16 0.378 61.521 66.59 
0 1 10 2
0 873.1 0.0 0 0 0 0 0 0 0 10497.9 0 0
0 5 11
0 0 0 0 0 2616.1 0 0 0 0 0 8754.9 0
0 7 3 4 9 8 6 12
0 0 0 3725.3 1332.8 0 2022.0 885.7 1528.9 528.8 0 0 1347.5
**********2022-05-23 14:45:41**********
63504.649 63694.04 0.297 74.513 74.513 
0 1 10
0 873.1 0 0 0 0 0 0 0 0 10497.9 0 0
0 8 6 7 4 12 3 9
0 0 0 3725.3 1332.8 0 2022.0 885.7 1528.9 528.8 0 0 1347.5
0 5 2 11
0 0 0.0 0 0 2616.1 0 0 0 0 0 8754.9 0
**********2022-05-23 14:45:45**********
63505.226 63694.04 0.296 74.513 78.46 
0 1 10
0 873.1 0 0 0 0 0 0 0 0 10497.9 0 0
0 8 6 7 4 12 3 9
0 0 0 3725.3 1332.8 0 2022.0 885.7 1528.9 528.8 0 0 1347.5
0 5 2 11
0 0 0.0 0 0 2616.1 0 0 0 0 0 8754.9 0
**********2022-05-23 14:45:51**********
63505.213 63674.306 0.266 84.714 84.714 
0 5 11
0 0.0 0.0 0.0 0.0 2616.1 0.0 0.0 0.0 0.0 0.0 8754.9 0.0
0 7 10 2
0 0 0.0 0 0 0 0 874.4 0 0 10496.6 0 0
0 6 12 4 9 3 1 8
0 884.4 0.0 3725.8 1332.9 0.0 2022.2 0.0 1529.1 528.9 0.0 0.0 1347.7
**********2022-05-23 14:45:57**********
63505.213 63674.306 0.266 84.714 90.372 
0 5 11
0 0.0 0.0 0.0 0.0 2616.1 0.0 0.0 0.0 0.0 0.0 8754.9 0.0
0 7 10 2
0 0 0.0 0 0 0 0 874.4 0 0 10496.6 0 0
0 6 12 4 9 3 1 8
0 884.4 0.0 3725.8 1332.9 0.0 2022.2 0.0 1529.1 528.9 0.0 0.0 1347.7
**********2022-05-23 14:46:02**********
63505.363 63674.306 0.265 84.714 95.941 
0 5 11
0 0.0 0.0 0.0 0.0 2616.1 0.0 0.0 0.0 0.0 0.0 8754.9 0.0
0 7 10 2
0 0 0.0 0 0 0 0 874.4 0 0 10496.6 0 0
0 6 12 4 9 3 1 8
0 884.4 0.0 3725.8 1332.9 0.0 2022.2 0.0 1529.1 528.9 0.0 0.0 1347.7
**********2022-05-23 14:46:09**********
63505.691 63674.306 0.265 84.714 103.124 
0 5 11
0 0.0 0.0 0.0 0.0 2616.1 0.0 0.0 0.0 0.0 0.0 8754.9 0.0
0 7 10 2
0 0 0.0 0 0 0 0 874.4 0 0 10496.6 0 0
0 6 12 4 9 3 1 8
0 884.4 0.0 3725.8 1332.9 0.0 2022.2 0.0 1529.1 528.9 0.0 0.0 1347.7
**********2022-05-23 14:46:14**********
63505.849 63674.306 0.265 84.714 108.183 
0 5 11
0 0.0 0.0 0.0 0.0 2616.1 0.0 0.0 0.0 0.0 0.0 8754.9 0.0
0 7 10 2
0 0 0.0 0 0 0 0 874.4 0 0 10496.6 0 0
0 6 12 4 9 3 1 8
0 884.4 0.0 3725.8 1332.9 0.0 2022.2 0.0 1529.1 528.9 0.0 0.0 1347.7
**********2022-05-23 14:46:20**********
63505.849 63674.306 0.265 84.714 114.278 
0 5 11
0 0.0 0.0 0.0 0.0 2616.1 0.0 0.0 0.0 0.0 0.0 8754.9 0.0
0 7 10 2
0 0 0.0 0 0 0 0 874.4 0 0 10496.6 0 0
0 6 12 4 9 3 1 8
0 884.4 0.0 3725.8 1332.9 0.0 2022.2 0.0 1529.1 528.9 0.0 0.0 1347.7
**********2022-05-23 14:46:27**********
63505.849 63674.145 0.264 121.338 121.338 
0 5 11
0 0.0 0.0 0.0 0.0 2616.1 0.0 0.0 0.0 0.0 0.0 8754.9 0.0
0 1 10 2
0 873.1 0.0 0 0 0 0 0 0 0 10497.9 0 0
0 4 12 6 3 9 8 7
0 0.0 0.0 3725.3 1332.8 0.0 2022.0 885.7 1528.9 528.8 0.0 0.0 1347.5
**********2022-05-23 14:46:32**********
63505.849 63674.145 0.264 121.338 126.344 
0 5 11
0 0.0 0.0 0.0 0.0 2616.1 0.0 0.0 0.0 0.0 0.0 8754.9 0.0
0 1 10 2
0 873.1 0.0 0 0 0 0 0 0 0 10497.9 0 0
0 4 12 6 3 9 8 7
0 0.0 0.0 3725.3 1332.8 0.0 2022.0 885.7 1528.9 528.8 0.0 0.0 1347.5
**********2022-05-23 14:46:38**********
63506.117 63674.145 0.264 121.338 132.293 
0 5 11
0 0.0 0.0 0.0 0.0 2616.1 0.0 0.0 0.0 0.0 0.0 8754.9 0.0
0 1 10 2
0 873.1 0.0 0 0 0 0 0 0 0 10497.9 0 0
0 4 12 6 3 9 8 7
0 0.0 0.0 3725.3 1332.8 0.0 2022.0 885.7 1528.9 528.8 0.0 0.0 1347.5
**********2022-05-23 14:46:44**********
63506.116 63674.145 0.264 121.338 138.053 
0 5 11
0 0.0 0.0 0.0 0.0 2616.1 0.0 0.0 0.0 0.0 0.0 8754.9 0.0
0 1 10 2
0 873.1 0.0 0 0 0 0 0 0 0 10497.9 0 0
0 4 12 6 3 9 8 7
0 0.0 0.0 3725.3 1332.8 0.0 2022.0 885.7 1528.9 528.8 0.0 0.0 1347.5
**********2022-05-23 14:46:51**********
63506.198 63674.145 0.264 121.338 145.206 
0 5 11
0 0.0 0.0 0.0 0.0 2616.1 0.0 0.0 0.0 0.0 0.0 8754.9 0.0
0 1 10 2
0 873.1 0.0 0 0 0 0 0 0 0 10497.9 0 0
0 4 12 6 3 9 8 7
0 0.0 0.0 3725.3 1332.8 0.0 2022.0 885.7 1528.9 528.8 0.0 0.0 1347.5
**********2022-05-23 14:46:56**********
63506.551 63674.145 0.263 121.338 150.048 
0 5 11
0 0.0 0.0 0.0 0.0 2616.1 0.0 0.0 0.0 0.0 0.0 8754.9 0.0
0 1 10 2
0 873.1 0.0 0 0 0 0 0 0 0 10497.9 0 0
0 4 12 6 3 9 8 7
0 0.0 0.0 3725.3 1332.8 0.0 2022.0 885.7 1528.9 528.8 0.0 0.0 1347.5
**********2022-05-23 14:47:04**********
63506.555 63674.145 0.263 121.338 157.47 
0 5 11
0 0.0 0.0 0.0 0.0 2616.1 0.0 0.0 0.0 0.0 0.0 8754.9 0.0
0 1 10 2
0 873.1 0.0 0 0 0 0 0 0 0 10497.9 0 0
0 4 12 6 3 9 8 7
0 0.0 0.0 3725.3 1332.8 0.0 2022.0 885.7 1528.9 528.8 0.0 0.0 1347.5
**********2022-05-23 14:47:09**********
63506.826 63674.145 0.263 121.338 163.054 
0 5 11
0 0.0 0.0 0.0 0.0 2616.1 0.0 0.0 0.0 0.0 0.0 8754.9 0.0
0 1 10 2
0 873.1 0.0 0 0 0 0 0 0 0 10497.9 0 0
0 4 12 6 3 9 8 7
0 0.0 0.0 3725.3 1332.8 0.0 2022.0 885.7 1528.9 528.8 0.0 0.0 1347.5
**********2022-05-23 14:47:15**********
63507.084 63674.145 0.262 121.338 168.843 
0 5 11
0 0.0 0.0 0.0 0.0 2616.1 0.0 0.0 0.0 0.0 0.0 8754.9 0.0
0 1 10 2
0 873.1 0.0 0 0 0 0 0 0 0 10497.9 0 0
0 4 12 6 3 9 8 7
0 0.0 0.0 3725.3 1332.8 0.0 2022.0 885.7 1528.9 528.8 0.0 0.0 1347.5
**********2022-05-23 14:47:21**********
63506.769 63674.145 0.263 121.338 175.242 
0 5 11
0 0.0 0.0 0.0 0.0 2616.1 0.0 0.0 0.0 0.0 0.0 8754.9 0.0
0 1 10 2
0 873.1 0.0 0 0 0 0 0 0 0 10497.9 0 0
0 4 12 6 3 9 8 7
0 0.0 0.0 3725.3 1332.8 0.0 2022.0 885.7 1528.9 528.8 0.0 0.0 1347.5
**********2022-05-23 14:47:28**********
63506.769 63674.145 0.263 121.338 181.446 
0 5 11
0 0.0 0.0 0.0 0.0 2616.1 0.0 0.0 0.0 0.0 0.0 8754.9 0.0
0 1 10 2
0 873.1 0.0 0 0 0 0 0 0 0 10497.9 0 0
0 4 12 6 3 9 8 7
0 0.0 0.0 3725.3 1332.8 0.0 2022.0 885.7 1528.9 528.8 0.0 0.0 1347.5
**********2022-05-23 14:47:34**********
63506.769 63674.145 0.263 121.338 187.636 
0 5 11
0 0.0 0.0 0.0 0.0 2616.1 0.0 0.0 0.0 0.0 0.0 8754.9 0.0
0 1 10 2
0 873.1 0.0 0 0 0 0 0 0 0 10497.9 0 0
0 4 12 6 3 9 8 7
0 0.0 0.0 3725.3 1332.8 0.0 2022.0 885.7 1528.9 528.8 0.0 0.0 1347.5
**********2022-05-23 14:47:40**********
63506.768 63674.145 0.263 121.338 193.665 
0 5 11
0 0.0 0.0 0.0 0.0 2616.1 0.0 0.0 0.0 0.0 0.0 8754.9 0.0
0 1 10 2
0 873.1 0.0 0 0 0 0 0 0 0 10497.9 0 0
0 4 12 6 3 9 8 7
0 0.0 0.0 3725.3 1332.8 0.0 2022.0 885.7 1528.9 528.8 0.0 0.0 1347.5
**********2022-05-23 14:47:45**********
63506.768 63674.145 0.263 121.338 198.872 
0 5 11
0 0.0 0.0 0.0 0.0 2616.1 0.0 0.0 0.0 0.0 0.0 8754.9 0.0
0 1 10 2
0 873.1 0.0 0 0 0 0 0 0 0 10497.9 0 0
0 4 12 6 3 9 8 7
0 0.0 0.0 3725.3 1332.8 0.0 2022.0 885.7 1528.9 528.8 0.0 0.0 1347.5
**********2022-05-23 14:47:52**********
63506.768 63674.145 0.263 121.338 205.412 
0 5 11
0 0.0 0.0 0.0 0.0 2616.1 0.0 0.0 0.0 0.0 0.0 8754.9 0.0
0 1 10 2
0 873.1 0.0 0 0 0 0 0 0 0 10497.9 0 0
0 4 12 6 3 9 8 7
0 0.0 0.0 3725.3 1332.8 0.0 2022.0 885.7 1528.9 528.8 0.0 0.0 1347.5
**********2022-05-23 14:47:59**********
63507.24 63674.145 0.262 121.338 212.583 
0 5 11
0 0.0 0.0 0.0 0.0 2616.1 0.0 0.0 0.0 0.0 0.0 8754.9 0.0
0 1 10 2
0 873.1 0.0 0 0 0 0 0 0 0 10497.9 0 0
0 4 12 6 3 9 8 7
0 0.0 0.0 3725.3 1332.8 0.0 2022.0 885.7 1528.9 528.8 0.0 0.0 1347.5
**********2022-05-23 14:48:03**********
63507.335 63674.145 0.262 121.338 217.023 
0 5 11
0 0.0 0.0 0.0 0.0 2616.1 0.0 0.0 0.0 0.0 0.0 8754.9 0.0
0 1 10 2
0 873.1 0.0 0 0 0 0 0 0 0 10497.9 0 0
0 4 12 6 3 9 8 7
0 0.0 0.0 3725.3 1332.8 0.0 2022.0 885.7 1528.9 528.8 0.0 0.0 1347.5
**********2022-05-23 14:48:08**********
63507.298 63674.145 0.262 121.338 222.309 
0 5 11
0 0.0 0.0 0.0 0.0 2616.1 0.0 0.0 0.0 0.0 0.0 8754.9 0.0
0 1 10 2
0 873.1 0.0 0 0 0 0 0 0 0 10497.9 0 0
0 4 12 6 3 9 8 7
0 0.0 0.0 3725.3 1332.8 0.0 2022.0 885.7 1528.9 528.8 0.0 0.0 1347.5
**********2022-05-23 14:48:13**********
63507.344 63674.145 0.262 121.338 226.73 
0 5 11
0 0.0 0.0 0.0 0.0 2616.1 0.0 0.0 0.0 0.0 0.0 8754.9 0.0
0 1 10 2
0 873.1 0.0 0 0 0 0 0 0 0 10497.9 0 0
0 4 12 6 3 9 8 7
0 0.0 0.0 3725.3 1332.8 0.0 2022.0 885.7 1528.9 528.8 0.0 0.0 1347.5
**********2022-05-23 14:48:19**********
63507.344 63674.145 0.262 121.338 232.537 
0 5 11
0 0.0 0.0 0.0 0.0 2616.1 0.0 0.0 0.0 0.0 0.0 8754.9 0.0
0 1 10 2
0 873.1 0.0 0 0 0 0 0 0 0 10497.9 0 0
0 4 12 6 3 9 8 7
0 0.0 0.0 3725.3 1332.8 0.0 2022.0 885.7 1528.9 528.8 0.0 0.0 1347.5
**********2022-05-23 14:48:26**********
63507.342 63674.145 0.262 121.338 239.521 
0 5 11
0 0.0 0.0 0.0 0.0 2616.1 0.0 0.0 0.0 0.0 0.0 8754.9 0.0
0 1 10 2
0 873.1 0.0 0 0 0 0 0 0 0 10497.9 0 0
0 4 12 6 3 9 8 7
0 0.0 0.0 3725.3 1332.8 0.0 2022.0 885.7 1528.9 528.8 0.0 0.0 1347.5
**********2022-05-23 14:48:31**********
63507.342 63674.145 0.262 121.338 245.236 
0 5 11
0 0.0 0.0 0.0 0.0 2616.1 0.0 0.0 0.0 0.0 0.0 8754.9 0.0
0 1 10 2
0 873.1 0.0 0 0 0 0 0 0 0 10497.9 0 0
0 4 12 6 3 9 8 7
0 0.0 0.0 3725.3 1332.8 0.0 2022.0 885.7 1528.9 528.8 0.0 0.0 1347.5
**********2022-05-23 14:48:37**********
63507.67 63674.145 0.261 121.338 250.831 
0 5 11
0 0.0 0.0 0.0 0.0 2616.1 0.0 0.0 0.0 0.0 0.0 8754.9 0.0
0 1 10 2
0 873.1 0.0 0 0 0 0 0 0 0 10497.9 0 0
0 4 12 6 3 9 8 7
0 0.0 0.0 3725.3 1332.8 0.0 2022.0 885.7 1528.9 528.8 0.0 0.0 1347.5
**********2022-05-23 14:48:40**********
63507.687 63674.145 0.261 121.338 254.206 
0 5 11
0 0.0 0.0 0.0 0.0 2616.1 0.0 0.0 0.0 0.0 0.0 8754.9 0.0
0 1 10 2
0 873.1 0.0 0 0 0 0 0 0 0 10497.9 0 0
0 4 12 6 3 9 8 7
0 0.0 0.0 3725.3 1332.8 0.0 2022.0 885.7 1528.9 528.8 0.0 0.0 1347.5
**********2022-05-23 14:48:45**********
63507.687 63674.145 0.261 121.338 258.38 
0 5 11
0 0.0 0.0 0.0 0.0 2616.1 0.0 0.0 0.0 0.0 0.0 8754.9 0.0
0 1 10 2
0 873.1 0.0 0 0 0 0 0 0 0 10497.9 0 0
0 4 12 6 3 9 8 7
0 0.0 0.0 3725.3 1332.8 0.0 2022.0 885.7 1528.9 528.8 0.0 0.0 1347.5
**********2022-05-23 14:48:49**********
63508.035 63674.145 0.261 121.338 262.617 
0 5 11
0 0.0 0.0 0.0 0.0 2616.1 0.0 0.0 0.0 0.0 0.0 8754.9 0.0
0 1 10 2
0 873.1 0.0 0 0 0 0 0 0 0 10497.9 0 0
0 4 12 6 3 9 8 7
0 0.0 0.0 3725.3 1332.8 0.0 2022.0 885.7 1528.9 528.8 0.0 0.0 1347.5
**********2022-05-23 14:48:56**********
63508.286 63673.271 0.259 269.477 269.477 
0 5 11
0 0 0 0 0 2616.1 0 0 0 0 0 8754.9 0
0 1 10 2
0 873.1 0.0 0 0 0 0 0 0 0 10497.9 0 0
0 3 8 7 4 12 6 9
0 0.0 0.0 3725.3 1332.8 0.0 2022.0 885.7 1528.9 528.8 0.0 0.0 1347.5
**********2022-05-23 14:49:00**********
63508.313 63673.271 0.259 269.477 273.918 
0 5 11
0 0 0 0 0 2616.1 0 0 0 0 0 8754.9 0
0 1 10 2
0 873.1 0.0 0 0 0 0 0 0 0 10497.9 0 0
0 3 8 7 4 12 6 9
0 0.0 0.0 3725.3 1332.8 0.0 2022.0 885.7 1528.9 528.8 0.0 0.0 1347.5
**********2022-05-23 14:49:11**********
63508.313 63673.271 0.259 269.477 285.029 
0 5 11
0 0 0 0 0 2616.1 0 0 0 0 0 8754.9 0
0 1 10 2
0 873.1 0.0 0 0 0 0 0 0 0 10497.9 0 0
0 3 8 7 4 12 6 9
0 0.0 0.0 3725.3 1332.8 0.0 2022.0 885.7 1528.9 528.8 0.0 0.0 1347.5
**********2022-05-23 14:49:20**********
63508.402 63673.271 0.259 269.477 293.562 
0 5 11
0 0 0 0 0 2616.1 0 0 0 0 0 8754.9 0
0 1 10 2
0 873.1 0.0 0 0 0 0 0 0 0 10497.9 0 0
0 3 8 7 4 12 6 9
0 0.0 0.0 3725.3 1332.8 0.0 2022.0 885.7 1528.9 528.8 0.0 0.0 1347.5
**********2022-05-23 14:49:25**********
63508.379 63673.271 0.259 269.477 299.296 
0 5 11
0 0 0 0 0 2616.1 0 0 0 0 0 8754.9 0
0 1 10 2
0 873.1 0.0 0 0 0 0 0 0 0 10497.9 0 0
0 3 8 7 4 12 6 9
0 0.0 0.0 3725.3 1332.8 0.0 2022.0 885.7 1528.9 528.8 0.0 0.0 1347.5
**********2022-05-23 14:49:30**********
63508.379 63673.271 0.259 269.477 304.355 
0 5 11
0 0 0 0 0 2616.1 0 0 0 0 0 8754.9 0
0 1 10 2
0 873.1 0.0 0 0 0 0 0 0 0 10497.9 0 0
0 3 8 7 4 12 6 9
0 0.0 0.0 3725.3 1332.8 0.0 2022.0 885.7 1528.9 528.8 0.0 0.0 1347.5
**********2022-05-23 14:49:36**********
63508.379 63673.271 0.259 269.477 309.6 
0 5 11
0 0 0 0 0 2616.1 0 0 0 0 0 8754.9 0
0 1 10 2
0 873.1 0.0 0 0 0 0 0 0 0 10497.9 0 0
0 3 8 7 4 12 6 9
0 0.0 0.0 3725.3 1332.8 0.0 2022.0 885.7 1528.9 528.8 0.0 0.0 1347.5
**********2022-05-23 14:49:40**********
63508.382 63673.271 0.259 269.477 313.946 
0 5 11
0 0 0 0 0 2616.1 0 0 0 0 0 8754.9 0
0 1 10 2
0 873.1 0.0 0 0 0 0 0 0 0 10497.9 0 0
0 3 8 7 4 12 6 9
0 0.0 0.0 3725.3 1332.8 0.0 2022.0 885.7 1528.9 528.8 0.0 0.0 1347.5
**********2022-05-23 14:49:46**********
63508.382 63673.271 0.259 269.477 320.254 
0 5 11
0 0 0 0 0 2616.1 0 0 0 0 0 8754.9 0
0 1 10 2
0 873.1 0.0 0 0 0 0 0 0 0 10497.9 0 0
0 3 8 7 4 12 6 9
0 0.0 0.0 3725.3 1332.8 0.0 2022.0 885.7 1528.9 528.8 0.0 0.0 1347.5
**********2022-05-23 14:49:52**********
63508.457 63673.271 0.259 269.477 325.673 
0 5 11
0 0 0 0 0 2616.1 0 0 0 0 0 8754.9 0
0 1 10 2
0 873.1 0.0 0 0 0 0 0 0 0 10497.9 0 0
0 3 8 7 4 12 6 9
0 0.0 0.0 3725.3 1332.8 0.0 2022.0 885.7 1528.9 528.8 0.0 0.0 1347.5
**********2022-05-23 14:49:57**********
63508.457 63673.271 0.259 269.477 331.326 
0 5 11
0 0 0 0 0 2616.1 0 0 0 0 0 8754.9 0
0 1 10 2
0 873.1 0.0 0 0 0 0 0 0 0 10497.9 0 0
0 3 8 7 4 12 6 9
0 0.0 0.0 3725.3 1332.8 0.0 2022.0 885.7 1528.9 528.8 0.0 0.0 1347.5
**********2022-05-23 14:50:02**********
63508.515 63673.271 0.259 269.477 335.61 
0 5 11
0 0 0 0 0 2616.1 0 0 0 0 0 8754.9 0
0 1 10 2
0 873.1 0.0 0 0 0 0 0 0 0 10497.9 0 0
0 3 8 7 4 12 6 9
0 0.0 0.0 3725.3 1332.8 0.0 2022.0 885.7 1528.9 528.8 0.0 0.0 1347.5
**********2022-05-23 14:50:09**********
63508.679 63673.271 0.258 269.477 342.622 
0 5 11
0 0 0 0 0 2616.1 0 0 0 0 0 8754.9 0
0 1 10 2
0 873.1 0.0 0 0 0 0 0 0 0 10497.9 0 0
0 3 8 7 4 12 6 9
0 0.0 0.0 3725.3 1332.8 0.0 2022.0 885.7 1528.9 528.8 0.0 0.0 1347.5
**********2022-05-23 14:50:15**********
63508.679 63673.271 0.258 269.477 349.358 
0 5 11
0 0 0 0 0 2616.1 0 0 0 0 0 8754.9 0
0 1 10 2
0 873.1 0.0 0 0 0 0 0 0 0 10497.9 0 0
0 3 8 7 4 12 6 9
0 0.0 0.0 3725.3 1332.8 0.0 2022.0 885.7 1528.9 528.8 0.0 0.0 1347.5
**********2022-05-23 14:50:20**********
63508.739 63673.271 0.258 269.477 354.36 
0 5 11
0 0 0 0 0 2616.1 0 0 0 0 0 8754.9 0
0 1 10 2
0 873.1 0.0 0 0 0 0 0 0 0 10497.9 0 0
0 3 8 7 4 12 6 9
0 0.0 0.0 3725.3 1332.8 0.0 2022.0 885.7 1528.9 528.8 0.0 0.0 1347.5
**********2022-05-23 14:50:27**********
63508.779 63673.271 0.258 269.477 360.561 
0 5 11
0 0 0 0 0 2616.1 0 0 0 0 0 8754.9 0
0 1 10 2
0 873.1 0.0 0 0 0 0 0 0 0 10497.9 0 0
0 3 8 7 4 12 6 9
0 0.0 0.0 3725.3 1332.8 0.0 2022.0 885.7 1528.9 528.8 0.0 0.0 1347.5
**********2022-05-23 14:50:33**********
63508.779 63673.271 0.258 269.477 366.763 
0 5 11
0 0 0 0 0 2616.1 0 0 0 0 0 8754.9 0
0 1 10 2
0 873.1 0.0 0 0 0 0 0 0 0 10497.9 0 0
0 3 8 7 4 12 6 9
0 0.0 0.0 3725.3 1332.8 0.0 2022.0 885.7 1528.9 528.8 0.0 0.0 1347.5
**********2022-05-23 14:50:38**********
63508.779 63673.271 0.258 269.477 371.385 
0 5 11
0 0 0 0 0 2616.1 0 0 0 0 0 8754.9 0
0 1 10 2
0 873.1 0.0 0 0 0 0 0 0 0 10497.9 0 0
0 3 8 7 4 12 6 9
0 0.0 0.0 3725.3 1332.8 0.0 2022.0 885.7 1528.9 528.8 0.0 0.0 1347.5
**********2022-05-23 14:50:42**********
63508.779 63673.271 0.258 269.477 376.175 
0 5 11
0 0 0 0 0 2616.1 0 0 0 0 0 8754.9 0
0 1 10 2
0 873.1 0.0 0 0 0 0 0 0 0 10497.9 0 0
0 3 8 7 4 12 6 9
0 0.0 0.0 3725.3 1332.8 0.0 2022.0 885.7 1528.9 528.8 0.0 0.0 1347.5
**********2022-05-23 14:50:48**********
63508.8 63673.271 0.258 269.477 381.667 
0 5 11
0 0 0 0 0 2616.1 0 0 0 0 0 8754.9 0
0 1 10 2
0 873.1 0.0 0 0 0 0 0 0 0 10497.9 0 0
0 3 8 7 4 12 6 9
0 0.0 0.0 3725.3 1332.8 0.0 2022.0 885.7 1528.9 528.8 0.0 0.0 1347.5
**********2022-05-23 14:50:52**********
63508.8 63672.087 0.256 386.195 386.195 
0 5 11
0 0 0 0 0 2616.1 0 0 0 0 0 8754.9 0
0 1 10 2
0 873.1 0.0 0 0 0 0 0 0 0 10497.9 0 0
0 3 7 9 4 8 12 6
0 0.0 0.0 3725.3 1332.8 0.0 2022.0 885.7 1528.9 528.8 0.0 0.0 1347.5
**********2022-05-23 14:50:57**********
63508.8 63672.087 0.256 386.195 390.449 
0 5 11
0 0 0 0 0 2616.1 0 0 0 0 0 8754.9 0
0 1 10 2
0 873.1 0.0 0 0 0 0 0 0 0 10497.9 0 0
0 3 7 9 4 8 12 6
0 0.0 0.0 3725.3 1332.8 0.0 2022.0 885.7 1528.9 528.8 0.0 0.0 1347.5
**********2022-05-23 14:51:01**********
63508.8 63672.087 0.256 386.195 394.651 
0 5 11
0 0 0 0 0 2616.1 0 0 0 0 0 8754.9 0
0 1 10 2
0 873.1 0.0 0 0 0 0 0 0 0 10497.9 0 0
0 3 7 9 4 8 12 6
0 0.0 0.0 3725.3 1332.8 0.0 2022.0 885.7 1528.9 528.8 0.0 0.0 1347.5
**********2022-05-23 14:51:05**********
63508.804 63672.087 0.256 386.195 398.911 
0 5 11
0 0 0 0 0 2616.1 0 0 0 0 0 8754.9 0
0 1 10 2
0 873.1 0.0 0 0 0 0 0 0 0 10497.9 0 0
0 3 7 9 4 8 12 6
0 0.0 0.0 3725.3 1332.8 0.0 2022.0 885.7 1528.9 528.8 0.0 0.0 1347.5
**********2022-05-23 14:51:09**********
63508.909 63672.087 0.256 386.195 402.644 
0 5 11
0 0 0 0 0 2616.1 0 0 0 0 0 8754.9 0
0 1 10 2
0 873.1 0.0 0 0 0 0 0 0 0 10497.9 0 0
0 3 7 9 4 8 12 6
0 0.0 0.0 3725.3 1332.8 0.0 2022.0 885.7 1528.9 528.8 0.0 0.0 1347.5
**********2022-05-23 14:51:12**********
63508.909 63672.087 0.256 386.195 406.322 
0 5 11
0 0 0 0 0 2616.1 0 0 0 0 0 8754.9 0
0 1 10 2
0 873.1 0.0 0 0 0 0 0 0 0 10497.9 0 0
0 3 7 9 4 8 12 6
0 0.0 0.0 3725.3 1332.8 0.0 2022.0 885.7 1528.9 528.8 0.0 0.0 1347.5
**********2022-05-23 14:51:18**********
63508.912 63672.087 0.256 386.195 411.536 
0 5 11
0 0 0 0 0 2616.1 0 0 0 0 0 8754.9 0
0 1 10 2
0 873.1 0.0 0 0 0 0 0 0 0 10497.9 0 0
0 3 7 9 4 8 12 6
0 0.0 0.0 3725.3 1332.8 0.0 2022.0 885.7 1528.9 528.8 0.0 0.0 1347.5
**********2022-05-23 14:51:23**********
63508.912 63672.087 0.256 386.195 417.281 
0 5 11
0 0 0 0 0 2616.1 0 0 0 0 0 8754.9 0
0 1 10 2
0 873.1 0.0 0 0 0 0 0 0 0 10497.9 0 0
0 3 7 9 4 8 12 6
0 0.0 0.0 3725.3 1332.8 0.0 2022.0 885.7 1528.9 528.8 0.0 0.0 1347.5
**********2022-05-23 14:51:28**********
63508.942 63672.087 0.256 386.195 421.53 
0 5 11
0 0 0 0 0 2616.1 0 0 0 0 0 8754.9 0
0 1 10 2
0 873.1 0.0 0 0 0 0 0 0 0 10497.9 0 0
0 3 7 9 4 8 12 6
0 0.0 0.0 3725.3 1332.8 0.0 2022.0 885.7 1528.9 528.8 0.0 0.0 1347.5
**********2022-05-23 14:51:33**********
63509.003 63672.087 0.256 386.195 426.714 
0 5 11
0 0 0 0 0 2616.1 0 0 0 0 0 8754.9 0
0 1 10 2
0 873.1 0.0 0 0 0 0 0 0 0 10497.9 0 0
0 3 7 9 4 8 12 6
0 0.0 0.0 3725.3 1332.8 0.0 2022.0 885.7 1528.9 528.8 0.0 0.0 1347.5
**********2022-05-23 14:51:38**********
63508.586 63672.087 0.257 386.195 431.467 
0 5 11
0 0 0 0 0 2616.1 0 0 0 0 0 8754.9 0
0 1 10 2
0 873.1 0.0 0 0 0 0 0 0 0 10497.9 0 0
0 3 7 9 4 8 12 6
0 0.0 0.0 3725.3 1332.8 0.0 2022.0 885.7 1528.9 528.8 0.0 0.0 1347.5
**********2022-05-23 14:51:43**********
63509.017 63672.087 0.256 386.195 437.142 
0 5 11
0 0 0 0 0 2616.1 0 0 0 0 0 8754.9 0
0 1 10 2
0 873.1 0.0 0 0 0 0 0 0 0 10497.9 0 0
0 3 7 9 4 8 12 6
0 0.0 0.0 3725.3 1332.8 0.0 2022.0 885.7 1528.9 528.8 0.0 0.0 1347.5
**********2022-05-23 14:51:49**********
63509.052 63672.087 0.256 386.195 442.964 
0 5 11
0 0 0 0 0 2616.1 0 0 0 0 0 8754.9 0
0 1 10 2
0 873.1 0.0 0 0 0 0 0 0 0 10497.9 0 0
0 3 7 9 4 8 12 6
0 0.0 0.0 3725.3 1332.8 0.0 2022.0 885.7 1528.9 528.8 0.0 0.0 1347.5
**********2022-05-23 14:51:55**********
63509.052 63672.087 0.256 386.195 448.994 
0 5 11
0 0 0 0 0 2616.1 0 0 0 0 0 8754.9 0
0 1 10 2
0 873.1 0.0 0 0 0 0 0 0 0 10497.9 0 0
0 3 7 9 4 8 12 6
0 0.0 0.0 3725.3 1332.8 0.0 2022.0 885.7 1528.9 528.8 0.0 0.0 1347.5
**********2022-05-23 14:52:01**********
63509.052 63672.087 0.256 386.195 455.008 
0 5 11
0 0 0 0 0 2616.1 0 0 0 0 0 8754.9 0
0 1 10 2
0 873.1 0.0 0 0 0 0 0 0 0 10497.9 0 0
0 3 7 9 4 8 12 6
0 0.0 0.0 3725.3 1332.8 0.0 2022.0 885.7 1528.9 528.8 0.0 0.0 1347.5
**********2022-05-23 14:52:07**********
63509.108 63672.087 0.256 386.195 460.432 
0 5 11
0 0 0 0 0 2616.1 0 0 0 0 0 8754.9 0
0 1 10 2
0 873.1 0.0 0 0 0 0 0 0 0 10497.9 0 0
0 3 7 9 4 8 12 6
0 0.0 0.0 3725.3 1332.8 0.0 2022.0 885.7 1528.9 528.8 0.0 0.0 1347.5
**********2022-05-23 14:52:12**********
63509.108 63672.087 0.256 386.195 466.127 
0 5 11
0 0 0 0 0 2616.1 0 0 0 0 0 8754.9 0
0 1 10 2
0 873.1 0.0 0 0 0 0 0 0 0 10497.9 0 0
0 3 7 9 4 8 12 6
0 0.0 0.0 3725.3 1332.8 0.0 2022.0 885.7 1528.9 528.8 0.0 0.0 1347.5
**********2022-05-23 14:52:17**********
63509.529 63672.087 0.255 386.195 470.739 
0 5 11
0 0 0 0 0 2616.1 0 0 0 0 0 8754.9 0
0 1 10 2
0 873.1 0.0 0 0 0 0 0 0 0 10497.9 0 0
0 3 7 9 4 8 12 6
0 0.0 0.0 3725.3 1332.8 0.0 2022.0 885.7 1528.9 528.8 0.0 0.0 1347.5
**********2022-05-23 14:52:24**********
63509.529 63672.087 0.255 386.195 477.598 
0 5 11
0 0 0 0 0 2616.1 0 0 0 0 0 8754.9 0
0 1 10 2
0 873.1 0.0 0 0 0 0 0 0 0 10497.9 0 0
0 3 7 9 4 8 12 6
0 0.0 0.0 3725.3 1332.8 0.0 2022.0 885.7 1528.9 528.8 0.0 0.0 1347.5
**********2022-05-23 14:52:30**********
63509.529 63672.087 0.255 386.195 484.158 
0 5 11
0 0 0 0 0 2616.1 0 0 0 0 0 8754.9 0
0 1 10 2
0 873.1 0.0 0 0 0 0 0 0 0 10497.9 0 0
0 3 7 9 4 8 12 6
0 0.0 0.0 3725.3 1332.8 0.0 2022.0 885.7 1528.9 528.8 0.0 0.0 1347.5
**********2022-05-23 14:52:36**********
63509.591 63672.087 0.255 386.195 489.449 
0 5 11
0 0 0 0 0 2616.1 0 0 0 0 0 8754.9 0
0 1 10 2
0 873.1 0.0 0 0 0 0 0 0 0 10497.9 0 0
0 3 7 9 4 8 12 6
0 0.0 0.0 3725.3 1332.8 0.0 2022.0 885.7 1528.9 528.8 0.0 0.0 1347.5
**********2022-05-23 14:52:41**********
63509.591 63672.087 0.255 386.195 495.335 
0 5 11
0 0 0 0 0 2616.1 0 0 0 0 0 8754.9 0
0 1 10 2
0 873.1 0.0 0 0 0 0 0 0 0 10497.9 0 0
0 3 7 9 4 8 12 6
0 0.0 0.0 3725.3 1332.8 0.0 2022.0 885.7 1528.9 528.8 0.0 0.0 1347.5
**********2022-05-23 14:52:47**********
63509.591 63672.087 0.255 386.195 501.35 
0 5 11
0 0 0 0 0 2616.1 0 0 0 0 0 8754.9 0
0 1 10 2
0 873.1 0.0 0 0 0 0 0 0 0 10497.9 0 0
0 3 7 9 4 8 12 6
0 0.0 0.0 3725.3 1332.8 0.0 2022.0 885.7 1528.9 528.8 0.0 0.0 1347.5
**********2022-05-23 14:52:53**********
63509.591 63672.087 0.255 386.195 507.261 
0 5 11
0 0 0 0 0 2616.1 0 0 0 0 0 8754.9 0
0 1 10 2
0 873.1 0.0 0 0 0 0 0 0 0 10497.9 0 0
0 3 7 9 4 8 12 6
0 0.0 0.0 3725.3 1332.8 0.0 2022.0 885.7 1528.9 528.8 0.0 0.0 1347.5
**********2022-05-23 14:53:00**********
63509.591 63672.087 0.255 386.195 513.43 
0 5 11
0 0 0 0 0 2616.1 0 0 0 0 0 8754.9 0
0 1 10 2
0 873.1 0.0 0 0 0 0 0 0 0 10497.9 0 0
0 3 7 9 4 8 12 6
0 0.0 0.0 3725.3 1332.8 0.0 2022.0 885.7 1528.9 528.8 0.0 0.0 1347.5
**********2022-05-23 14:53:08**********
63509.672 63672.087 0.255 386.195 521.548 
0 5 11
0 0 0 0 0 2616.1 0 0 0 0 0 8754.9 0
0 1 10 2
0 873.1 0.0 0 0 0 0 0 0 0 10497.9 0 0
0 3 7 9 4 8 12 6
0 0.0 0.0 3725.3 1332.8 0.0 2022.0 885.7 1528.9 528.8 0.0 0.0 1347.5
**********2022-05-23 14:53:12**********
63509.692 63672.087 0.255 386.195 525.395 
0 5 11
0 0 0 0 0 2616.1 0 0 0 0 0 8754.9 0
0 1 10 2
0 873.1 0.0 0 0 0 0 0 0 0 10497.9 0 0
0 3 7 9 4 8 12 6
0 0.0 0.0 3725.3 1332.8 0.0 2022.0 885.7 1528.9 528.8 0.0 0.0 1347.5
**********2022-05-23 14:53:16**********
63509.736 63672.087 0.255 386.195 529.372 
0 5 11
0 0 0 0 0 2616.1 0 0 0 0 0 8754.9 0
0 1 10 2
0 873.1 0.0 0 0 0 0 0 0 0 10497.9 0 0
0 3 7 9 4 8 12 6
0 0.0 0.0 3725.3 1332.8 0.0 2022.0 885.7 1528.9 528.8 0.0 0.0 1347.5
**********2022-05-23 14:53:21**********
63509.786 63672.087 0.255 386.195 534.476 
0 5 11
0 0 0 0 0 2616.1 0 0 0 0 0 8754.9 0
0 1 10 2
0 873.1 0.0 0 0 0 0 0 0 0 10497.9 0 0
0 3 7 9 4 8 12 6
0 0.0 0.0 3725.3 1332.8 0.0 2022.0 885.7 1528.9 528.8 0.0 0.0 1347.5
**********2022-05-23 14:53:30**********
63509.786 63672.087 0.255 386.195 544.176 
0 5 11
0 0 0 0 0 2616.1 0 0 0 0 0 8754.9 0
0 1 10 2
0 873.1 0.0 0 0 0 0 0 0 0 10497.9 0 0
0 3 7 9 4 8 12 6
0 0.0 0.0 3725.3 1332.8 0.0 2022.0 885.7 1528.9 528.8 0.0 0.0 1347.5
**********2022-05-23 14:53:36**********
63509.844 63672.087 0.255 386.195 549.731 
0 5 11
0 0 0 0 0 2616.1 0 0 0 0 0 8754.9 0
0 1 10 2
0 873.1 0.0 0 0 0 0 0 0 0 10497.9 0 0
0 3 7 9 4 8 12 6
0 0.0 0.0 3725.3 1332.8 0.0 2022.0 885.7 1528.9 528.8 0.0 0.0 1347.5
**********2022-05-23 14:53:39**********
63509.844 63672.087 0.255 386.195 553.35 
0 5 11
0 0 0 0 0 2616.1 0 0 0 0 0 8754.9 0
0 1 10 2
0 873.1 0.0 0 0 0 0 0 0 0 10497.9 0 0
0 3 7 9 4 8 12 6
0 0.0 0.0 3725.3 1332.8 0.0 2022.0 885.7 1528.9 528.8 0.0 0.0 1347.5
**********2022-05-23 14:53:43**********
63509.844 63672.087 0.255 386.195 556.539 
0 5 11
0 0 0 0 0 2616.1 0 0 0 0 0 8754.9 0
0 1 10 2
0 873.1 0.0 0 0 0 0 0 0 0 10497.9 0 0
0 3 7 9 4 8 12 6
0 0.0 0.0 3725.3 1332.8 0.0 2022.0 885.7 1528.9 528.8 0.0 0.0 1347.5
**********2022-05-23 14:53:46**********
63509.935 63672.087 0.255 386.195 559.378 
0 5 11
0 0 0 0 0 2616.1 0 0 0 0 0 8754.9 0
0 1 10 2
0 873.1 0.0 0 0 0 0 0 0 0 10497.9 0 0
0 3 7 9 4 8 12 6
0 0.0 0.0 3725.3 1332.8 0.0 2022.0 885.7 1528.9 528.8 0.0 0.0 1347.5
**********2022-05-23 14:53:52**********
63510.084 63672.087 0.254 386.195 566.341 
0 5 11
0 0 0 0 0 2616.1 0 0 0 0 0 8754.9 0
0 1 10 2
0 873.1 0.0 0 0 0 0 0 0 0 10497.9 0 0
0 3 7 9 4 8 12 6
0 0.0 0.0 3725.3 1332.8 0.0 2022.0 885.7 1528.9 528.8 0.0 0.0 1347.5
**********2022-05-23 14:53:58**********
63510.084 63672.087 0.254 386.195 571.67 
0 5 11
0 0 0 0 0 2616.1 0 0 0 0 0 8754.9 0
0 1 10 2
0 873.1 0.0 0 0 0 0 0 0 0 10497.9 0 0
0 3 7 9 4 8 12 6
0 0.0 0.0 3725.3 1332.8 0.0 2022.0 885.7 1528.9 528.8 0.0 0.0 1347.5
**********2022-05-23 14:54:03**********
63510.084 63672.087 0.254 386.195 576.694 
0 5 11
0 0 0 0 0 2616.1 0 0 0 0 0 8754.9 0
0 1 10 2
0 873.1 0.0 0 0 0 0 0 0 0 10497.9 0 0
0 3 7 9 4 8 12 6
0 0.0 0.0 3725.3 1332.8 0.0 2022.0 885.7 1528.9 528.8 0.0 0.0 1347.5
**********2022-05-23 14:54:08**********
63510.205 63672.087 0.254 386.195 581.442 
0 5 11
0 0 0 0 0 2616.1 0 0 0 0 0 8754.9 0
0 1 10 2
0 873.1 0.0 0 0 0 0 0 0 0 10497.9 0 0
0 3 7 9 4 8 12 6
0 0.0 0.0 3725.3 1332.8 0.0 2022.0 885.7 1528.9 528.8 0.0 0.0 1347.5
**********2022-05-23 14:54:15**********
63510.204 63672.087 0.254 386.195 588.617 
0 5 11
0 0 0 0 0 2616.1 0 0 0 0 0 8754.9 0
0 1 10 2
0 873.1 0.0 0 0 0 0 0 0 0 10497.9 0 0
0 3 7 9 4 8 12 6
0 0.0 0.0 3725.3 1332.8 0.0 2022.0 885.7 1528.9 528.8 0.0 0.0 1347.5
**********2022-05-23 14:54:21**********
63510.196 63672.087 0.254 386.195 594.685 
0 5 11
0 0 0 0 0 2616.1 0 0 0 0 0 8754.9 0
0 1 10 2
0 873.1 0.0 0 0 0 0 0 0 0 10497.9 0 0
0 3 7 9 4 8 12 6
0 0.0 0.0 3725.3 1332.8 0.0 2022.0 885.7 1528.9 528.8 0.0 0.0 1347.5
**********2022-05-23 14:54:28**********
63510.196 63672.087 0.254 386.195 602.144 
0 5 11
0 0 0 0 0 2616.1 0 0 0 0 0 8754.9 0
0 1 10 2
0 873.1 0.0 0 0 0 0 0 0 0 10497.9 0 0
0 3 7 9 4 8 12 6
0 0.0 0.0 3725.3 1332.8 0.0 2022.0 885.7 1528.9 528.8 0.0 0.0 1347.5
**********2022-05-23 14:54:36**********
63510.196 63672.087 0.254 386.195 609.568 
0 5 11
0 0 0 0 0 2616.1 0 0 0 0 0 8754.9 0
0 1 10 2
0 873.1 0.0 0 0 0 0 0 0 0 10497.9 0 0
0 3 7 9 4 8 12 6
0 0.0 0.0 3725.3 1332.8 0.0 2022.0 885.7 1528.9 528.8 0.0 0.0 1347.5
**********2022-05-23 14:54:43**********
63510.291 63672.087 0.254 386.195 616.398 
0 5 11
0 0 0 0 0 2616.1 0 0 0 0 0 8754.9 0
0 1 10 2
0 873.1 0.0 0 0 0 0 0 0 0 10497.9 0 0
0 3 7 9 4 8 12 6
0 0.0 0.0 3725.3 1332.8 0.0 2022.0 885.7 1528.9 528.8 0.0 0.0 1347.5
**********2022-05-23 14:54:49**********
63510.291 63672.087 0.254 386.195 623.076 
0 5 11
0 0 0 0 0 2616.1 0 0 0 0 0 8754.9 0
0 1 10 2
0 873.1 0.0 0 0 0 0 0 0 0 10497.9 0 0
0 3 7 9 4 8 12 6
0 0.0 0.0 3725.3 1332.8 0.0 2022.0 885.7 1528.9 528.8 0.0 0.0 1347.5
**********2022-05-23 14:54:56**********
63510.238 63672.087 0.254 386.195 629.597 
0 5 11
0 0 0 0 0 2616.1 0 0 0 0 0 8754.9 0
0 1 10 2
0 873.1 0.0 0 0 0 0 0 0 0 10497.9 0 0
0 3 7 9 4 8 12 6
0 0.0 0.0 3725.3 1332.8 0.0 2022.0 885.7 1528.9 528.8 0.0 0.0 1347.5
**********2022-05-23 14:55:03**********
63510.362 63672.087 0.254 386.195 636.52 
0 5 11
0 0 0 0 0 2616.1 0 0 0 0 0 8754.9 0
0 1 10 2
0 873.1 0.0 0 0 0 0 0 0 0 10497.9 0 0
0 3 7 9 4 8 12 6
0 0.0 0.0 3725.3 1332.8 0.0 2022.0 885.7 1528.9 528.8 0.0 0.0 1347.5
**********2022-05-23 14:55:08**********
63510.431 63672.087 0.254 386.195 641.566 
0 5 11
0 0 0 0 0 2616.1 0 0 0 0 0 8754.9 0
0 1 10 2
0 873.1 0.0 0 0 0 0 0 0 0 10497.9 0 0
0 3 7 9 4 8 12 6
0 0.0 0.0 3725.3 1332.8 0.0 2022.0 885.7 1528.9 528.8 0.0 0.0 1347.5
**********2022-05-23 14:55:12**********
63510.447 63672.087 0.254 386.195 645.39 
0 5 11
0 0 0 0 0 2616.1 0 0 0 0 0 8754.9 0
0 1 10 2
0 873.1 0.0 0 0 0 0 0 0 0 10497.9 0 0
0 3 7 9 4 8 12 6
0 0.0 0.0 3725.3 1332.8 0.0 2022.0 885.7 1528.9 528.8 0.0 0.0 1347.5
**********2022-05-23 14:55:15**********
63510.48 63672.087 0.254 386.195 648.756 
0 5 11
0 0 0 0 0 2616.1 0 0 0 0 0 8754.9 0
0 1 10 2
0 873.1 0.0 0 0 0 0 0 0 0 10497.9 0 0
0 3 7 9 4 8 12 6
0 0.0 0.0 3725.3 1332.8 0.0 2022.0 885.7 1528.9 528.8 0.0 0.0 1347.5
**********2022-05-23 14:55:20**********
63510.501 63672.087 0.254 386.195 654.273 
0 5 11
0 0 0 0 0 2616.1 0 0 0 0 0 8754.9 0
0 1 10 2
0 873.1 0.0 0 0 0 0 0 0 0 10497.9 0 0
0 3 7 9 4 8 12 6
0 0.0 0.0 3725.3 1332.8 0.0 2022.0 885.7 1528.9 528.8 0.0 0.0 1347.5
**********2022-05-23 14:55:25**********
63510.472 63672.087 0.254 386.195 658.559 
0 5 11
0 0 0 0 0 2616.1 0 0 0 0 0 8754.9 0
0 1 10 2
0 873.1 0.0 0 0 0 0 0 0 0 10497.9 0 0
0 3 7 9 4 8 12 6
0 0.0 0.0 3725.3 1332.8 0.0 2022.0 885.7 1528.9 528.8 0.0 0.0 1347.5
**********2022-05-23 14:55:31**********
63510.558 63672.087 0.254 386.195 664.409 
0 5 11
0 0 0 0 0 2616.1 0 0 0 0 0 8754.9 0
0 1 10 2
0 873.1 0.0 0 0 0 0 0 0 0 10497.9 0 0
0 3 7 9 4 8 12 6
0 0.0 0.0 3725.3 1332.8 0.0 2022.0 885.7 1528.9 528.8 0.0 0.0 1347.5
**********2022-05-23 14:55:40**********
63510.558 63672.087 0.254 386.195 673.646 
0 5 11
0 0 0 0 0 2616.1 0 0 0 0 0 8754.9 0
0 1 10 2
0 873.1 0.0 0 0 0 0 0 0 0 10497.9 0 0
0 3 7 9 4 8 12 6
0 0.0 0.0 3725.3 1332.8 0.0 2022.0 885.7 1528.9 528.8 0.0 0.0 1347.5
**********2022-05-23 14:55:47**********
63510.558 63672.087 0.254 386.195 681.227 
0 5 11
0 0 0 0 0 2616.1 0 0 0 0 0 8754.9 0
0 1 10 2
0 873.1 0.0 0 0 0 0 0 0 0 10497.9 0 0
0 3 7 9 4 8 12 6
0 0.0 0.0 3725.3 1332.8 0.0 2022.0 885.7 1528.9 528.8 0.0 0.0 1347.5
**********2022-05-23 14:55:56**********
63510.759 63672.087 0.253 386.195 689.672 
0 5 11
0 0 0 0 0 2616.1 0 0 0 0 0 8754.9 0
0 1 10 2
0 873.1 0.0 0 0 0 0 0 0 0 10497.9 0 0
0 3 7 9 4 8 12 6
0 0.0 0.0 3725.3 1332.8 0.0 2022.0 885.7 1528.9 528.8 0.0 0.0 1347.5
**********2022-05-23 14:56:00**********
63510.77 63672.087 0.253 386.195 694.11 
0 5 11
0 0 0 0 0 2616.1 0 0 0 0 0 8754.9 0
0 1 10 2
0 873.1 0.0 0 0 0 0 0 0 0 10497.9 0 0
0 3 7 9 4 8 12 6
0 0.0 0.0 3725.3 1332.8 0.0 2022.0 885.7 1528.9 528.8 0.0 0.0 1347.5
**********2022-05-23 14:56:06**********
63510.734 63672.087 0.253 386.195 700.213 
0 5 11
0 0 0 0 0 2616.1 0 0 0 0 0 8754.9 0
0 1 10 2
0 873.1 0.0 0 0 0 0 0 0 0 10497.9 0 0
0 3 7 9 4 8 12 6
0 0.0 0.0 3725.3 1332.8 0.0 2022.0 885.7 1528.9 528.8 0.0 0.0 1347.5
**********2022-05-23 14:56:11**********
63510.734 63672.087 0.253 386.195 704.723 
0 5 11
0 0 0 0 0 2616.1 0 0 0 0 0 8754.9 0
0 1 10 2
0 873.1 0.0 0 0 0 0 0 0 0 10497.9 0 0
0 3 7 9 4 8 12 6
0 0.0 0.0 3725.3 1332.8 0.0 2022.0 885.7 1528.9 528.8 0.0 0.0 1347.5
**********2022-05-23 14:56:16**********
63510.734 63672.087 0.253 386.195 710.134 
0 5 11
0 0 0 0 0 2616.1 0 0 0 0 0 8754.9 0
0 1 10 2
0 873.1 0.0 0 0 0 0 0 0 0 10497.9 0 0
0 3 7 9 4 8 12 6
0 0.0 0.0 3725.3 1332.8 0.0 2022.0 885.7 1528.9 528.8 0.0 0.0 1347.5
**********2022-05-23 14:56:22**********
63510.836 63672.087 0.253 386.195 716.094 
0 5 11
0 0 0 0 0 2616.1 0 0 0 0 0 8754.9 0
0 1 10 2
0 873.1 0.0 0 0 0 0 0 0 0 10497.9 0 0
0 3 7 9 4 8 12 6
0 0.0 0.0 3725.3 1332.8 0.0 2022.0 885.7 1528.9 528.8 0.0 0.0 1347.5
**********2022-05-23 14:56:28**********
63510.852 63672.087 0.253 386.195 721.561 
0 5 11
0 0 0 0 0 2616.1 0 0 0 0 0 8754.9 0
0 1 10 2
0 873.1 0.0 0 0 0 0 0 0 0 10497.9 0 0
0 3 7 9 4 8 12 6
0 0.0 0.0 3725.3 1332.8 0.0 2022.0 885.7 1528.9 528.8 0.0 0.0 1347.5
**********2022-05-23 14:56:32**********
63510.852 63672.087 0.253 386.195 725.662 
0 5 11
0 0 0 0 0 2616.1 0 0 0 0 0 8754.9 0
0 1 10 2
0 873.1 0.0 0 0 0 0 0 0 0 10497.9 0 0
0 3 7 9 4 8 12 6
0 0.0 0.0 3725.3 1332.8 0.0 2022.0 885.7 1528.9 528.8 0.0 0.0 1347.5
**********2022-05-23 14:56:36**********
63510.852 63672.087 0.253 386.195 729.79 
0 5 11
0 0 0 0 0 2616.1 0 0 0 0 0 8754.9 0
0 1 10 2
0 873.1 0.0 0 0 0 0 0 0 0 10497.9 0 0
0 3 7 9 4 8 12 6
0 0.0 0.0 3725.3 1332.8 0.0 2022.0 885.7 1528.9 528.8 0.0 0.0 1347.5
**********2022-05-23 14:56:40**********
63510.852 63672.087 0.253 386.195 733.622 
0 5 11
0 0 0 0 0 2616.1 0 0 0 0 0 8754.9 0
0 1 10 2
0 873.1 0.0 0 0 0 0 0 0 0 10497.9 0 0
0 3 7 9 4 8 12 6
0 0.0 0.0 3725.3 1332.8 0.0 2022.0 885.7 1528.9 528.8 0.0 0.0 1347.5
**********2022-05-23 14:56:44**********
63510.852 63672.087 0.253 386.195 738.237 
0 5 11
0 0 0 0 0 2616.1 0 0 0 0 0 8754.9 0
0 1 10 2
0 873.1 0.0 0 0 0 0 0 0 0 10497.9 0 0
0 3 7 9 4 8 12 6
0 0.0 0.0 3725.3 1332.8 0.0 2022.0 885.7 1528.9 528.8 0.0 0.0 1347.5
**********2022-05-23 14:56:49**********
63511.19 63672.087 0.253 386.195 742.726 
0 5 11
0 0 0 0 0 2616.1 0 0 0 0 0 8754.9 0
0 1 10 2
0 873.1 0.0 0 0 0 0 0 0 0 10497.9 0 0
0 3 7 9 4 8 12 6
0 0.0 0.0 3725.3 1332.8 0.0 2022.0 885.7 1528.9 528.8 0.0 0.0 1347.5
**********2022-05-23 14:56:53**********
63511.258 63672.087 0.253 386.195 746.733 
0 5 11
0 0 0 0 0 2616.1 0 0 0 0 0 8754.9 0
0 1 10 2
0 873.1 0.0 0 0 0 0 0 0 0 10497.9 0 0
0 3 7 9 4 8 12 6
0 0.0 0.0 3725.3 1332.8 0.0 2022.0 885.7 1528.9 528.8 0.0 0.0 1347.5
**********2022-05-23 14:56:58**********
63511.258 63672.087 0.253 386.195 751.608 
0 5 11
0 0 0 0 0 2616.1 0 0 0 0 0 8754.9 0
0 1 10 2
0 873.1 0.0 0 0 0 0 0 0 0 10497.9 0 0
0 3 7 9 4 8 12 6
0 0.0 0.0 3725.3 1332.8 0.0 2022.0 885.7 1528.9 528.8 0.0 0.0 1347.5
**********2022-05-23 14:57:03**********
63511.258 63672.087 0.253 386.195 756.621 
0 5 11
0 0 0 0 0 2616.1 0 0 0 0 0 8754.9 0
0 1 10 2
0 873.1 0.0 0 0 0 0 0 0 0 10497.9 0 0
0 3 7 9 4 8 12 6
0 0.0 0.0 3725.3 1332.8 0.0 2022.0 885.7 1528.9 528.8 0.0 0.0 1347.5
**********2022-05-23 14:57:07**********
63511.258 63672.087 0.253 386.195 760.503 
0 5 11
0 0 0 0 0 2616.1 0 0 0 0 0 8754.9 0
0 1 10 2
0 873.1 0.0 0 0 0 0 0 0 0 10497.9 0 0
0 3 7 9 4 8 12 6
0 0.0 0.0 3725.3 1332.8 0.0 2022.0 885.7 1528.9 528.8 0.0 0.0 1347.5
**********2022-05-23 14:57:11**********
63511.258 63672.087 0.253 386.195 764.613 
0 5 11
0 0 0 0 0 2616.1 0 0 0 0 0 8754.9 0
0 1 10 2
0 873.1 0.0 0 0 0 0 0 0 0 10497.9 0 0
0 3 7 9 4 8 12 6
0 0.0 0.0 3725.3 1332.8 0.0 2022.0 885.7 1528.9 528.8 0.0 0.0 1347.5
**********2022-05-23 14:57:17**********
63511.297 63672.087 0.253 386.195 770.633 
0 5 11
0 0 0 0 0 2616.1 0 0 0 0 0 8754.9 0
0 1 10 2
0 873.1 0.0 0 0 0 0 0 0 0 10497.9 0 0
0 3 7 9 4 8 12 6
0 0.0 0.0 3725.3 1332.8 0.0 2022.0 885.7 1528.9 528.8 0.0 0.0 1347.5
**********2022-05-23 14:57:20**********
63511.321 63672.087 0.252 386.195 774.251 
0 5 11
0 0 0 0 0 2616.1 0 0 0 0 0 8754.9 0
0 1 10 2
0 873.1 0.0 0 0 0 0 0 0 0 10497.9 0 0
0 3 7 9 4 8 12 6
0 0.0 0.0 3725.3 1332.8 0.0 2022.0 885.7 1528.9 528.8 0.0 0.0 1347.5
**********2022-05-23 14:57:23**********
63511.325 63672.087 0.252 386.195 777.329 
0 5 11
0 0 0 0 0 2616.1 0 0 0 0 0 8754.9 0
0 1 10 2
0 873.1 0.0 0 0 0 0 0 0 0 10497.9 0 0
0 3 7 9 4 8 12 6
0 0.0 0.0 3725.3 1332.8 0.0 2022.0 885.7 1528.9 528.8 0.0 0.0 1347.5
**********2022-05-23 14:57:29**********
63511.349 63672.087 0.252 386.195 782.568 
0 5 11
0 0 0 0 0 2616.1 0 0 0 0 0 8754.9 0
0 1 10 2
0 873.1 0.0 0 0 0 0 0 0 0 10497.9 0 0
0 3 7 9 4 8 12 6
0 0.0 0.0 3725.3 1332.8 0.0 2022.0 885.7 1528.9 528.8 0.0 0.0 1347.5
**********2022-05-23 14:57:33**********
63511.349 63672.087 0.252 386.195 786.9 
0 5 11
0 0 0 0 0 2616.1 0 0 0 0 0 8754.9 0
0 1 10 2
0 873.1 0.0 0 0 0 0 0 0 0 10497.9 0 0
0 3 7 9 4 8 12 6
0 0.0 0.0 3725.3 1332.8 0.0 2022.0 885.7 1528.9 528.8 0.0 0.0 1347.5
**********2022-05-23 14:57:38**********
63511.349 63672.087 0.252 386.195 791.499 
0 5 11
0 0 0 0 0 2616.1 0 0 0 0 0 8754.9 0
0 1 10 2
0 873.1 0.0 0 0 0 0 0 0 0 10497.9 0 0
0 3 7 9 4 8 12 6
0 0.0 0.0 3725.3 1332.8 0.0 2022.0 885.7 1528.9 528.8 0.0 0.0 1347.5
**********2022-05-23 14:57:41**********
63511.345 63672.087 0.252 386.195 795.253 
0 5 11
0 0 0 0 0 2616.1 0 0 0 0 0 8754.9 0
0 1 10 2
0 873.1 0.0 0 0 0 0 0 0 0 10497.9 0 0
0 3 7 9 4 8 12 6
0 0.0 0.0 3725.3 1332.8 0.0 2022.0 885.7 1528.9 528.8 0.0 0.0 1347.5
**********2022-05-23 14:57:47**********
63511.41 63672.087 0.252 386.195 801.362 
0 5 11
0 0 0 0 0 2616.1 0 0 0 0 0 8754.9 0
0 1 10 2
0 873.1 0.0 0 0 0 0 0 0 0 10497.9 0 0
0 3 7 9 4 8 12 6
0 0.0 0.0 3725.3 1332.8 0.0 2022.0 885.7 1528.9 528.8 0.0 0.0 1347.5
**********2022-05-23 14:57:53**********
63511.446 63672.087 0.252 386.195 806.639 
0 5 11
0 0 0 0 0 2616.1 0 0 0 0 0 8754.9 0
0 1 10 2
0 873.1 0.0 0 0 0 0 0 0 0 10497.9 0 0
0 3 7 9 4 8 12 6
0 0.0 0.0 3725.3 1332.8 0.0 2022.0 885.7 1528.9 528.8 0.0 0.0 1347.5
**********2022-05-23 14:57:57**********
63511.455 63672.087 0.252 386.195 811.014 
0 5 11
0 0 0 0 0 2616.1 0 0 0 0 0 8754.9 0
0 1 10 2
0 873.1 0.0 0 0 0 0 0 0 0 10497.9 0 0
0 3 7 9 4 8 12 6
0 0.0 0.0 3725.3 1332.8 0.0 2022.0 885.7 1528.9 528.8 0.0 0.0 1347.5
**********2022-05-23 14:58:02**********
63511.481 63672.087 0.252 386.195 815.796 
0 5 11
0 0 0 0 0 2616.1 0 0 0 0 0 8754.9 0
0 1 10 2
0 873.1 0.0 0 0 0 0 0 0 0 10497.9 0 0
0 3 7 9 4 8 12 6
0 0.0 0.0 3725.3 1332.8 0.0 2022.0 885.7 1528.9 528.8 0.0 0.0 1347.5
**********2022-05-23 14:58:06**********
63511.481 63672.087 0.252 386.195 819.864 
0 5 11
0 0 0 0 0 2616.1 0 0 0 0 0 8754.9 0
0 1 10 2
0 873.1 0.0 0 0 0 0 0 0 0 10497.9 0 0
0 3 7 9 4 8 12 6
0 0.0 0.0 3725.3 1332.8 0.0 2022.0 885.7 1528.9 528.8 0.0 0.0 1347.5
**********2022-05-23 14:58:11**********
63511.53 63672.087 0.252 386.195 824.457 
0 5 11
0 0 0 0 0 2616.1 0 0 0 0 0 8754.9 0
0 1 10 2
0 873.1 0.0 0 0 0 0 0 0 0 10497.9 0 0
0 3 7 9 4 8 12 6
0 0.0 0.0 3725.3 1332.8 0.0 2022.0 885.7 1528.9 528.8 0.0 0.0 1347.5
**********2022-05-23 14:58:16**********
63511.53 63672.087 0.252 386.195 829.579 
0 5 11
0 0 0 0 0 2616.1 0 0 0 0 0 8754.9 0
0 1 10 2
0 873.1 0.0 0 0 0 0 0 0 0 10497.9 0 0
0 3 7 9 4 8 12 6
0 0.0 0.0 3725.3 1332.8 0.0 2022.0 885.7 1528.9 528.8 0.0 0.0 1347.5
**********2022-05-23 14:58:21**********
63511.545 63672.087 0.252 386.195 834.656 
0 5 11
0 0 0 0 0 2616.1 0 0 0 0 0 8754.9 0
0 1 10 2
0 873.1 0.0 0 0 0 0 0 0 0 10497.9 0 0
0 3 7 9 4 8 12 6
0 0.0 0.0 3725.3 1332.8 0.0 2022.0 885.7 1528.9 528.8 0.0 0.0 1347.5
**********2022-05-23 14:58:25**********
63511.549 63672.087 0.252 386.195 838.624 
0 5 11
0 0 0 0 0 2616.1 0 0 0 0 0 8754.9 0
0 1 10 2
0 873.1 0.0 0 0 0 0 0 0 0 10497.9 0 0
0 3 7 9 4 8 12 6
0 0.0 0.0 3725.3 1332.8 0.0 2022.0 885.7 1528.9 528.8 0.0 0.0 1347.5
**********2022-05-23 14:58:29**********
63511.598 63672.087 0.252 386.195 843.268 
0 5 11
0 0 0 0 0 2616.1 0 0 0 0 0 8754.9 0
0 1 10 2
0 873.1 0.0 0 0 0 0 0 0 0 10497.9 0 0
0 3 7 9 4 8 12 6
0 0.0 0.0 3725.3 1332.8 0.0 2022.0 885.7 1528.9 528.8 0.0 0.0 1347.5
**********2022-05-23 14:58:37**********
63511.662 63672.087 0.252 386.195 850.811 
0 5 11
0 0 0 0 0 2616.1 0 0 0 0 0 8754.9 0
0 1 10 2
0 873.1 0.0 0 0 0 0 0 0 0 10497.9 0 0
0 3 7 9 4 8 12 6
0 0.0 0.0 3725.3 1332.8 0.0 2022.0 885.7 1528.9 528.8 0.0 0.0 1347.5
**********2022-05-23 14:58:41**********
63511.662 63672.087 0.252 386.195 855.161 
0 5 11
0 0 0 0 0 2616.1 0 0 0 0 0 8754.9 0
0 1 10 2
0 873.1 0.0 0 0 0 0 0 0 0 10497.9 0 0
0 3 7 9 4 8 12 6
0 0.0 0.0 3725.3 1332.8 0.0 2022.0 885.7 1528.9 528.8 0.0 0.0 1347.5
**********2022-05-23 14:58:45**********
63511.662 63672.087 0.252 386.195 858.989 
0 5 11
0 0 0 0 0 2616.1 0 0 0 0 0 8754.9 0
0 1 10 2
0 873.1 0.0 0 0 0 0 0 0 0 10497.9 0 0
0 3 7 9 4 8 12 6
0 0.0 0.0 3725.3 1332.8 0.0 2022.0 885.7 1528.9 528.8 0.0 0.0 1347.5
**********2022-05-23 14:58:46**********
63511.662 63672.087 0.252 386.195 860.229 
0 5 11
0 0 0 0 0 2616.1 0 0 0 0 0 8754.9 0
0 1 10 2
0 873.1 0.0 0 0 0 0 0 0 0 10497.9 0 0
0 3 7 9 4 8 12 6
0 0.0 0.0 3725.3 1332.8 0.0 2022.0 885.7 1528.9 528.8 0.0 0.0 1347.5
**********2022-05-23 14:58:52**********
63511.662 63672.087 0.252 386.195 865.468 
0 5 11
0 0 0 0 0 2616.1 0 0 0 0 0 8754.9 0
0 1 10 2
0 873.1 0.0 0 0 0 0 0 0 0 10497.9 0 0
0 3 7 9 4 8 12 6
0 0.0 0.0 3725.3 1332.8 0.0 2022.0 885.7 1528.9 528.8 0.0 0.0 1347.5
**********2022-05-23 14:58:55**********
63511.688 63672.087 0.252 386.195 868.793 
0 5 11
0 0 0 0 0 2616.1 0 0 0 0 0 8754.9 0
0 1 10 2
0 873.1 0.0 0 0 0 0 0 0 0 10497.9 0 0
0 3 7 9 4 8 12 6
0 0.0 0.0 3725.3 1332.8 0.0 2022.0 885.7 1528.9 528.8 0.0 0.0 1347.5
**********2022-05-23 14:59:00**********
63511.751 63672.087 0.252 386.195 873.949 
0 5 11
0 0 0 0 0 2616.1 0 0 0 0 0 8754.9 0
0 1 10 2
0 873.1 0.0 0 0 0 0 0 0 0 10497.9 0 0
0 3 7 9 4 8 12 6
0 0.0 0.0 3725.3 1332.8 0.0 2022.0 885.7 1528.9 528.8 0.0 0.0 1347.5
**********2022-05-23 14:59:04**********
63511.771 63672.087 0.252 386.195 878.334 
0 5 11
0 0 0 0 0 2616.1 0 0 0 0 0 8754.9 0
0 1 10 2
0 873.1 0.0 0 0 0 0 0 0 0 10497.9 0 0
0 3 7 9 4 8 12 6
0 0.0 0.0 3725.3 1332.8 0.0 2022.0 885.7 1528.9 528.8 0.0 0.0 1347.5
**********2022-05-23 14:59:09**********
63511.796 63672.087 0.252 386.195 882.598 
0 5 11
0 0 0 0 0 2616.1 0 0 0 0 0 8754.9 0
0 1 10 2
0 873.1 0.0 0 0 0 0 0 0 0 10497.9 0 0
0 3 7 9 4 8 12 6
0 0.0 0.0 3725.3 1332.8 0.0 2022.0 885.7 1528.9 528.8 0.0 0.0 1347.5
**********2022-05-23 14:59:14**********
63511.836 63672.087 0.252 386.195 887.89 
0 5 11
0 0 0 0 0 2616.1 0 0 0 0 0 8754.9 0
0 1 10 2
0 873.1 0.0 0 0 0 0 0 0 0 10497.9 0 0
0 3 7 9 4 8 12 6
0 0.0 0.0 3725.3 1332.8 0.0 2022.0 885.7 1528.9 528.8 0.0 0.0 1347.5
**********2022-05-23 14:59:19**********
63511.886 63672.087 0.252 386.195 892.623 
0 5 11
0 0 0 0 0 2616.1 0 0 0 0 0 8754.9 0
0 1 10 2
0 873.1 0.0 0 0 0 0 0 0 0 10497.9 0 0
0 3 7 9 4 8 12 6
0 0.0 0.0 3725.3 1332.8 0.0 2022.0 885.7 1528.9 528.8 0.0 0.0 1347.5
**********2022-05-23 14:59:23**********
63511.886 63672.087 0.252 386.195 897.33 
0 5 11
0 0 0 0 0 2616.1 0 0 0 0 0 8754.9 0
0 1 10 2
0 873.1 0.0 0 0 0 0 0 0 0 10497.9 0 0
0 3 7 9 4 8 12 6
0 0.0 0.0 3725.3 1332.8 0.0 2022.0 885.7 1528.9 528.8 0.0 0.0 1347.5
**********2022-05-23 14:59:27**********
63511.888 63672.087 0.252 386.195 901.218 
0 5 11
0 0 0 0 0 2616.1 0 0 0 0 0 8754.9 0
0 1 10 2
0 873.1 0.0 0 0 0 0 0 0 0 10497.9 0 0
0 3 7 9 4 8 12 6
0 0.0 0.0 3725.3 1332.8 0.0 2022.0 885.7 1528.9 528.8 0.0 0.0 1347.5
**********2022-05-23 14:59:31**********
63511.886 63672.087 0.252 386.195 905.261 
0 5 11
0 0 0 0 0 2616.1 0 0 0 0 0 8754.9 0
0 1 10 2
0 873.1 0.0 0 0 0 0 0 0 0 10497.9 0 0
0 3 7 9 4 8 12 6
0 0.0 0.0 3725.3 1332.8 0.0 2022.0 885.7 1528.9 528.8 0.0 0.0 1347.5
**********2022-05-23 14:59:36**********
63511.886 63672.087 0.252 386.195 909.438 
0 5 11
0 0 0 0 0 2616.1 0 0 0 0 0 8754.9 0
0 1 10 2
0 873.1 0.0 0 0 0 0 0 0 0 10497.9 0 0
0 3 7 9 4 8 12 6
0 0.0 0.0 3725.3 1332.8 0.0 2022.0 885.7 1528.9 528.8 0.0 0.0 1347.5
**********2022-05-23 14:59:40**********
63511.902 63672.087 0.252 386.195 913.396 
0 5 11
0 0 0 0 0 2616.1 0 0 0 0 0 8754.9 0
0 1 10 2
0 873.1 0.0 0 0 0 0 0 0 0 10497.9 0 0
0 3 7 9 4 8 12 6
0 0.0 0.0 3725.3 1332.8 0.0 2022.0 885.7 1528.9 528.8 0.0 0.0 1347.5
**********2022-05-23 14:59:45**********
63511.902 63672.087 0.252 386.195 918.42 
0 5 11
0 0 0 0 0 2616.1 0 0 0 0 0 8754.9 0
0 1 10 2
0 873.1 0.0 0 0 0 0 0 0 0 10497.9 0 0
0 3 7 9 4 8 12 6
0 0.0 0.0 3725.3 1332.8 0.0 2022.0 885.7 1528.9 528.8 0.0 0.0 1347.5
**********2022-05-23 14:59:49**********
63511.902 63672.087 0.252 386.195 922.766 
0 5 11
0 0 0 0 0 2616.1 0 0 0 0 0 8754.9 0
0 1 10 2
0 873.1 0.0 0 0 0 0 0 0 0 10497.9 0 0
0 3 7 9 4 8 12 6
0 0.0 0.0 3725.3 1332.8 0.0 2022.0 885.7 1528.9 528.8 0.0 0.0 1347.5
**********2022-05-23 14:59:53**********
63511.902 63672.087 0.252 386.195 926.946 
0 5 11
0 0 0 0 0 2616.1 0 0 0 0 0 8754.9 0
0 1 10 2
0 873.1 0.0 0 0 0 0 0 0 0 10497.9 0 0
0 3 7 9 4 8 12 6
0 0.0 0.0 3725.3 1332.8 0.0 2022.0 885.7 1528.9 528.8 0.0 0.0 1347.5
**********2022-05-23 14:59:57**********
63511.902 63672.087 0.252 386.195 930.832 
0 5 11
0 0 0 0 0 2616.1 0 0 0 0 0 8754.9 0
0 1 10 2
0 873.1 0.0 0 0 0 0 0 0 0 10497.9 0 0
0 3 7 9 4 8 12 6
0 0.0 0.0 3725.3 1332.8 0.0 2022.0 885.7 1528.9 528.8 0.0 0.0 1347.5
**********2022-05-23 15:00:01**********
63511.902 63672.087 0.252 386.195 934.713 
0 5 11
0 0 0 0 0 2616.1 0 0 0 0 0 8754.9 0
0 1 10 2
0 873.1 0.0 0 0 0 0 0 0 0 10497.9 0 0
0 3 7 9 4 8 12 6
0 0.0 0.0 3725.3 1332.8 0.0 2022.0 885.7 1528.9 528.8 0.0 0.0 1347.5
