**********2022-05-30 16:04:44**********
12585.521 12609.632 0.191 24.926 24.926 
0 3 12 9 11 6 4
0 0 0 4632.1 3759.0 0 554.5 0 0 53.2 0 1532.6 415.9
0 7 8
0 0 0 0 0 0 0 553.1 7452.2 0 0 0 0
0 1 2 10 5
0 5595.5 0.7 0 0 453.0 0 0 0 0 4267.3 0 0
**********2022-05-30 16:04:59**********
12585.521 12609.366 0.189 39.764 39.764 
0 11 5 12 3 10
0 0 0 4632.1 0 453.0 0 0 0 0 4267.3 1532.6 415.9
0 1 6 9 7
0 5595.5 0 0 0 0 554.5 553.1 0 53.2 0 0 0
0 2 4 8
0 0 0.7 0 3759.0 0 0 0 7452.2 0 0 0 0
**********2022-05-30 16:05:10**********
12585.521 12609.366 0.189 39.764 50.945 
0 11 5 12 3 10
0 0 0 4632.1 0 453.0 0 0 0 0 4267.3 1532.6 415.9
0 1 6 9 7
0 5595.5 0 0 0 0 554.5 553.1 0 53.2 0 0 0
0 2 4 8
0 0 0.7 0 3759.0 0 0 0 7452.2 0 0 0 0
**********2022-05-30 16:05:21**********
12585.521 12605.758 0.161 62.088 62.088 
0 5 12 3 10
0 0 0 4632.1 0 453.0 0 0 0 0 4267.3 0 415.9
0 2 8 4
0 0 0.7 0 3759.0 0 0 0 7452.2 0 0 0 0
0 1 7 6 11 9
0 5595.5 0 0 0 0 554.5 553.1 0 53.2 0 1532.6 0
**********2022-05-30 16:08:02**********
38139.393 38164.984 0.067 27.686 27.686 
0 8 1 12 6 3 9
0 3624.6 0 3227.6 0 0 878.6 0 742.6 2322.3 0 0 2779.1
0 10
0 0 0 0 0 0 0 0 0 0 26658.0 0 0
0 2 5 4 7 11
0 0 5366.1 0 174.6 409.9 0 42.3 0 0 0 20420.4 0
**********2022-05-30 16:08:17**********
38139.393 38164.984 0.067 42.556 42.556 
0 8 1 12 6 3 9
0 3624.6 0 3227.6 0 0 878.6 0 742.6 2322.3 0 0 2779.1
0 10
0 0 0 0 0 0 0 0 0 0 26658.0 0 0
0 2 5 4 7 11
0 0 5366.1 0 174.6 409.9 0 42.3 0 0 0 20420.4 0
**********2022-05-30 16:08:31**********
38139.393 38160.65 0.056 56.952 56.952 
0 10
0 0 0 0 0 0 0 0 0 0 26658.0 0 0
0 5 9 4 8 7 11
0 0 0 0 174.6 409.9 0 42.3 742.6 2322.3 0 20420.4 0
0 6 2 3 12 1
0 3624.6 5366.1 3227.6 0 0 878.6 0 0 0 0 0 2779.1
**********2022-05-30 16:08:49**********
38139.393 38160.65 0.056 56.952 74.507 
0 10
0 0 0 0 0 0 0 0 0 0 26658.0 0 0
0 5 9 4 8 7 11
0 0 0 0 174.6 409.9 0 42.3 742.6 2322.3 0 20420.4 0
0 6 2 3 12 1
0 3624.6 5366.1 3227.6 0 0 878.6 0 0 0 0 0 2779.1
**********2022-05-30 16:09:05**********
38139.393 38160.65 0.056 56.952 91.136 
0 10
0 0 0 0 0 0 0 0 0 0 26658.0 0 0
0 5 9 4 8 7 11
0 0 0 0 174.6 409.9 0 42.3 742.6 2322.3 0 20420.4 0
0 6 2 3 12 1
0 3624.6 5366.1 3227.6 0 0 878.6 0 0 0 0 0 2779.1
**********2022-05-30 16:09:20**********
38139.393 38154.744 0.04 105.676 105.677 
0 12 4 9 7 5 11
0 0 0 0 174.6 409.9 0 42.3 0 2322.3 0 20420.4 2779.1
0 10
0 0 0 0 0 0 0 0 0 0 26658.0 0 0
0 3 8 2 6 1
0 3624.6 5366.1 3227.6 0 0 878.6 0 742.6 0 0 0 0
**********2022-05-30 16:09:35**********
38139.393 38154.744 0.04 105.676 120.961 
0 12 4 9 7 5 11
0 0 0 0 174.6 409.9 0 42.3 0 2322.3 0 20420.4 2779.1
0 10
0 0 0 0 0 0 0 0 0 0 26658.0 0 0
0 3 8 2 6 1
0 3624.6 5366.1 3227.6 0 0 878.6 0 742.6 0 0 0 0
**********2022-05-30 16:09:47**********
38139.393 38154.744 0.04 105.676 132.454 
0 12 4 9 7 5 11
0 0 0 0 174.6 409.9 0 42.3 0 2322.3 0 20420.4 2779.1
0 10
0 0 0 0 0 0 0 0 0 0 26658.0 0 0
0 3 8 2 6 1
0 3624.6 5366.1 3227.6 0 0 878.6 0 742.6 0 0 0 0
**********2022-05-30 16:09:57**********
38139.393 38154.744 0.04 105.676 142.491 
0 12 4 9 7 5 11
0 0 0 0 174.6 409.9 0 42.3 0 2322.3 0 20420.4 2779.1
0 10
0 0 0 0 0 0 0 0 0 0 26658.0 0 0
0 3 8 2 6 1
0 3624.6 5366.1 3227.6 0 0 878.6 0 742.6 0 0 0 0
**********2022-05-30 16:10:05**********
38139.393 38154.744 0.04 105.676 150.928 
0 12 4 9 7 5 11
0 0 0 0 174.6 409.9 0 42.3 0 2322.3 0 20420.4 2779.1
0 10
0 0 0 0 0 0 0 0 0 0 26658.0 0 0
0 3 8 2 6 1
0 3624.6 5366.1 3227.6 0 0 878.6 0 742.6 0 0 0 0
**********2022-05-30 16:10:13**********
38139.393 38154.744 0.04 105.676 159.107 
0 12 4 9 7 5 11
0 0 0 0 174.6 409.9 0 42.3 0 2322.3 0 20420.4 2779.1
0 10
0 0 0 0 0 0 0 0 0 0 26658.0 0 0
0 3 8 2 6 1
0 3624.6 5366.1 3227.6 0 0 878.6 0 742.6 0 0 0 0
**********2022-05-30 16:10:21**********
38139.393 38152.778 0.035 167.031 167.031 
0 10
0 0.0 0.0 0.0 0.0 0.0 -0.0 0.0 0.0 0.0 26658.0 0.0 0.0
0 2 12 3 9 1 6
0 3624.6 5366.1 3227.6 0 0 878.6 0 0 2322.3 0 0 2779.1
0 5 7 4 11 8
0 0 0 0 174.6 409.9 0 42.3 742.6 0 0 20420.4 0
**********2022-05-30 16:10:28**********
38139.393 38152.778 0.035 167.031 173.407 
0 10
0 0.0 0.0 0.0 0.0 0.0 -0.0 0.0 0.0 0.0 26658.0 0.0 0.0
0 2 12 3 9 1 6
0 3624.6 5366.1 3227.6 0 0 878.6 0 0 2322.3 0 0 2779.1
0 5 7 4 11 8
0 0 0 0 174.6 409.9 0 42.3 742.6 0 0 20420.4 0
**********2022-05-30 16:10:37**********
38139.393 38152.778 0.035 167.031 183.091 
0 10
0 0.0 0.0 0.0 0.0 0.0 -0.0 0.0 0.0 0.0 26658.0 0.0 0.0
0 2 12 3 9 1 6
0 3624.6 5366.1 3227.6 0 0 878.6 0 0 2322.3 0 0 2779.1
0 5 7 4 11 8
0 0 0 0 174.6 409.9 0 42.3 742.6 0 0 20420.4 0
**********2022-05-30 16:10:43**********
38139.393 38150.566 0.029 188.552 188.552 
0 10
0 0.0 0.0 0.0 0.0 0.0 0.0 0.0 0.0 -0.0 26658.0 0.0 0.0
0 5 7 9 3 12 2
0 0 5366.1 3227.6 0 409.9 0 42.3 0 2322.3 0 0 2779.1
0 4 11 8 6 1
0 3624.6 0 0 174.6 0 878.6 0 742.6 0 0 20420.4 0
**********2022-05-30 16:10:51**********
38139.393 38150.566 0.029 188.552 197.23 
0 10
0 0.0 0.0 0.0 0.0 0.0 0.0 0.0 0.0 -0.0 26658.0 0.0 0.0
0 5 7 9 3 12 2
0 0 5366.1 3227.6 0 409.9 0 42.3 0 2322.3 0 0 2779.1
0 4 11 8 6 1
0 3624.6 0 0 174.6 0 878.6 0 742.6 0 0 20420.4 0
**********2022-05-30 16:10:58**********
38139.393 38150.566 0.029 188.552 203.978 
0 10
0 0.0 0.0 0.0 0.0 0.0 0.0 0.0 0.0 -0.0 26658.0 0.0 0.0
0 5 7 9 3 12 2
0 0 5366.1 3227.6 0 409.9 0 42.3 0 2322.3 0 0 2779.1
0 4 11 8 6 1
0 3624.6 0 0 174.6 0 878.6 0 742.6 0 0 20420.4 0
**********2022-05-30 16:11:04**********
38139.393 38148.95 0.025 209.842 209.842 
0 10
0 0.0 0.0 0.0 0.0 0.0 0.0 0.0 0.0 -0.0 26658.0 0.0 0.0
0 6 12 4 11
0 0 0 0 174.6 0 878.6 0 0 0 0 20420.4 2779.1
0 5 7 2 8 1 9 3
0 3624.6 5366.1 3227.6 0 409.9 0 42.3 742.6 2322.3 0 0 0
**********2022-05-30 16:11:06**********
38139.393 38148.95 0.025 209.842 211.794 
0 10
0 0.0 0.0 0.0 0.0 0.0 0.0 0.0 0.0 -0.0 26658.0 0.0 0.0
0 6 12 4 11
0 0 0 0 174.6 0 878.6 0 0 0 0 20420.4 2779.1
0 5 7 2 8 1 9 3
0 3624.6 5366.1 3227.6 0 409.9 0 42.3 742.6 2322.3 0 0 0
**********2022-05-30 16:11:08**********
38139.393 38148.724 0.024 213.6 213.6 
0 2 8 1 9 3 5 7
0 3624.6 5366.1 3227.6 0 409.9 0 42.3 742.6 2322.3 0 0 0
0 10
0 0 0 0 0 0 0 0 0 0 26658.0 0 0
0 6 12 4 11
0 0 0 0 174.6 0 878.6 0 0 0 0 20420.4 2779.1
**********2022-05-30 16:11:10**********
38139.393 38148.724 0.024 213.6 215.332 
0 2 8 1 9 3 5 7
0 3624.6 5366.1 3227.6 0 409.9 0 42.3 742.6 2322.3 0 0 0
0 10
0 0 0 0 0 0 0 0 0 0 26658.0 0 0
0 6 12 4 11
0 0 0 0 174.6 0 878.6 0 0 0 0 20420.4 2779.1
**********2022-05-30 16:11:11**********
38139.393 38148.724 0.024 213.6 217.083 
0 2 8 1 9 3 5 7
0 3624.6 5366.1 3227.6 0 409.9 0 42.3 742.6 2322.3 0 0 0
0 10
0 0 0 0 0 0 0 0 0 0 26658.0 0 0
0 6 12 4 11
0 0 0 0 174.6 0 878.6 0 0 0 0 20420.4 2779.1
**********2022-05-30 16:11:13**********
38139.393 38148.724 0.024 213.6 218.96 
0 2 8 1 9 3 5 7
0 3624.6 5366.1 3227.6 0 409.9 0 42.3 742.6 2322.3 0 0 0
0 10
0 0 0 0 0 0 0 0 0 0 26658.0 0 0
0 6 12 4 11
0 0 0 0 174.6 0 878.6 0 0 0 0 20420.4 2779.1
**********2022-05-30 16:11:17**********
38139.393 38147.116 0.02 222.835 222.835 
0 10
0 0.0 0.0 0.0 0.0 0.0 0.0 0.0 0.0 -0.0 26658.0 0.0 0.0
0 4 12 6 11
0 0 0 0 174.6 0 878.6 0 0 0 0 20420.4 2779.1
0 2 8 1 9 3 5 7
0 3624.6 5366.1 3227.6 0 409.9 0 42.3 742.6 2322.3 0 0 0
**********2022-05-30 16:11:21**********
38139.393 38147.116 0.02 222.835 226.282 
0 10
0 0.0 0.0 0.0 0.0 0.0 0.0 0.0 0.0 -0.0 26658.0 0.0 0.0
0 4 12 6 11
0 0 0 0 174.6 0 878.6 0 0 0 0 20420.4 2779.1
0 2 8 1 9 3 5 7
0 3624.6 5366.1 3227.6 0 409.9 0 42.3 742.6 2322.3 0 0 0
**********2022-05-30 16:11:24**********
38139.393 38147.116 0.02 222.835 229.829 
0 10
0 0.0 0.0 0.0 0.0 0.0 0.0 0.0 0.0 -0.0 26658.0 0.0 0.0
0 4 12 6 11
0 0 0 0 174.6 0 878.6 0 0 0 0 20420.4 2779.1
0 2 8 1 9 3 5 7
0 3624.6 5366.1 3227.6 0 409.9 0 42.3 742.6 2322.3 0 0 0
**********2022-05-30 16:11:28**********
38139.393 38147.116 0.02 222.835 233.284 
0 10
0 0.0 0.0 0.0 0.0 0.0 0.0 0.0 0.0 -0.0 26658.0 0.0 0.0
0 4 12 6 11
0 0 0 0 174.6 0 878.6 0 0 0 0 20420.4 2779.1
0 2 8 1 9 3 5 7
0 3624.6 5366.1 3227.6 0 409.9 0 42.3 742.6 2322.3 0 0 0
**********2022-05-30 16:11:31**********
38139.393 38144.338 0.013 236.694 236.694 
0 10
0 0.0 0.0 0.0 0.0 0.0 -0.0 0.0 0.0 0.0 26658.0 0.0 0.0
0 4 12 5 7 6 11
0 0 0 0 174.6 409.9 878.6 42.3 0 0 0 20420.4 2779.1
0 2 8 1 9 3
0 3624.6 5366.1 3227.6 0 0 0 0 742.6 2322.3 0 0 0
**********2022-05-30 16:11:32**********
38139.393 38144.338 0.013 236.694 238.135 
0 10
0 0.0 0.0 0.0 0.0 0.0 -0.0 0.0 0.0 0.0 26658.0 0.0 0.0
0 4 12 5 7 6 11
0 0 0 0 174.6 409.9 878.6 42.3 0 0 0 20420.4 2779.1
0 2 8 1 9 3
0 3624.6 5366.1 3227.6 0 0 0 0 742.6 2322.3 0 0 0
**********2022-05-30 16:11:36**********
38139.393 38144.338 0.013 236.694 241.751 
0 10
0 0.0 0.0 0.0 0.0 0.0 -0.0 0.0 0.0 0.0 26658.0 0.0 0.0
0 4 12 5 7 6 11
0 0 0 0 174.6 409.9 878.6 42.3 0 0 0 20420.4 2779.1
0 2 8 1 9 3
0 3624.6 5366.1 3227.6 0 0 0 0 742.6 2322.3 0 0 0
**********2022-05-30 16:11:39**********
38139.393 38144.338 0.013 236.694 245.221 
0 10
0 0.0 0.0 0.0 0.0 0.0 -0.0 0.0 0.0 0.0 26658.0 0.0 0.0
0 4 12 5 7 6 11
0 0 0 0 174.6 409.9 878.6 42.3 0 0 0 20420.4 2779.1
0 2 8 1 9 3
0 3624.6 5366.1 3227.6 0 0 0 0 742.6 2322.3 0 0 0
**********2022-05-30 16:11:42**********
38139.393 38144.338 0.013 236.694 248.072 
0 10
0 0.0 0.0 0.0 0.0 0.0 -0.0 0.0 0.0 0.0 26658.0 0.0 0.0
0 4 12 5 7 6 11
0 0 0 0 174.6 409.9 878.6 42.3 0 0 0 20420.4 2779.1
0 2 8 1 9 3
0 3624.6 5366.1 3227.6 0 0 0 0 742.6 2322.3 0 0 0
**********2022-05-30 16:11:45**********
38139.393 38144.338 0.013 236.694 251.063 
0 10
0 0.0 0.0 0.0 0.0 0.0 -0.0 0.0 0.0 0.0 26658.0 0.0 0.0
0 4 12 5 7 6 11
0 0 0 0 174.6 409.9 878.6 42.3 0 0 0 20420.4 2779.1
0 2 8 1 9 3
0 3624.6 5366.1 3227.6 0 0 0 0 742.6 2322.3 0 0 0
**********2022-05-30 16:11:47**********
38139.393 38144.338 0.013 236.694 252.576 
0 10
0 0.0 0.0 0.0 0.0 0.0 -0.0 0.0 0.0 0.0 26658.0 0.0 0.0
0 4 12 5 7 6 11
0 0 0 0 174.6 409.9 878.6 42.3 0 0 0 20420.4 2779.1
0 2 8 1 9 3
0 3624.6 5366.1 3227.6 0 0 0 0 742.6 2322.3 0 0 0
**********2022-05-30 16:11:50**********
38139.393 38144.338 0.013 236.694 255.991 
0 10
0 0.0 0.0 0.0 0.0 0.0 -0.0 0.0 0.0 0.0 26658.0 0.0 0.0
0 4 12 5 7 6 11
0 0 0 0 174.6 409.9 878.6 42.3 0 0 0 20420.4 2779.1
0 2 8 1 9 3
0 3624.6 5366.1 3227.6 0 0 0 0 742.6 2322.3 0 0 0
**********2022-05-30 16:11:52**********
38139.393 38144.338 0.013 236.694 257.54 
0 10
0 0.0 0.0 0.0 0.0 0.0 -0.0 0.0 0.0 0.0 26658.0 0.0 0.0
0 4 12 5 7 6 11
0 0 0 0 174.6 409.9 878.6 42.3 0 0 0 20420.4 2779.1
0 2 8 1 9 3
0 3624.6 5366.1 3227.6 0 0 0 0 742.6 2322.3 0 0 0
**********2022-05-30 16:11:55**********
38139.393 38144.338 0.013 236.694 261.139 
0 10
0 0.0 0.0 0.0 0.0 0.0 -0.0 0.0 0.0 0.0 26658.0 0.0 0.0
0 4 12 5 7 6 11
0 0 0 0 174.6 409.9 878.6 42.3 0 0 0 20420.4 2779.1
0 2 8 1 9 3
0 3624.6 5366.1 3227.6 0 0 0 0 742.6 2322.3 0 0 0
**********2022-05-30 16:11:58**********
38139.393 38144.338 0.013 236.694 264.081 
0 10
0 0.0 0.0 0.0 0.0 0.0 -0.0 0.0 0.0 0.0 26658.0 0.0 0.0
0 4 12 5 7 6 11
0 0 0 0 174.6 409.9 878.6 42.3 0 0 0 20420.4 2779.1
0 2 8 1 9 3
0 3624.6 5366.1 3227.6 0 0 0 0 742.6 2322.3 0 0 0
**********2022-05-30 16:12:01**********
38139.393 38144.338 0.013 236.694 267.22 
0 10
0 0.0 0.0 0.0 0.0 0.0 -0.0 0.0 0.0 0.0 26658.0 0.0 0.0
0 4 12 5 7 6 11
0 0 0 0 174.6 409.9 878.6 42.3 0 0 0 20420.4 2779.1
0 2 8 1 9 3
0 3624.6 5366.1 3227.6 0 0 0 0 742.6 2322.3 0 0 0
**********2022-05-30 16:12:03**********
38139.393 38144.338 0.013 236.694 268.687 
0 10
0 0.0 0.0 0.0 0.0 0.0 -0.0 0.0 0.0 0.0 26658.0 0.0 0.0
0 4 12 5 7 6 11
0 0 0 0 174.6 409.9 878.6 42.3 0 0 0 20420.4 2779.1
0 2 8 1 9 3
0 3624.6 5366.1 3227.6 0 0 0 0 742.6 2322.3 0 0 0
**********2022-05-30 16:12:04**********
38139.393 38144.338 0.013 236.694 270.257 
0 10
0 0.0 0.0 0.0 0.0 0.0 -0.0 0.0 0.0 0.0 26658.0 0.0 0.0
0 4 12 5 7 6 11
0 0 0 0 174.6 409.9 878.6 42.3 0 0 0 20420.4 2779.1
0 2 8 1 9 3
0 3624.6 5366.1 3227.6 0 0 0 0 742.6 2322.3 0 0 0
**********2022-05-30 16:12:08**********
38139.393 38144.338 0.013 236.694 273.541 
0 10
0 0.0 0.0 0.0 0.0 0.0 -0.0 0.0 0.0 0.0 26658.0 0.0 0.0
0 4 12 5 7 6 11
0 0 0 0 174.6 409.9 878.6 42.3 0 0 0 20420.4 2779.1
0 2 8 1 9 3
0 3624.6 5366.1 3227.6 0 0 0 0 742.6 2322.3 0 0 0
**********2022-05-30 16:12:10**********
38139.393 38144.338 0.013 236.694 275.391 
0 10
0 0.0 0.0 0.0 0.0 0.0 -0.0 0.0 0.0 0.0 26658.0 0.0 0.0
0 4 12 5 7 6 11
0 0 0 0 174.6 409.9 878.6 42.3 0 0 0 20420.4 2779.1
0 2 8 1 9 3
0 3624.6 5366.1 3227.6 0 0 0 0 742.6 2322.3 0 0 0
**********2022-05-30 16:12:11**********
38139.393 38144.338 0.013 236.694 276.965 
0 10
0 0.0 0.0 0.0 0.0 0.0 -0.0 0.0 0.0 0.0 26658.0 0.0 0.0
0 4 12 5 7 6 11
0 0 0 0 174.6 409.9 878.6 42.3 0 0 0 20420.4 2779.1
0 2 8 1 9 3
0 3624.6 5366.1 3227.6 0 0 0 0 742.6 2322.3 0 0 0
**********2022-05-30 16:12:13**********
38139.393 38144.338 0.013 236.694 278.702 
0 10
0 0.0 0.0 0.0 0.0 0.0 -0.0 0.0 0.0 0.0 26658.0 0.0 0.0
0 4 12 5 7 6 11
0 0 0 0 174.6 409.9 878.6 42.3 0 0 0 20420.4 2779.1
0 2 8 1 9 3
0 3624.6 5366.1 3227.6 0 0 0 0 742.6 2322.3 0 0 0
**********2022-05-30 16:12:14**********
38139.393 38144.338 0.013 236.694 280.16 
0 10
0 0.0 0.0 0.0 0.0 0.0 -0.0 0.0 0.0 0.0 26658.0 0.0 0.0
0 4 12 5 7 6 11
0 0 0 0 174.6 409.9 878.6 42.3 0 0 0 20420.4 2779.1
0 2 8 1 9 3
0 3624.6 5366.1 3227.6 0 0 0 0 742.6 2322.3 0 0 0
**********2022-05-30 16:12:18**********
38139.393 38144.338 0.013 236.694 283.418 
0 10
0 0.0 0.0 0.0 0.0 0.0 -0.0 0.0 0.0 0.0 26658.0 0.0 0.0
0 4 12 5 7 6 11
0 0 0 0 174.6 409.9 878.6 42.3 0 0 0 20420.4 2779.1
0 2 8 1 9 3
0 3624.6 5366.1 3227.6 0 0 0 0 742.6 2322.3 0 0 0
**********2022-05-30 16:12:21**********
38139.393 38144.338 0.013 236.694 286.842 
0 10
0 0.0 0.0 0.0 0.0 0.0 -0.0 0.0 0.0 0.0 26658.0 0.0 0.0
0 4 12 5 7 6 11
0 0 0 0 174.6 409.9 878.6 42.3 0 0 0 20420.4 2779.1
0 2 8 1 9 3
0 3624.6 5366.1 3227.6 0 0 0 0 742.6 2322.3 0 0 0
**********2022-05-30 16:12:23**********
38139.393 38144.338 0.013 236.694 289.239 
0 10
0 0.0 0.0 0.0 0.0 0.0 -0.0 0.0 0.0 0.0 26658.0 0.0 0.0
0 4 12 5 7 6 11
0 0 0 0 174.6 409.9 878.6 42.3 0 0 0 20420.4 2779.1
0 2 8 1 9 3
0 3624.6 5366.1 3227.6 0 0 0 0 742.6 2322.3 0 0 0
**********2022-05-30 16:12:25**********
38139.393 38144.338 0.013 236.694 290.603 
0 10
0 0.0 0.0 0.0 0.0 0.0 -0.0 0.0 0.0 0.0 26658.0 0.0 0.0
0 4 12 5 7 6 11
0 0 0 0 174.6 409.9 878.6 42.3 0 0 0 20420.4 2779.1
0 2 8 1 9 3
0 3624.6 5366.1 3227.6 0 0 0 0 742.6 2322.3 0 0 0
**********2022-05-30 16:12:27**********
38139.393 38144.338 0.013 236.694 293.208 
0 10
0 0.0 0.0 0.0 0.0 0.0 -0.0 0.0 0.0 0.0 26658.0 0.0 0.0
0 4 12 5 7 6 11
0 0 0 0 174.6 409.9 878.6 42.3 0 0 0 20420.4 2779.1
0 2 8 1 9 3
0 3624.6 5366.1 3227.6 0 0 0 0 742.6 2322.3 0 0 0
**********2022-05-30 16:12:29**********
38139.393 38144.338 0.013 236.694 294.762 
0 10
0 0.0 0.0 0.0 0.0 0.0 -0.0 0.0 0.0 0.0 26658.0 0.0 0.0
0 4 12 5 7 6 11
0 0 0 0 174.6 409.9 878.6 42.3 0 0 0 20420.4 2779.1
0 2 8 1 9 3
0 3624.6 5366.1 3227.6 0 0 0 0 742.6 2322.3 0 0 0
**********2022-05-30 16:12:30**********
38139.393 38144.338 0.013 236.694 296.057 
0 10
0 0.0 0.0 0.0 0.0 0.0 -0.0 0.0 0.0 0.0 26658.0 0.0 0.0
0 4 12 5 7 6 11
0 0 0 0 174.6 409.9 878.6 42.3 0 0 0 20420.4 2779.1
0 2 8 1 9 3
0 3624.6 5366.1 3227.6 0 0 0 0 742.6 2322.3 0 0 0
**********2022-05-30 16:12:32**********
38139.393 38144.338 0.013 236.694 297.316 
0 10
0 0.0 0.0 0.0 0.0 0.0 -0.0 0.0 0.0 0.0 26658.0 0.0 0.0
0 4 12 5 7 6 11
0 0 0 0 174.6 409.9 878.6 42.3 0 0 0 20420.4 2779.1
0 2 8 1 9 3
0 3624.6 5366.1 3227.6 0 0 0 0 742.6 2322.3 0 0 0
**********2022-05-30 16:12:33**********
38139.393 38144.338 0.013 236.694 298.547 
0 10
0 0.0 0.0 0.0 0.0 0.0 -0.0 0.0 0.0 0.0 26658.0 0.0 0.0
0 4 12 5 7 6 11
0 0 0 0 174.6 409.9 878.6 42.3 0 0 0 20420.4 2779.1
0 2 8 1 9 3
0 3624.6 5366.1 3227.6 0 0 0 0 742.6 2322.3 0 0 0
**********2022-05-30 16:12:34**********
38139.393 38144.338 0.013 236.694 299.821 
0 10
0 0.0 0.0 0.0 0.0 0.0 -0.0 0.0 0.0 0.0 26658.0 0.0 0.0
0 4 12 5 7 6 11
0 0 0 0 174.6 409.9 878.6 42.3 0 0 0 20420.4 2779.1
0 2 8 1 9 3
0 3624.6 5366.1 3227.6 0 0 0 0 742.6 2322.3 0 0 0
**********2022-05-30 16:12:36**********
38139.393 38144.338 0.013 236.694 301.326 
0 10
0 0.0 0.0 0.0 0.0 0.0 -0.0 0.0 0.0 0.0 26658.0 0.0 0.0
0 4 12 5 7 6 11
0 0 0 0 174.6 409.9 878.6 42.3 0 0 0 20420.4 2779.1
0 2 8 1 9 3
0 3624.6 5366.1 3227.6 0 0 0 0 742.6 2322.3 0 0 0
**********2022-05-30 16:12:37**********
38139.393 38144.338 0.013 236.694 302.712 
0 10
0 0.0 0.0 0.0 0.0 0.0 -0.0 0.0 0.0 0.0 26658.0 0.0 0.0
0 4 12 5 7 6 11
0 0 0 0 174.6 409.9 878.6 42.3 0 0 0 20420.4 2779.1
0 2 8 1 9 3
0 3624.6 5366.1 3227.6 0 0 0 0 742.6 2322.3 0 0 0
**********2022-05-30 16:12:41**********
38139.393 38144.338 0.013 236.694 306.848 
0 10
0 0.0 0.0 0.0 0.0 0.0 -0.0 0.0 0.0 0.0 26658.0 0.0 0.0
0 4 12 5 7 6 11
0 0 0 0 174.6 409.9 878.6 42.3 0 0 0 20420.4 2779.1
0 2 8 1 9 3
0 3624.6 5366.1 3227.6 0 0 0 0 742.6 2322.3 0 0 0
**********2022-05-30 16:12:42**********
38139.393 38144.338 0.013 236.694 308.116 
0 10
0 0.0 0.0 0.0 0.0 0.0 -0.0 0.0 0.0 0.0 26658.0 0.0 0.0
0 4 12 5 7 6 11
0 0 0 0 174.6 409.9 878.6 42.3 0 0 0 20420.4 2779.1
0 2 8 1 9 3
0 3624.6 5366.1 3227.6 0 0 0 0 742.6 2322.3 0 0 0
**********2022-05-30 16:12:44**********
38139.393 38144.338 0.013 236.694 309.802 
0 10
0 0.0 0.0 0.0 0.0 0.0 -0.0 0.0 0.0 0.0 26658.0 0.0 0.0
0 4 12 5 7 6 11
0 0 0 0 174.6 409.9 878.6 42.3 0 0 0 20420.4 2779.1
0 2 8 1 9 3
0 3624.6 5366.1 3227.6 0 0 0 0 742.6 2322.3 0 0 0
**********2022-05-30 16:12:45**********
38139.393 38144.338 0.013 236.694 311.25 
0 10
0 0.0 0.0 0.0 0.0 0.0 -0.0 0.0 0.0 0.0 26658.0 0.0 0.0
0 4 12 5 7 6 11
0 0 0 0 174.6 409.9 878.6 42.3 0 0 0 20420.4 2779.1
0 2 8 1 9 3
0 3624.6 5366.1 3227.6 0 0 0 0 742.6 2322.3 0 0 0
**********2022-05-30 16:12:47**********
38139.393 38144.338 0.013 236.694 312.684 
0 10
0 0.0 0.0 0.0 0.0 0.0 -0.0 0.0 0.0 0.0 26658.0 0.0 0.0
0 4 12 5 7 6 11
0 0 0 0 174.6 409.9 878.6 42.3 0 0 0 20420.4 2779.1
0 2 8 1 9 3
0 3624.6 5366.1 3227.6 0 0 0 0 742.6 2322.3 0 0 0
**********2022-05-30 16:12:48**********
38139.393 38144.338 0.013 236.694 314.203 
0 10
0 0.0 0.0 0.0 0.0 0.0 -0.0 0.0 0.0 0.0 26658.0 0.0 0.0
0 4 12 5 7 6 11
0 0 0 0 174.6 409.9 878.6 42.3 0 0 0 20420.4 2779.1
0 2 8 1 9 3
0 3624.6 5366.1 3227.6 0 0 0 0 742.6 2322.3 0 0 0
**********2022-05-30 16:12:50**********
38139.393 38144.338 0.013 236.694 315.692 
0 10
0 0.0 0.0 0.0 0.0 0.0 -0.0 0.0 0.0 0.0 26658.0 0.0 0.0
0 4 12 5 7 6 11
0 0 0 0 174.6 409.9 878.6 42.3 0 0 0 20420.4 2779.1
0 2 8 1 9 3
0 3624.6 5366.1 3227.6 0 0 0 0 742.6 2322.3 0 0 0
**********2022-05-30 16:12:52**********
38139.393 38144.338 0.013 236.694 317.854 
0 10
0 0.0 0.0 0.0 0.0 0.0 -0.0 0.0 0.0 0.0 26658.0 0.0 0.0
0 4 12 5 7 6 11
0 0 0 0 174.6 409.9 878.6 42.3 0 0 0 20420.4 2779.1
0 2 8 1 9 3
0 3624.6 5366.1 3227.6 0 0 0 0 742.6 2322.3 0 0 0
**********2022-05-30 16:12:54**********
38139.393 38144.338 0.013 236.694 319.328 
0 10
0 0.0 0.0 0.0 0.0 0.0 -0.0 0.0 0.0 0.0 26658.0 0.0 0.0
0 4 12 5 7 6 11
0 0 0 0 174.6 409.9 878.6 42.3 0 0 0 20420.4 2779.1
0 2 8 1 9 3
0 3624.6 5366.1 3227.6 0 0 0 0 742.6 2322.3 0 0 0
**********2022-05-30 16:51:57**********
38139.393 38170.492 0.081 28.299 28.299 
0 10
0 0 0 0 0 0 0 0 0 0 26658.0 0 0
0 3 12 9 5 2 8 4
0 0 5366.1 3227.6 174.6 409.9 0 0 742.6 2322.3 0 0 2779.1
0 1 7 11 6
0 3624.6 0 0 0 0 878.6 42.3 0 0 0 20420.4 0
**********2022-05-30 16:52:11**********
38139.393 38164.412 0.066 42.055 42.055 
0 10
0 0 0 0 0 0 0 0 0 0 26658.0 0 0
0 3 9 4 11
0 0 0 3227.6 174.6 0 0 0 0 2322.3 0 20420.4 0
0 12 6 2 8 7 1 5
0 3624.6 5366.1 0 0 409.9 878.6 42.3 742.6 0 0 0 2779.1
**********2022-05-30 16:52:19**********
38139.393 38163.722 0.064 50.473 50.473 
0 10
0 -0.0 -0.0 -0.0 0.0 -0.0 -0.0 0.0 0.0 -0.0 26658.0 -0.0 -0.0
0 6 12 4 1 2 8
0 3624.6 5366.1 0 174.6 0 878.6 0 742.6 0 0 0 2779.1
0 3 9 5 7 11
0 0 0 3227.6 0 409.9 0 42.3 0 2322.3 0 20420.4 0
**********2022-05-30 16:52:27**********
38139.393 38155.754 0.043 58.776 58.776 
0 10
0 0 0 0 0 0 0 0 0 0 26658.0 0 0
0 4 5 7 3 9 11
0 0 0 3227.6 174.6 409.9 0 42.3 0 2322.3 0 20420.4 0
0 6 12 1 8 2
0 3624.6 5366.1 0 0 0 878.6 0 742.6 0 0 0 2779.1
**********2022-05-30 16:52:37**********
38139.393 38155.754 0.043 58.776 68.63 
0 10
0 0 0 0 0 0 0 0 0 0 26658.0 0 0
0 4 5 7 3 9 11
0 0 0 3227.6 174.6 409.9 0 42.3 0 2322.3 0 20420.4 0
0 6 12 1 8 2
0 3624.6 5366.1 0 0 0 878.6 0 742.6 0 0 0 2779.1
**********2022-05-30 16:52:46**********
38139.393 38155.754 0.043 58.776 77.81 
0 10
0 0 0 0 0 0 0 0 0 0 26658.0 0 0
0 4 5 7 3 9 11
0 0 0 3227.6 174.6 409.9 0 42.3 0 2322.3 0 20420.4 0
0 6 12 1 8 2
0 3624.6 5366.1 0 0 0 878.6 0 742.6 0 0 0 2779.1
**********2022-05-30 16:52:54**********
38139.393 38155.754 0.043 58.776 85.26 
0 10
0 0 0 0 0 0 0 0 0 0 26658.0 0 0
0 4 5 7 3 9 11
0 0 0 3227.6 174.6 409.9 0 42.3 0 2322.3 0 20420.4 0
0 6 12 1 8 2
0 3624.6 5366.1 0 0 0 878.6 0 742.6 0 0 0 2779.1
**********2022-05-30 16:53:02**********
38139.393 38155.754 0.043 58.776 93.828 
0 10
0 0 0 0 0 0 0 0 0 0 26658.0 0 0
0 4 5 7 3 9 11
0 0 0 3227.6 174.6 409.9 0 42.3 0 2322.3 0 20420.4 0
0 6 12 1 8 2
0 3624.6 5366.1 0 0 0 878.6 0 742.6 0 0 0 2779.1
**********2022-05-30 16:53:15**********
38139.393 38155.754 0.043 58.776 106.764 
0 10
0 0 0 0 0 0 0 0 0 0 26658.0 0 0
0 4 5 7 3 9 11
0 0 0 3227.6 174.6 409.9 0 42.3 0 2322.3 0 20420.4 0
0 6 12 1 8 2
0 3624.6 5366.1 0 0 0 878.6 0 742.6 0 0 0 2779.1
**********2022-05-30 16:53:25**********
38139.393 38155.754 0.043 58.776 116.328 
0 10
0 0 0 0 0 0 0 0 0 0 26658.0 0 0
0 4 5 7 3 9 11
0 0 0 3227.6 174.6 409.9 0 42.3 0 2322.3 0 20420.4 0
0 6 12 1 8 2
0 3624.6 5366.1 0 0 0 878.6 0 742.6 0 0 0 2779.1
**********2022-05-30 16:53:34**********
38139.393 38153.24 0.036 125.328 125.328 
0 10
0 0 0 0 0 0 0 0 0 0 26658.0 0 0
0 2 8 3 9 1 5
0 3624.6 5366.1 3227.6 0 409.9 0 0 742.6 2322.3 0 0 0
0 7 12 4 6 11
0 0 0 0 174.6 0 878.6 42.3 0 0 0 20420.4 2779.1
**********2022-05-30 16:53:42**********
38139.393 38153.24 0.036 125.328 133.556 
0 10
0 0 0 0 0 0 0 0 0 0 26658.0 0 0
0 2 8 3 9 1 5
0 3624.6 5366.1 3227.6 0 409.9 0 0 742.6 2322.3 0 0 0
0 7 12 4 6 11
0 0 0 0 174.6 0 878.6 42.3 0 0 0 20420.4 2779.1
**********2022-05-30 16:53:50**********
38139.393 38150.84 0.03 141.56 141.56 
0 10
0 -0.0 -0.0 -0.0 0.0 -0.0 -0.0 0.0 0.0 -0.0 26658.0 -0.0 -0.0
0 5 7 6 11
0 0 0 0 0 409.9 878.6 42.3 0 0 0 20420.4 0
0 8 4 2 12 3 9 1
0 3624.6 5366.1 3227.6 174.6 0 0 0 742.6 2322.3 0 0 2779.1
**********2022-05-30 16:53:56**********
38139.393 38150.84 0.03 141.56 147.387 
0 10
0 -0.0 -0.0 -0.0 0.0 -0.0 -0.0 0.0 0.0 -0.0 26658.0 -0.0 -0.0
0 5 7 6 11
0 0 0 0 0 409.9 878.6 42.3 0 0 0 20420.4 0
0 8 4 2 12 3 9 1
0 3624.6 5366.1 3227.6 174.6 0 0 0 742.6 2322.3 0 0 2779.1
**********2022-05-30 16:54:02**********
38139.393 38149.65 0.027 153.215 153.215 
0 10
0 0 0 0 0 0 0 0 0 0 26658.0 0 0
0 5 7 6 11
0 0 0 0 0 409.9 878.6 42.3 0 0 0 20420.4 0
0 2 4 12 8 3 9 1
0 3624.6 5366.1 3227.6 174.6 0 0 0 742.6 2322.3 0 0 2779.1
**********2022-05-30 16:54:07**********
38139.393 38149.65 0.027 153.215 158.646 
0 10
0 0 0 0 0 0 0 0 0 0 26658.0 0 0
0 5 7 6 11
0 0 0 0 0 409.9 878.6 42.3 0 0 0 20420.4 0
0 2 4 12 8 3 9 1
0 3624.6 5366.1 3227.6 174.6 0 0 0 742.6 2322.3 0 0 2779.1
**********2022-05-30 16:54:12**********
38139.393 38148.32 0.023 163.456 163.457 
0 10
0 0 0 0 0 0 0 0 0 0 26658.0 0 0
0 3 9 1 8 2
0 3624.6 5366.1 3227.6 0 0 0 0 742.6 2322.3 0 0 0
0 6 11 5 7 4 12
0 0 0 0 174.6 409.9 878.6 42.3 0 0 0 20420.4 2779.1
**********2022-05-30 16:54:16**********
38139.393 38148.32 0.023 163.456 167.832 
0 10
0 0 0 0 0 0 0 0 0 0 26658.0 0 0
0 3 9 1 8 2
0 3624.6 5366.1 3227.6 0 0 0 0 742.6 2322.3 0 0 0
0 6 11 5 7 4 12
0 0 0 0 174.6 409.9 878.6 42.3 0 0 0 20420.4 2779.1
**********2022-05-30 16:54:21**********
38139.393 38148.32 0.023 172.169 172.169 
0 10
0 0.0 -0.0 0.0 0.0 0.0 -0.0 0.0 0.0 0.0 26658.0 0.0 0.0
0 3 9 1 8 2
0 3624.6 5366.1 3227.6 0 0 0 0 742.6 2322.3 0 0 0
0 6 11 5 7 4 12
0 0 0 0 174.6 409.9 878.6 42.3 0 0 0 20420.4 2779.1
**********2022-05-30 16:54:24**********
38139.393 38148.32 0.023 172.169 175.749 
0 10
0 0.0 -0.0 0.0 0.0 0.0 -0.0 0.0 0.0 0.0 26658.0 0.0 0.0
0 3 9 1 8 2
0 3624.6 5366.1 3227.6 0 0 0 0 742.6 2322.3 0 0 0
0 6 11 5 7 4 12
0 0 0 0 174.6 409.9 878.6 42.3 0 0 0 20420.4 2779.1
**********2022-05-30 16:54:29**********
38139.393 38148.046 0.023 180.137 180.137 
0 10
0 0.0 0.0 0.0 0.0 0.0 0.0 0.0 -0.0 0.0 26658.0 0.0 0.0
0 5 7 6 11
0 0 0 0 0 409.9 878.6 42.3 0 0 0 20420.4 0
0 3 9 1 8 2 4 12
0 3624.6 5366.1 3227.6 174.6 0 0 0 742.6 2322.3 0 0 2779.1
**********2022-05-30 16:54:33**********
38139.393 38148.046 0.023 180.137 184.001 
0 10
0 0.0 0.0 0.0 0.0 0.0 0.0 0.0 -0.0 0.0 26658.0 0.0 0.0
0 5 7 6 11
0 0 0 0 0 409.9 878.6 42.3 0 0 0 20420.4 0
0 3 9 1 8 2 4 12
0 3624.6 5366.1 3227.6 174.6 0 0 0 742.6 2322.3 0 0 2779.1
**********2022-05-30 16:54:36**********
38139.393 38148.046 0.023 180.137 187.563 
0 10
0 0.0 0.0 0.0 0.0 0.0 0.0 0.0 -0.0 0.0 26658.0 0.0 0.0
0 5 7 6 11
0 0 0 0 0 409.9 878.6 42.3 0 0 0 20420.4 0
0 3 9 1 8 2 4 12
0 3624.6 5366.1 3227.6 174.6 0 0 0 742.6 2322.3 0 0 2779.1
**********2022-05-30 16:54:39**********
38139.393 38143.464 0.011 190.564 190.565 
0 4 12 5 7 6 11
0 0 0 0 174.6 409.9 878.6 42.3 0 0 0 20420.4 2779.1
0 10
0 0 0 0 0 0 0 0 0 0 26658.0 0 0
0 2 8 3 9 1
0 3624.6 5366.1 3227.6 0 0 0 0 742.6 2322.3 0 0 0
**********2022-05-30 16:54:42**********
38139.393 38143.464 0.011 190.564 193.759 
0 4 12 5 7 6 11
0 0 0 0 174.6 409.9 878.6 42.3 0 0 0 20420.4 2779.1
0 10
0 0 0 0 0 0 0 0 0 0 26658.0 0 0
0 2 8 3 9 1
0 3624.6 5366.1 3227.6 0 0 0 0 742.6 2322.3 0 0 0
**********2022-05-30 16:54:46**********
38139.393 38143.464 0.011 190.564 197.13 
0 4 12 5 7 6 11
0 0 0 0 174.6 409.9 878.6 42.3 0 0 0 20420.4 2779.1
0 10
0 0 0 0 0 0 0 0 0 0 26658.0 0 0
0 2 8 3 9 1
0 3624.6 5366.1 3227.6 0 0 0 0 742.6 2322.3 0 0 0
**********2022-05-30 16:54:49**********
38139.393 38143.464 0.011 190.564 200.439 
0 4 12 5 7 6 11
0 0 0 0 174.6 409.9 878.6 42.3 0 0 0 20420.4 2779.1
0 10
0 0 0 0 0 0 0 0 0 0 26658.0 0 0
0 2 8 3 9 1
0 3624.6 5366.1 3227.6 0 0 0 0 742.6 2322.3 0 0 0
**********2022-05-30 16:54:52**********
38139.393 38143.464 0.011 190.564 203.618 
0 4 12 5 7 6 11
0 0 0 0 174.6 409.9 878.6 42.3 0 0 0 20420.4 2779.1
0 10
0 0 0 0 0 0 0 0 0 0 26658.0 0 0
0 2 8 3 9 1
0 3624.6 5366.1 3227.6 0 0 0 0 742.6 2322.3 0 0 0
**********2022-05-30 16:54:56**********
38139.393 38143.464 0.011 190.564 206.958 
0 4 12 5 7 6 11
0 0 0 0 174.6 409.9 878.6 42.3 0 0 0 20420.4 2779.1
0 10
0 0 0 0 0 0 0 0 0 0 26658.0 0 0
0 2 8 3 9 1
0 3624.6 5366.1 3227.6 0 0 0 0 742.6 2322.3 0 0 0
**********2022-05-30 16:54:59**********
38139.393 38143.464 0.011 190.564 210.264 
0 4 12 5 7 6 11
0 0 0 0 174.6 409.9 878.6 42.3 0 0 0 20420.4 2779.1
0 10
0 0 0 0 0 0 0 0 0 0 26658.0 0 0
0 2 8 3 9 1
0 3624.6 5366.1 3227.6 0 0 0 0 742.6 2322.3 0 0 0
**********2022-05-30 16:55:02**********
38139.393 38143.464 0.011 190.564 213.342 
0 4 12 5 7 6 11
0 0 0 0 174.6 409.9 878.6 42.3 0 0 0 20420.4 2779.1
0 10
0 0 0 0 0 0 0 0 0 0 26658.0 0 0
0 2 8 3 9 1
0 3624.6 5366.1 3227.6 0 0 0 0 742.6 2322.3 0 0 0
**********2022-05-30 16:55:05**********
38139.393 38143.464 0.011 190.564 216.544 
0 4 12 5 7 6 11
0 0 0 0 174.6 409.9 878.6 42.3 0 0 0 20420.4 2779.1
0 10
0 0 0 0 0 0 0 0 0 0 26658.0 0 0
0 2 8 3 9 1
0 3624.6 5366.1 3227.6 0 0 0 0 742.6 2322.3 0 0 0
**********2022-05-30 16:55:09**********
38139.393 38143.464 0.011 190.564 219.869 
0 4 12 5 7 6 11
0 0 0 0 174.6 409.9 878.6 42.3 0 0 0 20420.4 2779.1
0 10
0 0 0 0 0 0 0 0 0 0 26658.0 0 0
0 2 8 3 9 1
0 3624.6 5366.1 3227.6 0 0 0 0 742.6 2322.3 0 0 0
**********2022-05-30 16:55:12**********
38139.393 38143.464 0.011 190.564 223.086 
0 4 12 5 7 6 11
0 0 0 0 174.6 409.9 878.6 42.3 0 0 0 20420.4 2779.1
0 10
0 0 0 0 0 0 0 0 0 0 26658.0 0 0
0 2 8 3 9 1
0 3624.6 5366.1 3227.6 0 0 0 0 742.6 2322.3 0 0 0
**********2022-05-30 16:55:15**********
38139.393 38139.85 0.001 226.47 226.471 
0 10
0 0.0 0.0 0.0 0.0 0.0 0.0 0.0 0.0 0.0 26658.0 0.0 0.0
0 3 9 1 8 2
0 3624.6 5366.1 3227.6 0 0 0 0 742.6 2322.3 0 0 0
0 4 12 5 7 6 11
0 0 0 0 174.6 409.9 878.6 42.3 0 0 0 20420.4 2779.1
**********2022-05-30 17:54:40**********
22159.966 22161.002 0.005 16.924 16.924 
0 4 12 6 11
0 0.0 0.0 0.0 4709.4 0.0 4010.7 0.0 0.0 0.0 0.0 8143.9 3293.8
0 3 10
0 0.0 0.0 4248.0 0.0 0.0 0.0 0.0 0.0 0.0 7620.2 0.0 0.0
0 5 7 8 1 9 2
0 1986.8 0.7 0.0 0.0 10251.8 0.0 5155.3 137.2 2051.2 0.0 0.0 0.0
**********2022-05-30 18:16:57**********
33520.667 33551.011 0.09 19.709 19.709 
0 10
0 0 0 0 0 0 0 0 0 0 28792.0 0 0
0 4 9 3 1 2 12 6
0 3494.7 683.4 4435.3 267.6 0 2392.4 0 0 2491.6 0 0 2972.3
0 8 5 11 7
0 0 0 0 0 527.7 0 1480.9 378.6 0 0 24064.4 0
**********2022-05-30 18:17:11**********
33520.667 33547.281 0.079 33.492 33.492 
0 10
0 0 0 0 0 0 0 0 0 0 28792.0 0 0
0 2 12 6 7 9 1 3
0 3494.7 683.4 4435.3 0 0 2392.4 1480.9 0 2491.6 0 0 2972.3
0 8 5 4 11
0 0 0 0 267.6 527.7 0 0 378.6 0 0 24064.4 0
**********2022-05-30 18:17:22**********
33520.667 33544.281 0.07 44.817 44.817 
0 10
0 0 0 0 0 0 0 0 0 0 28792.0 0 0
0 3 9 12 1 6 7
0 3494.7 0 4435.3 0 0 2392.4 1480.9 0 2491.6 0 0 2972.3
0 8 5 4 11 2
0 0 683.4 0 267.6 527.7 0 0 378.6 0 0 24064.4 0
**********2022-05-30 18:17:33**********
33520.667 33544.197 0.07 55.434 55.434 
0 10
0 0 0 0 0 0 0 0 0 0 28792.0 0 0
0 5 9 1 12 6 3
0 3494.7 0 4435.3 0 527.7 2392.4 0 0 2491.6 0 0 2972.3
0 4 7 2 8 11
0 0 683.4 0 267.6 0 0 1480.9 378.6 0 0 24064.4 0
**********2022-05-30 18:17:52**********
33520.667 33544.197 0.07 55.434 74.824 
0 10
0 0 0 0 0 0 0 0 0 0 28792.0 0 0
0 5 9 1 12 6 3
0 3494.7 0 4435.3 0 527.7 2392.4 0 0 2491.6 0 0 2972.3
0 4 7 2 8 11
0 0 683.4 0 267.6 0 0 1480.9 378.6 0 0 24064.4 0
**********2022-05-30 18:18:04**********
33520.667 33542.111 0.064 86.332 86.332 
0 10
0 0.0 0.0 0.0 0.0 0.0 0.0 0.0 -0.0 0.0 28792.0 0.0 0.0
0 3 9 12 1 6 7
0 3494.7 0 4435.3 0 0 2392.4 1480.9 0 2491.6 0 0 2972.3
0 5 8 2 11 4
0 0 683.4 0 267.6 527.7 0 0 378.6 0 0 24064.4 0
**********2022-05-30 18:18:15**********
33520.667 33542.111 0.064 86.332 97.451 
0 10
0 0.0 0.0 0.0 0.0 0.0 0.0 0.0 -0.0 0.0 28792.0 0.0 0.0
0 3 9 12 1 6 7
0 3494.7 0 4435.3 0 0 2392.4 1480.9 0 2491.6 0 0 2972.3
0 5 8 2 11 4
0 0 683.4 0 267.6 527.7 0 0 378.6 0 0 24064.4 0
**********2022-05-30 18:18:26**********
33520.667 33542.111 0.064 86.332 108.993 
0 10
0 0.0 0.0 0.0 0.0 0.0 0.0 0.0 -0.0 0.0 28792.0 0.0 0.0
0 3 9 12 1 6 7
0 3494.7 0 4435.3 0 0 2392.4 1480.9 0 2491.6 0 0 2972.3
0 5 8 2 11 4
0 0 683.4 0 267.6 527.7 0 0 378.6 0 0 24064.4 0
**********2022-05-30 18:18:40**********
33520.667 33542.111 0.064 86.332 122.659 
0 10
0 0.0 0.0 0.0 0.0 0.0 0.0 0.0 -0.0 0.0 28792.0 0.0 0.0
0 3 9 12 1 6 7
0 3494.7 0 4435.3 0 0 2392.4 1480.9 0 2491.6 0 0 2972.3
0 5 8 2 11 4
0 0 683.4 0 267.6 527.7 0 0 378.6 0 0 24064.4 0
**********2022-05-30 18:18:49**********
33520.667 33542.111 0.064 86.332 131.529 
0 10
0 0.0 0.0 0.0 0.0 0.0 0.0 0.0 -0.0 0.0 28792.0 0.0 0.0
0 3 9 12 1 6 7
0 3494.7 0 4435.3 0 0 2392.4 1480.9 0 2491.6 0 0 2972.3
0 5 8 2 11 4
0 0 683.4 0 267.6 527.7 0 0 378.6 0 0 24064.4 0
**********2022-05-30 18:18:59**********
33520.667 33542.111 0.064 86.332 142.167 
0 10
0 0.0 0.0 0.0 0.0 0.0 0.0 0.0 -0.0 0.0 28792.0 0.0 0.0
0 3 9 12 1 6 7
0 3494.7 0 4435.3 0 0 2392.4 1480.9 0 2491.6 0 0 2972.3
0 5 8 2 11 4
0 0 683.4 0 267.6 527.7 0 0 378.6 0 0 24064.4 0
**********2022-05-30 18:19:21**********
33520.667 33542.111 0.064 86.332 163.83 
0 10
0 0.0 0.0 0.0 0.0 0.0 0.0 0.0 -0.0 0.0 28792.0 0.0 0.0
0 3 9 12 1 6 7
0 3494.7 0 4435.3 0 0 2392.4 1480.9 0 2491.6 0 0 2972.3
0 5 8 2 11 4
0 0 683.4 0 267.6 527.7 0 0 378.6 0 0 24064.4 0
**********2022-05-30 18:19:30**********
33520.667 33539.281 0.055 172.968 172.968 
0 10
0 0.0 0.0 0.0 -0.0 0.0 0.0 0.0 0.0 0.0 28792.0 0.0 0.0
0 7 6 12 1 9 3
0 3494.7 0 4435.3 0 0 2392.4 1480.9 0 2491.6 0 0 2972.3
0 8 2 11 4 5
0 0 683.4 0 267.6 527.7 0 0 378.6 0 0 24064.4 0
**********2022-05-30 18:19:37**********
33520.667 33539.281 0.055 172.968 179.491 
0 10
0 0.0 0.0 0.0 -0.0 0.0 0.0 0.0 0.0 0.0 28792.0 0.0 0.0
0 7 6 12 1 9 3
0 3494.7 0 4435.3 0 0 2392.4 1480.9 0 2491.6 0 0 2972.3
0 8 2 11 4 5
0 0 683.4 0 267.6 527.7 0 0 378.6 0 0 24064.4 0
**********2022-05-30 18:19:44**********
33520.667 33531.335 0.032 186.8 186.8 
0 10
0 0 0 0 0 0 0 0 0 0 28792.0 0 0
0 5 4 12 2 11
0 0 683.4 0 267.6 527.7 0 0 0 0 0 24064.4 2972.3
0 1 9 3 6 7 8
0 3494.7 0 4435.3 0 0 2392.4 1480.9 378.6 2491.6 0 0 0
**********2022-05-30 18:19:51**********
33520.667 33531.335 0.032 193.616 193.616 
0 10
0 0.0 0.0 0.0 0.0 0.0 0.0 0.0 0.0 0.0 28792.0 0.0 0.0
0 5 4 12 2 11
0 0 683.4 0 267.6 527.7 0 0 0 0 0 24064.4 2972.3
0 1 9 3 6 7 8
0 3494.7 0 4435.3 0 0 2392.4 1480.9 378.6 2491.6 0 0 0
**********2022-05-30 18:19:58**********
33520.667 33531.335 0.032 200.531 200.531 
0 10
0 0 0 0 0 0 0 0 0 0 28792.0 0 0
0 5 4 12 2 11
0 0 683.4 0 267.6 527.7 0 0 0 0 0 24064.4 2972.3
0 1 9 3 6 7 8
0 3494.7 0 4435.3 0 0 2392.4 1480.9 378.6 2491.6 0 0 0
**********2022-05-30 18:20:06**********
33520.667 33531.335 0.032 200.531 208.985 
0 10
0 0 0 0 0 0 0 0 0 0 28792.0 0 0
0 5 4 12 2 11
0 0 683.4 0 267.6 527.7 0 0 0 0 0 24064.4 2972.3
0 1 9 3 6 7 8
0 3494.7 0 4435.3 0 0 2392.4 1480.9 378.6 2491.6 0 0 0
**********2022-05-30 18:20:14**********
33520.667 33531.335 0.032 200.531 217.035 
0 10
0 0 0 0 0 0 0 0 0 0 28792.0 0 0
0 5 4 12 2 11
0 0 683.4 0 267.6 527.7 0 0 0 0 0 24064.4 2972.3
0 1 9 3 6 7 8
0 3494.7 0 4435.3 0 0 2392.4 1480.9 378.6 2491.6 0 0 0
**********2022-05-30 18:20:22**********
33520.667 33531.335 0.032 224.688 224.688 
0 10
0 0 0 0 0 0 0 0 0 0 28792.0 0 0
0 5 4 12 2 11
0 0 683.4 0 267.6 527.7 0 0 0 0 0 24064.4 2972.3
0 1 9 3 6 7 8
0 3494.7 0 4435.3 0 0 2392.4 1480.9 378.6 2491.6 0 0 0
**********2022-05-30 18:20:28**********
33520.667 33531.335 0.032 231.025 231.025 
0 10
0 0 0 0 0 0 0 0 0 0 28792.0 0 0
0 5 4 12 2 11
0 0 683.4 0 267.6 527.7 0 0 0 0 0 24064.4 2972.3
0 1 9 3 6 7 8
0 3494.7 0 4435.3 0 0 2392.4 1480.9 378.6 2491.6 0 0 0
**********2022-05-30 18:20:36**********
33520.667 33531.335 0.032 238.836 238.836 
0 10
0 0 0 0 0 0 0 0 0 0 28792.0 0 0
0 5 4 12 2 11
0 0 683.4 0 267.6 527.7 0 0 0 0 0 24064.4 2972.3
0 1 9 3 6 7 8
0 3494.7 0 4435.3 0 0 2392.4 1480.9 378.6 2491.6 0 0 0
**********2022-05-30 18:20:43**********
33520.667 33531.335 0.032 238.836 245.712 
0 10
0 0 0 0 0 0 0 0 0 0 28792.0 0 0
0 5 4 12 2 11
0 0 683.4 0 267.6 527.7 0 0 0 0 0 24064.4 2972.3
0 1 9 3 6 7 8
0 3494.7 0 4435.3 0 0 2392.4 1480.9 378.6 2491.6 0 0 0
**********2022-05-30 18:20:51**********
33520.667 33531.335 0.032 238.836 253.24 
0 10
0 0 0 0 0 0 0 0 0 0 28792.0 0 0
0 5 4 12 2 11
0 0 683.4 0 267.6 527.7 0 0 0 0 0 24064.4 2972.3
0 1 9 3 6 7 8
0 3494.7 0 4435.3 0 0 2392.4 1480.9 378.6 2491.6 0 0 0
**********2022-05-30 18:20:58**********
33520.667 33531.335 0.032 238.836 260.892 
0 10
0 0 0 0 0 0 0 0 0 0 28792.0 0 0
0 5 4 12 2 11
0 0 683.4 0 267.6 527.7 0 0 0 0 0 24064.4 2972.3
0 1 9 3 6 7 8
0 3494.7 0 4435.3 0 0 2392.4 1480.9 378.6 2491.6 0 0 0
**********2022-05-30 18:21:04**********
33520.667 33531.335 0.032 238.836 267.033 
0 10
0 0 0 0 0 0 0 0 0 0 28792.0 0 0
0 5 4 12 2 11
0 0 683.4 0 267.6 527.7 0 0 0 0 0 24064.4 2972.3
0 1 9 3 6 7 8
0 3494.7 0 4435.3 0 0 2392.4 1480.9 378.6 2491.6 0 0 0
**********2022-05-30 18:21:09**********
33520.667 33531.335 0.032 238.836 271.929 
0 10
0 0 0 0 0 0 0 0 0 0 28792.0 0 0
0 5 4 12 2 11
0 0 683.4 0 267.6 527.7 0 0 0 0 0 24064.4 2972.3
0 1 9 3 6 7 8
0 3494.7 0 4435.3 0 0 2392.4 1480.9 378.6 2491.6 0 0 0
