**********2022-05-23 22:35:30**********
97662.747 97774.894 0.115 16.732 16.732 
0 6 11 12
0 0 0 0 0 0 3891.2 0 0 0 0 8942.9 2531.9
0 2 10
0 0 0.0 0 0 0 0 0 0 0 15366.0 0 0
0 4 8 7 1 3 9 5
0 195.5 0 4447.5 486.2 2486.8 0 1951.6 342.6 5455.8 0 0 0
**********2022-05-23 22:35:38**********
97662.747 97770.745 0.11 25.312 25.312 
0 2 10
0 0 0.0 0 0 0 0 0 0 0 15366.0 0 0
0 1 8 9 3 7 5 4
0 195.5 0 4447.5 486.2 2486.8 0 1951.6 342.6 5455.8 0 0 0
0 11 6 12
0 0 0 0 0 0 3891.2 0 0 0 0 8942.9 2531.9
**********2022-05-23 22:35:45**********
97663.708 97737.287 0.075 31.707 31.707 
0 2 10
0 0 0.0 0 0 0 0 0 0 0 15366.0 0 0
0 5 12 6 3 7
0 0 0 4474.2 0 2501.7 3893.4 1963.3 0 0 0 0 2533.3
0 4 9 11 1 8
0 195.4 0 0 485.9 0 0 0 342.4 5452.8 0 8889.5 0
**********2022-05-23 22:35:51**********
97663.708 97737.287 0.075 31.707 38.392 
0 2 10
0 0 0.0 0 0 0 0 0 0 0 15366.0 0 0
0 5 12 6 3 7
0 0 0 4474.2 0 2501.7 3893.4 1963.3 0 0 0 0 2533.3
0 4 9 11 1 8
0 195.4 0 0 485.9 0 0 0 342.4 5452.8 0 8889.5 0
**********2022-05-23 22:35:59**********
97663.708 97737.287 0.075 31.707 46.317 
0 2 10
0 0 0.0 0 0 0 0 0 0 0 15366.0 0 0
0 5 12 6 3 7
0 0 0 4474.2 0 2501.7 3893.4 1963.3 0 0 0 0 2533.3
0 4 9 11 1 8
0 195.4 0 0 485.9 0 0 0 342.4 5452.8 0 8889.5 0
**********2022-05-23 22:36:05**********
97663.825 97737.287 0.075 31.707 52.359 
0 2 10
0 0 0.0 0 0 0 0 0 0 0 15366.0 0 0
0 5 12 6 3 7
0 0 0 4474.2 0 2501.7 3893.4 1963.3 0 0 0 0 2533.3
0 4 9 11 1 8
0 195.4 0 0 485.9 0 0 0 342.4 5452.8 0 8889.5 0
**********2022-05-23 22:36:12**********
97663.825 97737.287 0.075 31.707 58.854 
0 2 10
0 0 0.0 0 0 0 0 0 0 0 15366.0 0 0
0 5 12 6 3 7
0 0 0 4474.2 0 2501.7 3893.4 1963.3 0 0 0 0 2533.3
0 4 9 11 1 8
0 195.4 0 0 485.9 0 0 0 342.4 5452.8 0 8889.5 0
**********2022-05-23 22:36:17**********
97664.208 97737.287 0.075 31.707 64.235 
0 2 10
0 0 0.0 0 0 0 0 0 0 0 15366.0 0 0
0 5 12 6 3 7
0 0 0 4474.2 0 2501.7 3893.4 1963.3 0 0 0 0 2533.3
0 4 9 11 1 8
0 195.4 0 0 485.9 0 0 0 342.4 5452.8 0 8889.5 0
**********2022-05-23 22:36:24**********
97664.208 97737.287 0.075 31.707 70.421 
0 2 10
0 0 0.0 0 0 0 0 0 0 0 15366.0 0 0
0 5 12 6 3 7
0 0 0 4474.2 0 2501.7 3893.4 1963.3 0 0 0 0 2533.3
0 4 9 11 1 8
0 195.4 0 0 485.9 0 0 0 342.4 5452.8 0 8889.5 0
**********2022-05-23 22:36:30**********
97664.208 97737.287 0.075 31.707 77.349 
0 2 10
0 0 0.0 0 0 0 0 0 0 0 15366.0 0 0
0 5 12 6 3 7
0 0 0 4474.2 0 2501.7 3893.4 1963.3 0 0 0 0 2533.3
0 4 9 11 1 8
0 195.4 0 0 485.9 0 0 0 342.4 5452.8 0 8889.5 0
**********2022-05-23 22:36:38**********
97664.839 97698.089 0.034 84.724 84.724 
0 2 10
0 0 0.0 0 0 0 0 0 0 0 15366.0 0 0
0 1 8 7 6 11
0 196.9 0 0 0 0 3898.5 1965.9 345.1 0 0 8959.6 0
0 3 9 4 12 5
0 0.0 0.0 4439.3 485.3 2482.2 0.0 0.0 0.0 5445.7 0.0 0.0 2513.5
**********2022-05-23 22:36:46**********
97665.159 97698.089 0.034 84.724 92.423 
0 2 10
0 0 0.0 0 0 0 0 0 0 0 15366.0 0 0
0 1 8 7 6 11
0 196.9 0 0 0 0 3898.5 1965.9 345.1 0 0 8959.6 0
0 3 9 4 12 5
0 0.0 0.0 4439.3 485.3 2482.2 0.0 0.0 0.0 5445.7 0.0 0.0 2513.5
**********2022-05-23 22:36:54**********
97665.159 97698.089 0.034 84.724 100.429 
0 2 10
0 0 0.0 0 0 0 0 0 0 0 15366.0 0 0
0 1 8 7 6 11
0 196.9 0 0 0 0 3898.5 1965.9 345.1 0 0 8959.6 0
0 3 9 4 12 5
0 0.0 0.0 4439.3 485.3 2482.2 0.0 0.0 0.0 5445.7 0.0 0.0 2513.5
**********2022-05-23 22:37:01**********
97665.278 97698.089 0.034 84.724 107.777 
0 2 10
0 0 0.0 0 0 0 0 0 0 0 15366.0 0 0
0 1 8 7 6 11
0 196.9 0 0 0 0 3898.5 1965.9 345.1 0 0 8959.6 0
0 3 9 4 12 5
0 0.0 0.0 4439.3 485.3 2482.2 0.0 0.0 0.0 5445.7 0.0 0.0 2513.5
**********2022-05-23 22:37:08**********
97665.299 97698.089 0.034 84.724 114.967 
0 2 10
0 0 0.0 0 0 0 0 0 0 0 15366.0 0 0
0 1 8 7 6 11
0 196.9 0 0 0 0 3898.5 1965.9 345.1 0 0 8959.6 0
0 3 9 4 12 5
0 0.0 0.0 4439.3 485.3 2482.2 0.0 0.0 0.0 5445.7 0.0 0.0 2513.5
**********2022-05-23 22:37:14**********
97665.299 97698.089 0.034 84.724 120.99 
0 2 10
0 0 0.0 0 0 0 0 0 0 0 15366.0 0 0
0 1 8 7 6 11
0 196.9 0 0 0 0 3898.5 1965.9 345.1 0 0 8959.6 0
0 3 9 4 12 5
0 0.0 0.0 4439.3 485.3 2482.2 0.0 0.0 0.0 5445.7 0.0 0.0 2513.5
**********2022-05-23 22:37:23**********
97665.299 97698.089 0.034 84.724 129.892 
0 2 10
0 0 0.0 0 0 0 0 0 0 0 15366.0 0 0
0 1 8 7 6 11
0 196.9 0 0 0 0 3898.5 1965.9 345.1 0 0 8959.6 0
0 3 9 4 12 5
0 0.0 0.0 4439.3 485.3 2482.2 0.0 0.0 0.0 5445.7 0.0 0.0 2513.5
**********2022-05-23 22:37:29**********
97665.32 97698.089 0.034 84.724 136.059 
0 2 10
0 0 0.0 0 0 0 0 0 0 0 15366.0 0 0
0 1 8 7 6 11
0 196.9 0 0 0 0 3898.5 1965.9 345.1 0 0 8959.6 0
0 3 9 4 12 5
0 0.0 0.0 4439.3 485.3 2482.2 0.0 0.0 0.0 5445.7 0.0 0.0 2513.5
**********2022-05-23 22:37:38**********
97666.021 97698.089 0.033 84.724 144.844 
0 2 10
0 0 0.0 0 0 0 0 0 0 0 15366.0 0 0
0 1 8 7 6 11
0 196.9 0 0 0 0 3898.5 1965.9 345.1 0 0 8959.6 0
0 3 9 4 12 5
0 0.0 0.0 4439.3 485.3 2482.2 0.0 0.0 0.0 5445.7 0.0 0.0 2513.5
**********2022-05-23 22:37:45**********
97666.021 97698.089 0.033 84.724 151.582 
0 2 10
0 0 0.0 0 0 0 0 0 0 0 15366.0 0 0
0 1 8 7 6 11
0 196.9 0 0 0 0 3898.5 1965.9 345.1 0 0 8959.6 0
0 3 9 4 12 5
0 0.0 0.0 4439.3 485.3 2482.2 0.0 0.0 0.0 5445.7 0.0 0.0 2513.5
**********2022-05-23 22:37:51**********
97666.103 97698.089 0.033 84.724 157.724 
0 2 10
0 0 0.0 0 0 0 0 0 0 0 15366.0 0 0
0 1 8 7 6 11
0 196.9 0 0 0 0 3898.5 1965.9 345.1 0 0 8959.6 0
0 3 9 4 12 5
0 0.0 0.0 4439.3 485.3 2482.2 0.0 0.0 0.0 5445.7 0.0 0.0 2513.5
**********2022-05-23 22:37:58**********
97666.27 97698.089 0.033 84.724 164.808 
0 2 10
0 0 0.0 0 0 0 0 0 0 0 15366.0 0 0
0 1 8 7 6 11
0 196.9 0 0 0 0 3898.5 1965.9 345.1 0 0 8959.6 0
0 3 9 4 12 5
0 0.0 0.0 4439.3 485.3 2482.2 0.0 0.0 0.0 5445.7 0.0 0.0 2513.5
**********2022-05-23 22:38:02**********
97666.558 97698.089 0.032 84.724 169.28 
0 2 10
0 0 0.0 0 0 0 0 0 0 0 15366.0 0 0
0 1 8 7 6 11
0 196.9 0 0 0 0 3898.5 1965.9 345.1 0 0 8959.6 0
0 3 9 4 12 5
0 0.0 0.0 4439.3 485.3 2482.2 0.0 0.0 0.0 5445.7 0.0 0.0 2513.5
**********2022-05-23 22:38:04**********
97666.553 97698.089 0.032 84.724 171.027 
0 2 10
0 0 0.0 0 0 0 0 0 0 0 15366.0 0 0
0 1 8 7 6 11
0 196.9 0 0 0 0 3898.5 1965.9 345.1 0 0 8959.6 0
0 3 9 4 12 5
0 0.0 0.0 4439.3 485.3 2482.2 0.0 0.0 0.0 5445.7 0.0 0.0 2513.5
**********2022-05-23 22:38:09**********
97666.649 97698.089 0.032 84.724 175.671 
0 2 10
0 0 0.0 0 0 0 0 0 0 0 15366.0 0 0
0 1 8 7 6 11
0 196.9 0 0 0 0 3898.5 1965.9 345.1 0 0 8959.6 0
0 3 9 4 12 5
0 0.0 0.0 4439.3 485.3 2482.2 0.0 0.0 0.0 5445.7 0.0 0.0 2513.5
**********2022-05-23 22:38:15**********
97666.795 97698.089 0.032 84.724 181.72 
0 2 10
0 0 0.0 0 0 0 0 0 0 0 15366.0 0 0
0 1 8 7 6 11
0 196.9 0 0 0 0 3898.5 1965.9 345.1 0 0 8959.6 0
0 3 9 4 12 5
0 0.0 0.0 4439.3 485.3 2482.2 0.0 0.0 0.0 5445.7 0.0 0.0 2513.5
**********2022-05-23 22:38:20**********
97666.865 97698.089 0.032 84.724 186.714 
0 2 10
0 0 0.0 0 0 0 0 0 0 0 15366.0 0 0
0 1 8 7 6 11
0 196.9 0 0 0 0 3898.5 1965.9 345.1 0 0 8959.6 0
0 3 9 4 12 5
0 0.0 0.0 4439.3 485.3 2482.2 0.0 0.0 0.0 5445.7 0.0 0.0 2513.5
**********2022-05-23 22:38:27**********
97666.882 97698.089 0.032 84.724 194.152 
0 2 10
0 0 0.0 0 0 0 0 0 0 0 15366.0 0 0
0 1 8 7 6 11
0 196.9 0 0 0 0 3898.5 1965.9 345.1 0 0 8959.6 0
0 3 9 4 12 5
0 0.0 0.0 4439.3 485.3 2482.2 0.0 0.0 0.0 5445.7 0.0 0.0 2513.5
**********2022-05-23 22:38:34**********
97666.882 97698.089 0.032 84.724 201.367 
0 2 10
0 0 0.0 0 0 0 0 0 0 0 15366.0 0 0
0 1 8 7 6 11
0 196.9 0 0 0 0 3898.5 1965.9 345.1 0 0 8959.6 0
0 3 9 4 12 5
0 0.0 0.0 4439.3 485.3 2482.2 0.0 0.0 0.0 5445.7 0.0 0.0 2513.5
**********2022-05-23 22:38:40**********
97667.056 97698.089 0.032 84.724 207.284 
0 2 10
0 0 0.0 0 0 0 0 0 0 0 15366.0 0 0
0 1 8 7 6 11
0 196.9 0 0 0 0 3898.5 1965.9 345.1 0 0 8959.6 0
0 3 9 4 12 5
0 0.0 0.0 4439.3 485.3 2482.2 0.0 0.0 0.0 5445.7 0.0 0.0 2513.5
**********2022-05-23 22:38:44**********
97667.547 97698.089 0.031 84.724 211.342 
0 2 10
0 0 0.0 0 0 0 0 0 0 0 15366.0 0 0
0 1 8 7 6 11
0 196.9 0 0 0 0 3898.5 1965.9 345.1 0 0 8959.6 0
0 3 9 4 12 5
0 0.0 0.0 4439.3 485.3 2482.2 0.0 0.0 0.0 5445.7 0.0 0.0 2513.5
**********2022-05-23 22:38:50**********
97667.815 97698.089 0.031 84.724 216.956 
0 2 10
0 0 0.0 0 0 0 0 0 0 0 15366.0 0 0
0 1 8 7 6 11
0 196.9 0 0 0 0 3898.5 1965.9 345.1 0 0 8959.6 0
0 3 9 4 12 5
0 0.0 0.0 4439.3 485.3 2482.2 0.0 0.0 0.0 5445.7 0.0 0.0 2513.5
**********2022-05-23 22:38:52**********
97667.815 97698.089 0.031 84.724 218.422 
0 2 10
0 0 0.0 0 0 0 0 0 0 0 15366.0 0 0
0 1 8 7 6 11
0 196.9 0 0 0 0 3898.5 1965.9 345.1 0 0 8959.6 0
0 3 9 4 12 5
0 0.0 0.0 4439.3 485.3 2482.2 0.0 0.0 0.0 5445.7 0.0 0.0 2513.5
**********2022-05-23 22:38:56**********
97667.831 97698.089 0.031 84.724 223.252 
0 2 10
0 0 0.0 0 0 0 0 0 0 0 15366.0 0 0
0 1 8 7 6 11
0 196.9 0 0 0 0 3898.5 1965.9 345.1 0 0 8959.6 0
0 3 9 4 12 5
0 0.0 0.0 4439.3 485.3 2482.2 0.0 0.0 0.0 5445.7 0.0 0.0 2513.5
**********2022-05-23 22:39:02**********
97668.064 97698.089 0.031 84.724 228.588 
0 2 10
0 0 0.0 0 0 0 0 0 0 0 15366.0 0 0
0 1 8 7 6 11
0 196.9 0 0 0 0 3898.5 1965.9 345.1 0 0 8959.6 0
0 3 9 4 12 5
0 0.0 0.0 4439.3 485.3 2482.2 0.0 0.0 0.0 5445.7 0.0 0.0 2513.5
**********2022-05-23 22:39:03**********
97668.064 97698.089 0.031 84.724 230.006 
0 2 10
0 0 0.0 0 0 0 0 0 0 0 15366.0 0 0
0 1 8 7 6 11
0 196.9 0 0 0 0 3898.5 1965.9 345.1 0 0 8959.6 0
0 3 9 4 12 5
0 0.0 0.0 4439.3 485.3 2482.2 0.0 0.0 0.0 5445.7 0.0 0.0 2513.5
**********2022-05-23 22:39:08**********
97668.064 97698.089 0.031 84.724 235.223 
0 2 10
0 0 0.0 0 0 0 0 0 0 0 15366.0 0 0
0 1 8 7 6 11
0 196.9 0 0 0 0 3898.5 1965.9 345.1 0 0 8959.6 0
0 3 9 4 12 5
0 0.0 0.0 4439.3 485.3 2482.2 0.0 0.0 0.0 5445.7 0.0 0.0 2513.5
**********2022-05-23 22:39:14**********
97668.111 97698.089 0.031 84.724 241.296 
0 2 10
0 0 0.0 0 0 0 0 0 0 0 15366.0 0 0
0 1 8 7 6 11
0 196.9 0 0 0 0 3898.5 1965.9 345.1 0 0 8959.6 0
0 3 9 4 12 5
0 0.0 0.0 4439.3 485.3 2482.2 0.0 0.0 0.0 5445.7 0.0 0.0 2513.5
**********2022-05-23 22:39:16**********
97668.111 97698.089 0.031 84.724 242.609 
0 2 10
0 0 0.0 0 0 0 0 0 0 0 15366.0 0 0
0 1 8 7 6 11
0 196.9 0 0 0 0 3898.5 1965.9 345.1 0 0 8959.6 0
0 3 9 4 12 5
0 0.0 0.0 4439.3 485.3 2482.2 0.0 0.0 0.0 5445.7 0.0 0.0 2513.5
**********2022-05-23 22:39:20**********
97668.111 97698.089 0.031 84.724 247.227 
0 2 10
0 0 0.0 0 0 0 0 0 0 0 15366.0 0 0
0 1 8 7 6 11
0 196.9 0 0 0 0 3898.5 1965.9 345.1 0 0 8959.6 0
0 3 9 4 12 5
0 0.0 0.0 4439.3 485.3 2482.2 0.0 0.0 0.0 5445.7 0.0 0.0 2513.5
**********2022-05-23 22:39:26**********
97668.111 97698.089 0.031 84.724 252.836 
0 2 10
0 0 0.0 0 0 0 0 0 0 0 15366.0 0 0
0 1 8 7 6 11
0 196.9 0 0 0 0 3898.5 1965.9 345.1 0 0 8959.6 0
0 3 9 4 12 5
0 0.0 0.0 4439.3 485.3 2482.2 0.0 0.0 0.0 5445.7 0.0 0.0 2513.5
**********2022-05-23 22:39:31**********
97668.114 97698.089 0.031 84.724 258.229 
0 2 10
0 0 0.0 0 0 0 0 0 0 0 15366.0 0 0
0 1 8 7 6 11
0 196.9 0 0 0 0 3898.5 1965.9 345.1 0 0 8959.6 0
0 3 9 4 12 5
0 0.0 0.0 4439.3 485.3 2482.2 0.0 0.0 0.0 5445.7 0.0 0.0 2513.5
**********2022-05-23 22:39:39**********
97668.114 97698.089 0.031 84.724 265.887 
0 2 10
0 0 0.0 0 0 0 0 0 0 0 15366.0 0 0
0 1 8 7 6 11
0 196.9 0 0 0 0 3898.5 1965.9 345.1 0 0 8959.6 0
0 3 9 4 12 5
0 0.0 0.0 4439.3 485.3 2482.2 0.0 0.0 0.0 5445.7 0.0 0.0 2513.5
**********2022-05-23 22:39:44**********
97668.114 97698.089 0.031 84.724 270.728 
0 2 10
0 0 0.0 0 0 0 0 0 0 0 15366.0 0 0
0 1 8 7 6 11
0 196.9 0 0 0 0 3898.5 1965.9 345.1 0 0 8959.6 0
0 3 9 4 12 5
0 0.0 0.0 4439.3 485.3 2482.2 0.0 0.0 0.0 5445.7 0.0 0.0 2513.5
**********2022-05-23 22:39:53**********
97668.209 97698.089 0.031 84.724 280.023 
0 2 10
0 0 0.0 0 0 0 0 0 0 0 15366.0 0 0
0 1 8 7 6 11
0 196.9 0 0 0 0 3898.5 1965.9 345.1 0 0 8959.6 0
0 3 9 4 12 5
0 0.0 0.0 4439.3 485.3 2482.2 0.0 0.0 0.0 5445.7 0.0 0.0 2513.5
**********2022-05-23 22:39:58**********
97668.295 97698.089 0.03 84.724 284.746 
0 2 10
0 0 0.0 0 0 0 0 0 0 0 15366.0 0 0
0 1 8 7 6 11
0 196.9 0 0 0 0 3898.5 1965.9 345.1 0 0 8959.6 0
0 3 9 4 12 5
0 0.0 0.0 4439.3 485.3 2482.2 0.0 0.0 0.0 5445.7 0.0 0.0 2513.5
**********2022-05-23 22:40:03**********
97668.295 97698.089 0.03 84.724 289.588 
0 2 10
0 0 0.0 0 0 0 0 0 0 0 15366.0 0 0
0 1 8 7 6 11
0 196.9 0 0 0 0 3898.5 1965.9 345.1 0 0 8959.6 0
0 3 9 4 12 5
0 0.0 0.0 4439.3 485.3 2482.2 0.0 0.0 0.0 5445.7 0.0 0.0 2513.5
**********2022-05-23 22:40:07**********
97668.518 97698.089 0.03 84.724 294.339 
0 2 10
0 0 0.0 0 0 0 0 0 0 0 15366.0 0 0
0 1 8 7 6 11
0 196.9 0 0 0 0 3898.5 1965.9 345.1 0 0 8959.6 0
0 3 9 4 12 5
0 0.0 0.0 4439.3 485.3 2482.2 0.0 0.0 0.0 5445.7 0.0 0.0 2513.5
**********2022-05-23 22:40:13**********
97668.518 97698.089 0.03 84.724 300.019 
0 2 10
0 0 0.0 0 0 0 0 0 0 0 15366.0 0 0
0 1 8 7 6 11
0 196.9 0 0 0 0 3898.5 1965.9 345.1 0 0 8959.6 0
0 3 9 4 12 5
0 0.0 0.0 4439.3 485.3 2482.2 0.0 0.0 0.0 5445.7 0.0 0.0 2513.5
**********2022-05-23 22:40:18**********
97668.518 97698.089 0.03 84.724 305.154 
0 2 10
0 0 0.0 0 0 0 0 0 0 0 15366.0 0 0
0 1 8 7 6 11
0 196.9 0 0 0 0 3898.5 1965.9 345.1 0 0 8959.6 0
0 3 9 4 12 5
0 0.0 0.0 4439.3 485.3 2482.2 0.0 0.0 0.0 5445.7 0.0 0.0 2513.5
**********2022-05-23 22:40:23**********
97668.531 97698.089 0.03 84.724 309.888 
0 2 10
0 0 0.0 0 0 0 0 0 0 0 15366.0 0 0
0 1 8 7 6 11
0 196.9 0 0 0 0 3898.5 1965.9 345.1 0 0 8959.6 0
0 3 9 4 12 5
0 0.0 0.0 4439.3 485.3 2482.2 0.0 0.0 0.0 5445.7 0.0 0.0 2513.5
**********2022-05-23 22:40:28**********
97668.531 97698.089 0.03 84.724 315.301 
0 2 10
0 0 0.0 0 0 0 0 0 0 0 15366.0 0 0
0 1 8 7 6 11
0 196.9 0 0 0 0 3898.5 1965.9 345.1 0 0 8959.6 0
0 3 9 4 12 5
0 0.0 0.0 4439.3 485.3 2482.2 0.0 0.0 0.0 5445.7 0.0 0.0 2513.5
**********2022-05-23 22:40:34**********
97668.96 97698.089 0.03 84.724 320.431 
0 2 10
0 0 0.0 0 0 0 0 0 0 0 15366.0 0 0
0 1 8 7 6 11
0 196.9 0 0 0 0 3898.5 1965.9 345.1 0 0 8959.6 0
0 3 9 4 12 5
0 0.0 0.0 4439.3 485.3 2482.2 0.0 0.0 0.0 5445.7 0.0 0.0 2513.5
**********2022-05-23 22:40:41**********
97668.96 97698.089 0.03 84.724 327.792 
0 2 10
0 0 0.0 0 0 0 0 0 0 0 15366.0 0 0
0 1 8 7 6 11
0 196.9 0 0 0 0 3898.5 1965.9 345.1 0 0 8959.6 0
0 3 9 4 12 5
0 0.0 0.0 4439.3 485.3 2482.2 0.0 0.0 0.0 5445.7 0.0 0.0 2513.5
**********2022-05-23 22:40:48**********
97668.96 97698.089 0.03 84.724 334.818 
0 2 10
0 0 0.0 0 0 0 0 0 0 0 15366.0 0 0
0 1 8 7 6 11
0 196.9 0 0 0 0 3898.5 1965.9 345.1 0 0 8959.6 0
0 3 9 4 12 5
0 0.0 0.0 4439.3 485.3 2482.2 0.0 0.0 0.0 5445.7 0.0 0.0 2513.5
**********2022-05-23 22:40:55**********
97668.96 97698.089 0.03 84.724 341.434 
0 2 10
0 0 0.0 0 0 0 0 0 0 0 15366.0 0 0
0 1 8 7 6 11
0 196.9 0 0 0 0 3898.5 1965.9 345.1 0 0 8959.6 0
0 3 9 4 12 5
0 0.0 0.0 4439.3 485.3 2482.2 0.0 0.0 0.0 5445.7 0.0 0.0 2513.5
**********2022-05-23 22:40:59**********
97669.065 97698.089 0.03 84.724 346.163 
0 2 10
0 0 0.0 0 0 0 0 0 0 0 15366.0 0 0
0 1 8 7 6 11
0 196.9 0 0 0 0 3898.5 1965.9 345.1 0 0 8959.6 0
0 3 9 4 12 5
0 0.0 0.0 4439.3 485.3 2482.2 0.0 0.0 0.0 5445.7 0.0 0.0 2513.5
**********2022-05-23 22:41:04**********
97669.067 97698.089 0.03 84.724 350.777 
0 2 10
0 0 0.0 0 0 0 0 0 0 0 15366.0 0 0
0 1 8 7 6 11
0 196.9 0 0 0 0 3898.5 1965.9 345.1 0 0 8959.6 0
0 3 9 4 12 5
0 0.0 0.0 4439.3 485.3 2482.2 0.0 0.0 0.0 5445.7 0.0 0.0 2513.5
**********2022-05-23 22:41:11**********
97669.067 97698.089 0.03 84.724 357.89 
0 2 10
0 0 0.0 0 0 0 0 0 0 0 15366.0 0 0
0 1 8 7 6 11
0 196.9 0 0 0 0 3898.5 1965.9 345.1 0 0 8959.6 0
0 3 9 4 12 5
0 0.0 0.0 4439.3 485.3 2482.2 0.0 0.0 0.0 5445.7 0.0 0.0 2513.5
**********2022-05-23 22:41:18**********
97669.34 97698.089 0.029 84.724 365.168 
0 2 10
0 0 0.0 0 0 0 0 0 0 0 15366.0 0 0
0 1 8 7 6 11
0 196.9 0 0 0 0 3898.5 1965.9 345.1 0 0 8959.6 0
0 3 9 4 12 5
0 0.0 0.0 4439.3 485.3 2482.2 0.0 0.0 0.0 5445.7 0.0 0.0 2513.5
**********2022-05-23 22:41:26**********
97669.34 97698.089 0.029 84.724 372.767 
0 2 10
0 0 0.0 0 0 0 0 0 0 0 15366.0 0 0
0 1 8 7 6 11
0 196.9 0 0 0 0 3898.5 1965.9 345.1 0 0 8959.6 0
0 3 9 4 12 5
0 0.0 0.0 4439.3 485.3 2482.2 0.0 0.0 0.0 5445.7 0.0 0.0 2513.5
**********2022-05-23 22:41:32**********
97669.347 97698.089 0.029 84.724 378.426 
0 2 10
0 0 0.0 0 0 0 0 0 0 0 15366.0 0 0
0 1 8 7 6 11
0 196.9 0 0 0 0 3898.5 1965.9 345.1 0 0 8959.6 0
0 3 9 4 12 5
0 0.0 0.0 4439.3 485.3 2482.2 0.0 0.0 0.0 5445.7 0.0 0.0 2513.5
**********2022-05-23 22:41:39**********
97669.347 97698.089 0.029 84.724 385.997 
0 2 10
0 0 0.0 0 0 0 0 0 0 0 15366.0 0 0
0 1 8 7 6 11
0 196.9 0 0 0 0 3898.5 1965.9 345.1 0 0 8959.6 0
0 3 9 4 12 5
0 0.0 0.0 4439.3 485.3 2482.2 0.0 0.0 0.0 5445.7 0.0 0.0 2513.5
**********2022-05-23 22:41:44**********
97669.442 97698.089 0.029 84.724 391.287 
0 2 10
0 0 0.0 0 0 0 0 0 0 0 15366.0 0 0
0 1 8 7 6 11
0 196.9 0 0 0 0 3898.5 1965.9 345.1 0 0 8959.6 0
0 3 9 4 12 5
0 0.0 0.0 4439.3 485.3 2482.2 0.0 0.0 0.0 5445.7 0.0 0.0 2513.5
**********2022-05-23 22:41:50**********
97669.442 97698.089 0.029 84.724 396.482 
0 2 10
0 0 0.0 0 0 0 0 0 0 0 15366.0 0 0
0 1 8 7 6 11
0 196.9 0 0 0 0 3898.5 1965.9 345.1 0 0 8959.6 0
0 3 9 4 12 5
0 0.0 0.0 4439.3 485.3 2482.2 0.0 0.0 0.0 5445.7 0.0 0.0 2513.5
**********2022-05-23 22:41:54**********
97669.442 97698.089 0.029 84.724 400.707 
0 2 10
0 0 0.0 0 0 0 0 0 0 0 15366.0 0 0
0 1 8 7 6 11
0 196.9 0 0 0 0 3898.5 1965.9 345.1 0 0 8959.6 0
0 3 9 4 12 5
0 0.0 0.0 4439.3 485.3 2482.2 0.0 0.0 0.0 5445.7 0.0 0.0 2513.5
**********2022-05-23 22:42:00**********
97669.442 97698.089 0.029 84.724 406.604 
0 2 10
0 0 0.0 0 0 0 0 0 0 0 15366.0 0 0
0 1 8 7 6 11
0 196.9 0 0 0 0 3898.5 1965.9 345.1 0 0 8959.6 0
0 3 9 4 12 5
0 0.0 0.0 4439.3 485.3 2482.2 0.0 0.0 0.0 5445.7 0.0 0.0 2513.5
**********2022-05-23 22:42:06**********
97669.571 97698.089 0.029 84.724 412.783 
0 2 10
0 0 0.0 0 0 0 0 0 0 0 15366.0 0 0
0 1 8 7 6 11
0 196.9 0 0 0 0 3898.5 1965.9 345.1 0 0 8959.6 0
0 3 9 4 12 5
0 0.0 0.0 4439.3 485.3 2482.2 0.0 0.0 0.0 5445.7 0.0 0.0 2513.5
**********2022-05-23 22:42:10**********
97669.571 97698.089 0.029 84.724 417.1 
0 2 10
0 0 0.0 0 0 0 0 0 0 0 15366.0 0 0
0 1 8 7 6 11
0 196.9 0 0 0 0 3898.5 1965.9 345.1 0 0 8959.6 0
0 3 9 4 12 5
0 0.0 0.0 4439.3 485.3 2482.2 0.0 0.0 0.0 5445.7 0.0 0.0 2513.5
**********2022-05-23 22:42:15**********
97669.571 97698.089 0.029 84.724 421.589 
0 2 10
0 0 0.0 0 0 0 0 0 0 0 15366.0 0 0
0 1 8 7 6 11
0 196.9 0 0 0 0 3898.5 1965.9 345.1 0 0 8959.6 0
0 3 9 4 12 5
0 0.0 0.0 4439.3 485.3 2482.2 0.0 0.0 0.0 5445.7 0.0 0.0 2513.5
**********2022-05-23 22:42:20**********
97669.571 97698.089 0.029 84.724 426.921 
0 2 10
0 0 0.0 0 0 0 0 0 0 0 15366.0 0 0
0 1 8 7 6 11
0 196.9 0 0 0 0 3898.5 1965.9 345.1 0 0 8959.6 0
0 3 9 4 12 5
0 0.0 0.0 4439.3 485.3 2482.2 0.0 0.0 0.0 5445.7 0.0 0.0 2513.5
**********2022-05-23 22:42:23**********
97669.656 97698.089 0.029 84.724 430.077 
0 2 10
0 0 0.0 0 0 0 0 0 0 0 15366.0 0 0
0 1 8 7 6 11
0 196.9 0 0 0 0 3898.5 1965.9 345.1 0 0 8959.6 0
0 3 9 4 12 5
0 0.0 0.0 4439.3 485.3 2482.2 0.0 0.0 0.0 5445.7 0.0 0.0 2513.5
**********2022-05-23 22:42:28**********
97669.656 97698.089 0.029 84.724 434.765 
0 2 10
0 0 0.0 0 0 0 0 0 0 0 15366.0 0 0
0 1 8 7 6 11
0 196.9 0 0 0 0 3898.5 1965.9 345.1 0 0 8959.6 0
0 3 9 4 12 5
0 0.0 0.0 4439.3 485.3 2482.2 0.0 0.0 0.0 5445.7 0.0 0.0 2513.5
**********2022-05-23 22:42:31**********
97669.689 97698.089 0.029 84.724 438.378 
0 2 10
0 0 0.0 0 0 0 0 0 0 0 15366.0 0 0
0 1 8 7 6 11
0 196.9 0 0 0 0 3898.5 1965.9 345.1 0 0 8959.6 0
0 3 9 4 12 5
0 0.0 0.0 4439.3 485.3 2482.2 0.0 0.0 0.0 5445.7 0.0 0.0 2513.5
**********2022-05-23 22:42:38**********
97669.751 97698.087 0.029 445.077 445.077 
0 2 10
0 0 0.0 0 0 0 0 0 0 0 15366.0 0 0
0 1 8 7 6 11
0 196.9 0.0 0.0 0.0 0.0 3898.5 1965.9 345.1 0.0 0.0 8959.6 0.0
0 3 9 4 12 5
0 0.0 0.0 4439.3 485.3 2482.2 0.0 0.0 0.0 5445.7 0.0 0.0 2513.5
**********2022-05-23 22:42:43**********
97669.865 97698.087 0.029 445.077 449.932 
0 2 10
0 0 0.0 0 0 0 0 0 0 0 15366.0 0 0
0 1 8 7 6 11
0 196.9 0.0 0.0 0.0 0.0 3898.5 1965.9 345.1 0.0 0.0 8959.6 0.0
0 3 9 4 12 5
0 0.0 0.0 4439.3 485.3 2482.2 0.0 0.0 0.0 5445.7 0.0 0.0 2513.5
**********2022-05-23 22:42:48**********
97669.988 97698.087 0.029 445.077 455.149 
0 2 10
0 0 0.0 0 0 0 0 0 0 0 15366.0 0 0
0 1 8 7 6 11
0 196.9 0.0 0.0 0.0 0.0 3898.5 1965.9 345.1 0.0 0.0 8959.6 0.0
0 3 9 4 12 5
0 0.0 0.0 4439.3 485.3 2482.2 0.0 0.0 0.0 5445.7 0.0 0.0 2513.5
**********2022-05-23 22:42:54**********
97669.988 97698.087 0.029 445.077 460.682 
0 2 10
0 0 0.0 0 0 0 0 0 0 0 15366.0 0 0
0 1 8 7 6 11
0 196.9 0.0 0.0 0.0 0.0 3898.5 1965.9 345.1 0.0 0.0 8959.6 0.0
0 3 9 4 12 5
0 0.0 0.0 4439.3 485.3 2482.2 0.0 0.0 0.0 5445.7 0.0 0.0 2513.5
**********2022-05-23 22:42:58**********
97670.21 97698.087 0.029 445.077 465.019 
0 2 10
0 0 0.0 0 0 0 0 0 0 0 15366.0 0 0
0 1 8 7 6 11
0 196.9 0.0 0.0 0.0 0.0 3898.5 1965.9 345.1 0.0 0.0 8959.6 0.0
0 3 9 4 12 5
0 0.0 0.0 4439.3 485.3 2482.2 0.0 0.0 0.0 5445.7 0.0 0.0 2513.5
**********2022-05-23 22:43:02**********
97670.334 97698.087 0.028 445.077 468.926 
0 2 10
0 0 0.0 0 0 0 0 0 0 0 15366.0 0 0
0 1 8 7 6 11
0 196.9 0.0 0.0 0.0 0.0 3898.5 1965.9 345.1 0.0 0.0 8959.6 0.0
0 3 9 4 12 5
0 0.0 0.0 4439.3 485.3 2482.2 0.0 0.0 0.0 5445.7 0.0 0.0 2513.5
**********2022-05-23 22:43:11**********
97670.36 97698.087 0.028 445.077 478.403 
0 2 10
0 0 0.0 0 0 0 0 0 0 0 15366.0 0 0
0 1 8 7 6 11
0 196.9 0.0 0.0 0.0 0.0 3898.5 1965.9 345.1 0.0 0.0 8959.6 0.0
0 3 9 4 12 5
0 0.0 0.0 4439.3 485.3 2482.2 0.0 0.0 0.0 5445.7 0.0 0.0 2513.5
**********2022-05-23 22:43:18**********
97670.358 97698.087 0.028 445.077 485.16 
0 2 10
0 0 0.0 0 0 0 0 0 0 0 15366.0 0 0
0 1 8 7 6 11
0 196.9 0.0 0.0 0.0 0.0 3898.5 1965.9 345.1 0.0 0.0 8959.6 0.0
0 3 9 4 12 5
0 0.0 0.0 4439.3 485.3 2482.2 0.0 0.0 0.0 5445.7 0.0 0.0 2513.5
**********2022-05-23 22:43:24**********
97670.358 97698.087 0.028 445.077 490.877 
0 2 10
0 0 0.0 0 0 0 0 0 0 0 15366.0 0 0
0 1 8 7 6 11
0 196.9 0.0 0.0 0.0 0.0 3898.5 1965.9 345.1 0.0 0.0 8959.6 0.0
0 3 9 4 12 5
0 0.0 0.0 4439.3 485.3 2482.2 0.0 0.0 0.0 5445.7 0.0 0.0 2513.5
**********2022-05-23 22:43:28**********
97670.358 97698.087 0.028 445.077 495.152 
0 2 10
0 0 0.0 0 0 0 0 0 0 0 15366.0 0 0
0 1 8 7 6 11
0 196.9 0.0 0.0 0.0 0.0 3898.5 1965.9 345.1 0.0 0.0 8959.6 0.0
0 3 9 4 12 5
0 0.0 0.0 4439.3 485.3 2482.2 0.0 0.0 0.0 5445.7 0.0 0.0 2513.5
**********2022-05-23 22:43:35**********
97670.364 97698.087 0.028 445.077 501.805 
0 2 10
0 0 0.0 0 0 0 0 0 0 0 15366.0 0 0
0 1 8 7 6 11
0 196.9 0.0 0.0 0.0 0.0 3898.5 1965.9 345.1 0.0 0.0 8959.6 0.0
0 3 9 4 12 5
0 0.0 0.0 4439.3 485.3 2482.2 0.0 0.0 0.0 5445.7 0.0 0.0 2513.5
**********2022-05-23 22:43:40**********
97670.364 97698.087 0.028 445.077 506.539 
0 2 10
0 0 0.0 0 0 0 0 0 0 0 15366.0 0 0
0 1 8 7 6 11
0 196.9 0.0 0.0 0.0 0.0 3898.5 1965.9 345.1 0.0 0.0 8959.6 0.0
0 3 9 4 12 5
0 0.0 0.0 4439.3 485.3 2482.2 0.0 0.0 0.0 5445.7 0.0 0.0 2513.5
**********2022-05-23 22:43:44**********
97670.421 97698.087 0.028 445.077 511.029 
0 2 10
0 0 0.0 0 0 0 0 0 0 0 15366.0 0 0
0 1 8 7 6 11
0 196.9 0.0 0.0 0.0 0.0 3898.5 1965.9 345.1 0.0 0.0 8959.6 0.0
0 3 9 4 12 5
0 0.0 0.0 4439.3 485.3 2482.2 0.0 0.0 0.0 5445.7 0.0 0.0 2513.5
**********2022-05-23 22:43:48**********
97670.538 97698.087 0.028 445.077 514.76 
0 2 10
0 0 0.0 0 0 0 0 0 0 0 15366.0 0 0
0 1 8 7 6 11
0 196.9 0.0 0.0 0.0 0.0 3898.5 1965.9 345.1 0.0 0.0 8959.6 0.0
0 3 9 4 12 5
0 0.0 0.0 4439.3 485.3 2482.2 0.0 0.0 0.0 5445.7 0.0 0.0 2513.5
**********2022-05-23 22:43:52**********
97670.538 97698.087 0.028 445.077 519.265 
0 2 10
0 0 0.0 0 0 0 0 0 0 0 15366.0 0 0
0 1 8 7 6 11
0 196.9 0.0 0.0 0.0 0.0 3898.5 1965.9 345.1 0.0 0.0 8959.6 0.0
0 3 9 4 12 5
0 0.0 0.0 4439.3 485.3 2482.2 0.0 0.0 0.0 5445.7 0.0 0.0 2513.5
**********2022-05-23 22:43:57**********
97670.552 97698.087 0.028 445.077 523.616 
0 2 10
0 0 0.0 0 0 0 0 0 0 0 15366.0 0 0
0 1 8 7 6 11
0 196.9 0.0 0.0 0.0 0.0 3898.5 1965.9 345.1 0.0 0.0 8959.6 0.0
0 3 9 4 12 5
0 0.0 0.0 4439.3 485.3 2482.2 0.0 0.0 0.0 5445.7 0.0 0.0 2513.5
**********2022-05-23 22:44:01**********
97670.552 97698.087 0.028 445.077 528.253 
0 2 10
0 0 0.0 0 0 0 0 0 0 0 15366.0 0 0
0 1 8 7 6 11
0 196.9 0.0 0.0 0.0 0.0 3898.5 1965.9 345.1 0.0 0.0 8959.6 0.0
0 3 9 4 12 5
0 0.0 0.0 4439.3 485.3 2482.2 0.0 0.0 0.0 5445.7 0.0 0.0 2513.5
**********2022-05-23 22:44:05**********
97670.624 97698.087 0.028 445.077 532.016 
0 2 10
0 0 0.0 0 0 0 0 0 0 0 15366.0 0 0
0 1 8 7 6 11
0 196.9 0.0 0.0 0.0 0.0 3898.5 1965.9 345.1 0.0 0.0 8959.6 0.0
0 3 9 4 12 5
0 0.0 0.0 4439.3 485.3 2482.2 0.0 0.0 0.0 5445.7 0.0 0.0 2513.5
**********2022-05-23 22:44:09**********
97670.626 97698.087 0.028 445.077 536.259 
0 2 10
0 0 0.0 0 0 0 0 0 0 0 15366.0 0 0
0 1 8 7 6 11
0 196.9 0.0 0.0 0.0 0.0 3898.5 1965.9 345.1 0.0 0.0 8959.6 0.0
0 3 9 4 12 5
0 0.0 0.0 4439.3 485.3 2482.2 0.0 0.0 0.0 5445.7 0.0 0.0 2513.5
**********2022-05-23 22:44:14**********
97670.648 97698.087 0.028 445.077 540.919 
0 2 10
0 0 0.0 0 0 0 0 0 0 0 15366.0 0 0
0 1 8 7 6 11
0 196.9 0.0 0.0 0.0 0.0 3898.5 1965.9 345.1 0.0 0.0 8959.6 0.0
0 3 9 4 12 5
0 0.0 0.0 4439.3 485.3 2482.2 0.0 0.0 0.0 5445.7 0.0 0.0 2513.5
**********2022-05-23 22:44:17**********
97670.982 97698.087 0.028 445.077 544.29 
0 2 10
0 0 0.0 0 0 0 0 0 0 0 15366.0 0 0
0 1 8 7 6 11
0 196.9 0.0 0.0 0.0 0.0 3898.5 1965.9 345.1 0.0 0.0 8959.6 0.0
0 3 9 4 12 5
0 0.0 0.0 4439.3 485.3 2482.2 0.0 0.0 0.0 5445.7 0.0 0.0 2513.5
**********2022-05-23 22:44:21**********
97671.022 97698.087 0.028 445.077 547.761 
0 2 10
0 0 0.0 0 0 0 0 0 0 0 15366.0 0 0
0 1 8 7 6 11
0 196.9 0.0 0.0 0.0 0.0 3898.5 1965.9 345.1 0.0 0.0 8959.6 0.0
0 3 9 4 12 5
0 0.0 0.0 4439.3 485.3 2482.2 0.0 0.0 0.0 5445.7 0.0 0.0 2513.5
**********2022-05-23 22:44:25**********
97671.103 97690.846 0.02 551.512 551.512 
0 2 10
0 0 0.0 0 0 0 0 0 0 0 15366.0 0 0
0 4 9 1 8 11
0 195.4 0.0 0.0 485.9 0.0 0.0 0.0 342.4 5452.8 0.0 8889.5 0.0
0 3 12 5 7 6
0 0.0 0.0 4474.2 0.0 2501.7 3893.4 1963.3 0.0 0.0 0.0 0.0 2533.3
**********2022-05-23 22:44:28**********
97671.103 97690.846 0.02 551.512 554.926 
0 2 10
0 0 0.0 0 0 0 0 0 0 0 15366.0 0 0
0 4 9 1 8 11
0 195.4 0.0 0.0 485.9 0.0 0.0 0.0 342.4 5452.8 0.0 8889.5 0.0
0 3 12 5 7 6
0 0.0 0.0 4474.2 0.0 2501.7 3893.4 1963.3 0.0 0.0 0.0 0.0 2533.3
**********2022-05-23 22:44:32**********
97671.132 97690.846 0.02 551.512 559.114 
0 2 10
0 0 0.0 0 0 0 0 0 0 0 15366.0 0 0
0 4 9 1 8 11
0 195.4 0.0 0.0 485.9 0.0 0.0 0.0 342.4 5452.8 0.0 8889.5 0.0
0 3 12 5 7 6
0 0.0 0.0 4474.2 0.0 2501.7 3893.4 1963.3 0.0 0.0 0.0 0.0 2533.3
**********2022-05-23 22:44:36**********
97671.132 97690.846 0.02 551.512 562.613 
0 2 10
0 0 0.0 0 0 0 0 0 0 0 15366.0 0 0
0 4 9 1 8 11
0 195.4 0.0 0.0 485.9 0.0 0.0 0.0 342.4 5452.8 0.0 8889.5 0.0
0 3 12 5 7 6
0 0.0 0.0 4474.2 0.0 2501.7 3893.4 1963.3 0.0 0.0 0.0 0.0 2533.3
**********2022-05-23 22:44:40**********
97671.132 97690.846 0.02 551.512 566.441 
0 2 10
0 0 0.0 0 0 0 0 0 0 0 15366.0 0 0
0 4 9 1 8 11
0 195.4 0.0 0.0 485.9 0.0 0.0 0.0 342.4 5452.8 0.0 8889.5 0.0
0 3 12 5 7 6
0 0.0 0.0 4474.2 0.0 2501.7 3893.4 1963.3 0.0 0.0 0.0 0.0 2533.3
**********2022-05-23 22:44:43**********
97671.171 97690.846 0.02 551.512 570.352 
0 2 10
0 0 0.0 0 0 0 0 0 0 0 15366.0 0 0
0 4 9 1 8 11
0 195.4 0.0 0.0 485.9 0.0 0.0 0.0 342.4 5452.8 0.0 8889.5 0.0
0 3 12 5 7 6
0 0.0 0.0 4474.2 0.0 2501.7 3893.4 1963.3 0.0 0.0 0.0 0.0 2533.3
**********2022-05-23 22:44:47**********
97671.171 97690.846 0.02 551.512 574.304 
0 2 10
0 0 0.0 0 0 0 0 0 0 0 15366.0 0 0
0 4 9 1 8 11
0 195.4 0.0 0.0 485.9 0.0 0.0 0.0 342.4 5452.8 0.0 8889.5 0.0
0 3 12 5 7 6
0 0.0 0.0 4474.2 0.0 2501.7 3893.4 1963.3 0.0 0.0 0.0 0.0 2533.3
**********2022-05-23 22:44:49**********
97671.171 97690.846 0.02 551.512 575.518 
0 2 10
0 0 0.0 0 0 0 0 0 0 0 15366.0 0 0
0 4 9 1 8 11
0 195.4 0.0 0.0 485.9 0.0 0.0 0.0 342.4 5452.8 0.0 8889.5 0.0
0 3 12 5 7 6
0 0.0 0.0 4474.2 0.0 2501.7 3893.4 1963.3 0.0 0.0 0.0 0.0 2533.3
**********2022-05-23 22:44:52**********
97671.424 97690.846 0.02 551.512 579.394 
0 2 10
0 0 0.0 0 0 0 0 0 0 0 15366.0 0 0
0 4 9 1 8 11
0 195.4 0.0 0.0 485.9 0.0 0.0 0.0 342.4 5452.8 0.0 8889.5 0.0
0 3 12 5 7 6
0 0.0 0.0 4474.2 0.0 2501.7 3893.4 1963.3 0.0 0.0 0.0 0.0 2533.3
**********2022-05-23 22:44:59**********
97671.424 97690.846 0.02 551.512 586.192 
0 2 10
0 0 0.0 0 0 0 0 0 0 0 15366.0 0 0
0 4 9 1 8 11
0 195.4 0.0 0.0 485.9 0.0 0.0 0.0 342.4 5452.8 0.0 8889.5 0.0
0 3 12 5 7 6
0 0.0 0.0 4474.2 0.0 2501.7 3893.4 1963.3 0.0 0.0 0.0 0.0 2533.3
**********2022-05-23 22:45:06**********
97671.424 97690.846 0.02 551.512 593.077 
0 2 10
0 0 0.0 0 0 0 0 0 0 0 15366.0 0 0
0 4 9 1 8 11
0 195.4 0.0 0.0 485.9 0.0 0.0 0.0 342.4 5452.8 0.0 8889.5 0.0
0 3 12 5 7 6
0 0.0 0.0 4474.2 0.0 2501.7 3893.4 1963.3 0.0 0.0 0.0 0.0 2533.3
**********2022-05-23 22:45:12**********
97671.495 97690.846 0.02 551.512 599.347 
0 2 10
0 0 0.0 0 0 0 0 0 0 0 15366.0 0 0
0 4 9 1 8 11
0 195.4 0.0 0.0 485.9 0.0 0.0 0.0 342.4 5452.8 0.0 8889.5 0.0
0 3 12 5 7 6
0 0.0 0.0 4474.2 0.0 2501.7 3893.4 1963.3 0.0 0.0 0.0 0.0 2533.3
**********2022-05-23 22:45:16**********
97671.495 97690.846 0.02 551.512 603.319 
0 2 10
0 0 0.0 0 0 0 0 0 0 0 15366.0 0 0
0 4 9 1 8 11
0 195.4 0.0 0.0 485.9 0.0 0.0 0.0 342.4 5452.8 0.0 8889.5 0.0
0 3 12 5 7 6
0 0.0 0.0 4474.2 0.0 2501.7 3893.4 1963.3 0.0 0.0 0.0 0.0 2533.3
**********2022-05-23 22:45:20**********
97671.497 97690.846 0.02 551.512 606.935 
0 2 10
0 0 0.0 0 0 0 0 0 0 0 15366.0 0 0
0 4 9 1 8 11
0 195.4 0.0 0.0 485.9 0.0 0.0 0.0 342.4 5452.8 0.0 8889.5 0.0
0 3 12 5 7 6
0 0.0 0.0 4474.2 0.0 2501.7 3893.4 1963.3 0.0 0.0 0.0 0.0 2533.3
**********2022-05-23 22:45:25**********
97671.497 97690.846 0.02 551.512 612.053 
0 2 10
0 0 0.0 0 0 0 0 0 0 0 15366.0 0 0
0 4 9 1 8 11
0 195.4 0.0 0.0 485.9 0.0 0.0 0.0 342.4 5452.8 0.0 8889.5 0.0
0 3 12 5 7 6
0 0.0 0.0 4474.2 0.0 2501.7 3893.4 1963.3 0.0 0.0 0.0 0.0 2533.3
**********2022-05-23 22:45:29**********
97671.553 97690.846 0.02 551.512 616.151 
0 2 10
0 0 0.0 0 0 0 0 0 0 0 15366.0 0 0
0 4 9 1 8 11
0 195.4 0.0 0.0 485.9 0.0 0.0 0.0 342.4 5452.8 0.0 8889.5 0.0
0 3 12 5 7 6
0 0.0 0.0 4474.2 0.0 2501.7 3893.4 1963.3 0.0 0.0 0.0 0.0 2533.3
**********2022-05-23 22:45:33**********
97671.58 97690.846 0.02 551.512 619.529 
0 2 10
0 0 0.0 0 0 0 0 0 0 0 15366.0 0 0
0 4 9 1 8 11
0 195.4 0.0 0.0 485.9 0.0 0.0 0.0 342.4 5452.8 0.0 8889.5 0.0
0 3 12 5 7 6
0 0.0 0.0 4474.2 0.0 2501.7 3893.4 1963.3 0.0 0.0 0.0 0.0 2533.3
**********2022-05-23 22:45:36**********
97671.667 97690.846 0.02 551.512 623.143 
0 2 10
0 0 0.0 0 0 0 0 0 0 0 15366.0 0 0
0 4 9 1 8 11
0 195.4 0.0 0.0 485.9 0.0 0.0 0.0 342.4 5452.8 0.0 8889.5 0.0
0 3 12 5 7 6
0 0.0 0.0 4474.2 0.0 2501.7 3893.4 1963.3 0.0 0.0 0.0 0.0 2533.3
**********2022-05-23 22:45:42**********
97671.868 97690.846 0.019 551.512 629.224 
0 2 10
0 0 0.0 0 0 0 0 0 0 0 15366.0 0 0
0 4 9 1 8 11
0 195.4 0.0 0.0 485.9 0.0 0.0 0.0 342.4 5452.8 0.0 8889.5 0.0
0 3 12 5 7 6
0 0.0 0.0 4474.2 0.0 2501.7 3893.4 1963.3 0.0 0.0 0.0 0.0 2533.3
**********2022-05-23 22:45:46**********
97671.868 97690.846 0.019 551.512 633.059 
0 2 10
0 0 0.0 0 0 0 0 0 0 0 15366.0 0 0
0 4 9 1 8 11
0 195.4 0.0 0.0 485.9 0.0 0.0 0.0 342.4 5452.8 0.0 8889.5 0.0
0 3 12 5 7 6
0 0.0 0.0 4474.2 0.0 2501.7 3893.4 1963.3 0.0 0.0 0.0 0.0 2533.3
**********2022-05-23 22:45:51**********
97671.9 97690.846 0.019 551.512 637.637 
0 2 10
0 0 0.0 0 0 0 0 0 0 0 15366.0 0 0
0 4 9 1 8 11
0 195.4 0.0 0.0 485.9 0.0 0.0 0.0 342.4 5452.8 0.0 8889.5 0.0
0 3 12 5 7 6
0 0.0 0.0 4474.2 0.0 2501.7 3893.4 1963.3 0.0 0.0 0.0 0.0 2533.3
**********2022-05-23 22:45:54**********
97671.927 97690.846 0.019 551.512 641.389 
0 2 10
0 0 0.0 0 0 0 0 0 0 0 15366.0 0 0
0 4 9 1 8 11
0 195.4 0.0 0.0 485.9 0.0 0.0 0.0 342.4 5452.8 0.0 8889.5 0.0
0 3 12 5 7 6
0 0.0 0.0 4474.2 0.0 2501.7 3893.4 1963.3 0.0 0.0 0.0 0.0 2533.3
**********2022-05-23 22:45:59**********
97671.927 97690.846 0.019 551.512 646.291 
0 2 10
0 0 0.0 0 0 0 0 0 0 0 15366.0 0 0
0 4 9 1 8 11
0 195.4 0.0 0.0 485.9 0.0 0.0 0.0 342.4 5452.8 0.0 8889.5 0.0
0 3 12 5 7 6
0 0.0 0.0 4474.2 0.0 2501.7 3893.4 1963.3 0.0 0.0 0.0 0.0 2533.3
**********2022-05-23 22:46:04**********
97671.959 97690.846 0.019 551.512 650.93 
0 2 10
0 0 0.0 0 0 0 0 0 0 0 15366.0 0 0
0 4 9 1 8 11
0 195.4 0.0 0.0 485.9 0.0 0.0 0.0 342.4 5452.8 0.0 8889.5 0.0
0 3 12 5 7 6
0 0.0 0.0 4474.2 0.0 2501.7 3893.4 1963.3 0.0 0.0 0.0 0.0 2533.3
**********2022-05-23 22:46:09**********
97671.903 97690.846 0.019 551.512 655.532 
0 2 10
0 0 0.0 0 0 0 0 0 0 0 15366.0 0 0
0 4 9 1 8 11
0 195.4 0.0 0.0 485.9 0.0 0.0 0.0 342.4 5452.8 0.0 8889.5 0.0
0 3 12 5 7 6
0 0.0 0.0 4474.2 0.0 2501.7 3893.4 1963.3 0.0 0.0 0.0 0.0 2533.3
**********2022-05-23 22:46:12**********
97671.903 97690.846 0.019 551.512 658.791 
0 2 10
0 0 0.0 0 0 0 0 0 0 0 15366.0 0 0
0 4 9 1 8 11
0 195.4 0.0 0.0 485.9 0.0 0.0 0.0 342.4 5452.8 0.0 8889.5 0.0
0 3 12 5 7 6
0 0.0 0.0 4474.2 0.0 2501.7 3893.4 1963.3 0.0 0.0 0.0 0.0 2533.3
**********2022-05-23 22:46:16**********
97671.958 97690.846 0.019 551.512 662.596 
0 2 10
0 0 0.0 0 0 0 0 0 0 0 15366.0 0 0
0 4 9 1 8 11
0 195.4 0.0 0.0 485.9 0.0 0.0 0.0 342.4 5452.8 0.0 8889.5 0.0
0 3 12 5 7 6
0 0.0 0.0 4474.2 0.0 2501.7 3893.4 1963.3 0.0 0.0 0.0 0.0 2533.3
**********2022-05-23 22:46:17**********
97671.958 97690.846 0.019 551.512 663.84 
0 2 10
0 0 0.0 0 0 0 0 0 0 0 15366.0 0 0
0 4 9 1 8 11
0 195.4 0.0 0.0 485.9 0.0 0.0 0.0 342.4 5452.8 0.0 8889.5 0.0
0 3 12 5 7 6
0 0.0 0.0 4474.2 0.0 2501.7 3893.4 1963.3 0.0 0.0 0.0 0.0 2533.3
**********2022-05-23 22:46:21**********
97671.958 97690.846 0.019 551.512 668.094 
0 2 10
0 0 0.0 0 0 0 0 0 0 0 15366.0 0 0
0 4 9 1 8 11
0 195.4 0.0 0.0 485.9 0.0 0.0 0.0 342.4 5452.8 0.0 8889.5 0.0
0 3 12 5 7 6
0 0.0 0.0 4474.2 0.0 2501.7 3893.4 1963.3 0.0 0.0 0.0 0.0 2533.3
**********2022-05-23 22:46:25**********
97672.274 97690.846 0.019 551.512 671.682 
0 2 10
0 0 0.0 0 0 0 0 0 0 0 15366.0 0 0
0 4 9 1 8 11
0 195.4 0.0 0.0 485.9 0.0 0.0 0.0 342.4 5452.8 0.0 8889.5 0.0
0 3 12 5 7 6
0 0.0 0.0 4474.2 0.0 2501.7 3893.4 1963.3 0.0 0.0 0.0 0.0 2533.3
**********2022-05-23 22:46:31**********
97672.274 97690.846 0.019 551.512 677.496 
0 2 10
0 0 0.0 0 0 0 0 0 0 0 15366.0 0 0
0 4 9 1 8 11
0 195.4 0.0 0.0 485.9 0.0 0.0 0.0 342.4 5452.8 0.0 8889.5 0.0
0 3 12 5 7 6
0 0.0 0.0 4474.2 0.0 2501.7 3893.4 1963.3 0.0 0.0 0.0 0.0 2533.3
**********2022-05-23 22:46:36**********
97672.274 97690.846 0.019 551.512 682.532 
0 2 10
0 0 0.0 0 0 0 0 0 0 0 15366.0 0 0
0 4 9 1 8 11
0 195.4 0.0 0.0 485.9 0.0 0.0 0.0 342.4 5452.8 0.0 8889.5 0.0
0 3 12 5 7 6
0 0.0 0.0 4474.2 0.0 2501.7 3893.4 1963.3 0.0 0.0 0.0 0.0 2533.3
**********2022-05-23 22:46:42**********
97672.294 97690.846 0.019 551.512 688.526 
0 2 10
0 0 0.0 0 0 0 0 0 0 0 15366.0 0 0
0 4 9 1 8 11
0 195.4 0.0 0.0 485.9 0.0 0.0 0.0 342.4 5452.8 0.0 8889.5 0.0
0 3 12 5 7 6
0 0.0 0.0 4474.2 0.0 2501.7 3893.4 1963.3 0.0 0.0 0.0 0.0 2533.3
**********2022-05-23 22:46:45**********
97672.294 97690.846 0.019 551.512 691.691 
0 2 10
0 0 0.0 0 0 0 0 0 0 0 15366.0 0 0
0 4 9 1 8 11
0 195.4 0.0 0.0 485.9 0.0 0.0 0.0 342.4 5452.8 0.0 8889.5 0.0
0 3 12 5 7 6
0 0.0 0.0 4474.2 0.0 2501.7 3893.4 1963.3 0.0 0.0 0.0 0.0 2533.3
**********2022-05-23 22:46:48**********
97672.323 97690.846 0.019 551.512 695.144 
0 2 10
0 0 0.0 0 0 0 0 0 0 0 15366.0 0 0
0 4 9 1 8 11
0 195.4 0.0 0.0 485.9 0.0 0.0 0.0 342.4 5452.8 0.0 8889.5 0.0
0 3 12 5 7 6
0 0.0 0.0 4474.2 0.0 2501.7 3893.4 1963.3 0.0 0.0 0.0 0.0 2533.3
**********2022-05-23 22:46:52**********
97672.55 97690.846 0.019 551.512 699.257 
0 2 10
0 0 0.0 0 0 0 0 0 0 0 15366.0 0 0
0 4 9 1 8 11
0 195.4 0.0 0.0 485.9 0.0 0.0 0.0 342.4 5452.8 0.0 8889.5 0.0
0 3 12 5 7 6
0 0.0 0.0 4474.2 0.0 2501.7 3893.4 1963.3 0.0 0.0 0.0 0.0 2533.3
**********2022-05-23 22:46:58**********
97672.55 97690.846 0.019 551.512 704.861 
0 2 10
0 0 0.0 0 0 0 0 0 0 0 15366.0 0 0
0 4 9 1 8 11
0 195.4 0.0 0.0 485.9 0.0 0.0 0.0 342.4 5452.8 0.0 8889.5 0.0
0 3 12 5 7 6
0 0.0 0.0 4474.2 0.0 2501.7 3893.4 1963.3 0.0 0.0 0.0 0.0 2533.3
**********2022-05-23 22:47:05**********
97672.559 97690.846 0.019 551.512 712.365 
0 2 10
0 0 0.0 0 0 0 0 0 0 0 15366.0 0 0
0 4 9 1 8 11
0 195.4 0.0 0.0 485.9 0.0 0.0 0.0 342.4 5452.8 0.0 8889.5 0.0
0 3 12 5 7 6
0 0.0 0.0 4474.2 0.0 2501.7 3893.4 1963.3 0.0 0.0 0.0 0.0 2533.3
**********2022-05-23 22:47:10**********
97672.637 97690.846 0.019 551.512 716.458 
0 2 10
0 0 0.0 0 0 0 0 0 0 0 15366.0 0 0
0 4 9 1 8 11
0 195.4 0.0 0.0 485.9 0.0 0.0 0.0 342.4 5452.8 0.0 8889.5 0.0
0 3 12 5 7 6
0 0.0 0.0 4474.2 0.0 2501.7 3893.4 1963.3 0.0 0.0 0.0 0.0 2533.3
**********2022-05-23 22:47:15**********
97672.637 97690.846 0.019 551.512 721.41 
0 2 10
0 0 0.0 0 0 0 0 0 0 0 15366.0 0 0
0 4 9 1 8 11
0 195.4 0.0 0.0 485.9 0.0 0.0 0.0 342.4 5452.8 0.0 8889.5 0.0
0 3 12 5 7 6
0 0.0 0.0 4474.2 0.0 2501.7 3893.4 1963.3 0.0 0.0 0.0 0.0 2533.3
**********2022-05-23 22:47:20**********
97672.671 97690.846 0.019 551.512 727.09 
0 2 10
0 0 0.0 0 0 0 0 0 0 0 15366.0 0 0
0 4 9 1 8 11
0 195.4 0.0 0.0 485.9 0.0 0.0 0.0 342.4 5452.8 0.0 8889.5 0.0
0 3 12 5 7 6
0 0.0 0.0 4474.2 0.0 2501.7 3893.4 1963.3 0.0 0.0 0.0 0.0 2533.3
**********2022-05-23 22:47:24**********
97672.722 97690.846 0.019 551.512 730.76 
0 2 10
0 0 0.0 0 0 0 0 0 0 0 15366.0 0 0
0 4 9 1 8 11
0 195.4 0.0 0.0 485.9 0.0 0.0 0.0 342.4 5452.8 0.0 8889.5 0.0
0 3 12 5 7 6
0 0.0 0.0 4474.2 0.0 2501.7 3893.4 1963.3 0.0 0.0 0.0 0.0 2533.3
**********2022-05-23 22:47:29**********
97672.746 97690.846 0.019 551.512 735.476 
0 2 10
0 0 0.0 0 0 0 0 0 0 0 15366.0 0 0
0 4 9 1 8 11
0 195.4 0.0 0.0 485.9 0.0 0.0 0.0 342.4 5452.8 0.0 8889.5 0.0
0 3 12 5 7 6
0 0.0 0.0 4474.2 0.0 2501.7 3893.4 1963.3 0.0 0.0 0.0 0.0 2533.3
**********2022-05-23 22:47:32**********
97672.746 97690.846 0.019 551.512 739.382 
0 2 10
0 0 0.0 0 0 0 0 0 0 0 15366.0 0 0
0 4 9 1 8 11
0 195.4 0.0 0.0 485.9 0.0 0.0 0.0 342.4 5452.8 0.0 8889.5 0.0
0 3 12 5 7 6
0 0.0 0.0 4474.2 0.0 2501.7 3893.4 1963.3 0.0 0.0 0.0 0.0 2533.3
**********2022-05-23 22:47:36**********
97672.752 97690.846 0.019 551.512 742.68 
0 2 10
0 0 0.0 0 0 0 0 0 0 0 15366.0 0 0
0 4 9 1 8 11
0 195.4 0.0 0.0 485.9 0.0 0.0 0.0 342.4 5452.8 0.0 8889.5 0.0
0 3 12 5 7 6
0 0.0 0.0 4474.2 0.0 2501.7 3893.4 1963.3 0.0 0.0 0.0 0.0 2533.3
**********2022-05-23 22:47:39**********
97672.787 97690.846 0.018 551.512 745.818 
0 2 10
0 0 0.0 0 0 0 0 0 0 0 15366.0 0 0
0 4 9 1 8 11
0 195.4 0.0 0.0 485.9 0.0 0.0 0.0 342.4 5452.8 0.0 8889.5 0.0
0 3 12 5 7 6
0 0.0 0.0 4474.2 0.0 2501.7 3893.4 1963.3 0.0 0.0 0.0 0.0 2533.3
**********2022-05-23 22:47:43**********
97672.789 97690.846 0.018 551.512 750.064 
0 2 10
0 0 0.0 0 0 0 0 0 0 0 15366.0 0 0
0 4 9 1 8 11
0 195.4 0.0 0.0 485.9 0.0 0.0 0.0 342.4 5452.8 0.0 8889.5 0.0
0 3 12 5 7 6
0 0.0 0.0 4474.2 0.0 2501.7 3893.4 1963.3 0.0 0.0 0.0 0.0 2533.3
**********2022-05-23 22:47:47**********
97672.789 97690.846 0.018 551.512 753.521 
0 2 10
0 0 0.0 0 0 0 0 0 0 0 15366.0 0 0
0 4 9 1 8 11
0 195.4 0.0 0.0 485.9 0.0 0.0 0.0 342.4 5452.8 0.0 8889.5 0.0
0 3 12 5 7 6
0 0.0 0.0 4474.2 0.0 2501.7 3893.4 1963.3 0.0 0.0 0.0 0.0 2533.3
**********2022-05-23 22:47:50**********
97672.789 97690.846 0.018 551.512 756.726 
0 2 10
0 0 0.0 0 0 0 0 0 0 0 15366.0 0 0
0 4 9 1 8 11
0 195.4 0.0 0.0 485.9 0.0 0.0 0.0 342.4 5452.8 0.0 8889.5 0.0
0 3 12 5 7 6
0 0.0 0.0 4474.2 0.0 2501.7 3893.4 1963.3 0.0 0.0 0.0 0.0 2533.3
**********2022-05-23 22:47:53**********
97672.803 97690.846 0.018 551.512 759.827 
0 2 10
0 0 0.0 0 0 0 0 0 0 0 15366.0 0 0
0 4 9 1 8 11
0 195.4 0.0 0.0 485.9 0.0 0.0 0.0 342.4 5452.8 0.0 8889.5 0.0
0 3 12 5 7 6
0 0.0 0.0 4474.2 0.0 2501.7 3893.4 1963.3 0.0 0.0 0.0 0.0 2533.3
**********2022-05-23 22:47:59**********
97672.803 97690.846 0.018 551.512 765.515 
0 2 10
0 0 0.0 0 0 0 0 0 0 0 15366.0 0 0
0 4 9 1 8 11
0 195.4 0.0 0.0 485.9 0.0 0.0 0.0 342.4 5452.8 0.0 8889.5 0.0
0 3 12 5 7 6
0 0.0 0.0 4474.2 0.0 2501.7 3893.4 1963.3 0.0 0.0 0.0 0.0 2533.3
**********2022-05-23 22:48:03**********
97672.803 97690.846 0.018 551.512 770.088 
0 2 10
0 0 0.0 0 0 0 0 0 0 0 15366.0 0 0
0 4 9 1 8 11
0 195.4 0.0 0.0 485.9 0.0 0.0 0.0 342.4 5452.8 0.0 8889.5 0.0
0 3 12 5 7 6
0 0.0 0.0 4474.2 0.0 2501.7 3893.4 1963.3 0.0 0.0 0.0 0.0 2533.3
**********2022-05-23 22:48:08**********
97672.803 97690.846 0.018 551.512 774.853 
0 2 10
0 0 0.0 0 0 0 0 0 0 0 15366.0 0 0
0 4 9 1 8 11
0 195.4 0.0 0.0 485.9 0.0 0.0 0.0 342.4 5452.8 0.0 8889.5 0.0
0 3 12 5 7 6
0 0.0 0.0 4474.2 0.0 2501.7 3893.4 1963.3 0.0 0.0 0.0 0.0 2533.3
**********2022-05-23 22:48:13**********
97672.803 97690.846 0.018 551.512 779.571 
0 2 10
0 0 0.0 0 0 0 0 0 0 0 15366.0 0 0
0 4 9 1 8 11
0 195.4 0.0 0.0 485.9 0.0 0.0 0.0 342.4 5452.8 0.0 8889.5 0.0
0 3 12 5 7 6
0 0.0 0.0 4474.2 0.0 2501.7 3893.4 1963.3 0.0 0.0 0.0 0.0 2533.3
**********2022-05-23 22:48:17**********
97672.803 97690.846 0.018 551.512 784.269 
0 2 10
0 0 0.0 0 0 0 0 0 0 0 15366.0 0 0
0 4 9 1 8 11
0 195.4 0.0 0.0 485.9 0.0 0.0 0.0 342.4 5452.8 0.0 8889.5 0.0
0 3 12 5 7 6
0 0.0 0.0 4474.2 0.0 2501.7 3893.4 1963.3 0.0 0.0 0.0 0.0 2533.3
**********2022-05-23 22:48:21**********
97672.803 97690.846 0.018 551.512 788.091 
0 2 10
0 0 0.0 0 0 0 0 0 0 0 15366.0 0 0
0 4 9 1 8 11
0 195.4 0.0 0.0 485.9 0.0 0.0 0.0 342.4 5452.8 0.0 8889.5 0.0
0 3 12 5 7 6
0 0.0 0.0 4474.2 0.0 2501.7 3893.4 1963.3 0.0 0.0 0.0 0.0 2533.3
**********2022-05-23 22:48:26**********
97672.803 97690.846 0.018 551.512 792.647 
0 2 10
0 0 0.0 0 0 0 0 0 0 0 15366.0 0 0
0 4 9 1 8 11
0 195.4 0.0 0.0 485.9 0.0 0.0 0.0 342.4 5452.8 0.0 8889.5 0.0
0 3 12 5 7 6
0 0.0 0.0 4474.2 0.0 2501.7 3893.4 1963.3 0.0 0.0 0.0 0.0 2533.3
**********2022-05-23 22:48:31**********
97672.856 97690.846 0.018 551.512 797.753 
0 2 10
0 0 0.0 0 0 0 0 0 0 0 15366.0 0 0
0 4 9 1 8 11
0 195.4 0.0 0.0 485.9 0.0 0.0 0.0 342.4 5452.8 0.0 8889.5 0.0
0 3 12 5 7 6
0 0.0 0.0 4474.2 0.0 2501.7 3893.4 1963.3 0.0 0.0 0.0 0.0 2533.3
**********2022-05-23 22:48:35**********
97672.856 97690.846 0.018 551.512 801.508 
0 2 10
0 0 0.0 0 0 0 0 0 0 0 15366.0 0 0
0 4 9 1 8 11
0 195.4 0.0 0.0 485.9 0.0 0.0 0.0 342.4 5452.8 0.0 8889.5 0.0
0 3 12 5 7 6
0 0.0 0.0 4474.2 0.0 2501.7 3893.4 1963.3 0.0 0.0 0.0 0.0 2533.3
**********2022-05-23 22:48:38**********
97672.856 97690.846 0.018 551.512 805.064 
0 2 10
0 0 0.0 0 0 0 0 0 0 0 15366.0 0 0
0 4 9 1 8 11
0 195.4 0.0 0.0 485.9 0.0 0.0 0.0 342.4 5452.8 0.0 8889.5 0.0
0 3 12 5 7 6
0 0.0 0.0 4474.2 0.0 2501.7 3893.4 1963.3 0.0 0.0 0.0 0.0 2533.3
**********2022-05-23 22:48:42**********
97672.856 97690.846 0.018 551.512 808.966 
0 2 10
0 0 0.0 0 0 0 0 0 0 0 15366.0 0 0
0 4 9 1 8 11
0 195.4 0.0 0.0 485.9 0.0 0.0 0.0 342.4 5452.8 0.0 8889.5 0.0
0 3 12 5 7 6
0 0.0 0.0 4474.2 0.0 2501.7 3893.4 1963.3 0.0 0.0 0.0 0.0 2533.3
**********2022-05-23 22:48:43**********
97672.856 97690.846 0.018 551.512 810.209 
0 2 10
0 0 0.0 0 0 0 0 0 0 0 15366.0 0 0
0 4 9 1 8 11
0 195.4 0.0 0.0 485.9 0.0 0.0 0.0 342.4 5452.8 0.0 8889.5 0.0
0 3 12 5 7 6
0 0.0 0.0 4474.2 0.0 2501.7 3893.4 1963.3 0.0 0.0 0.0 0.0 2533.3
**********2022-05-23 22:48:47**********
97672.891 97690.846 0.018 551.512 814.178 
0 2 10
0 0 0.0 0 0 0 0 0 0 0 15366.0 0 0
0 4 9 1 8 11
0 195.4 0.0 0.0 485.9 0.0 0.0 0.0 342.4 5452.8 0.0 8889.5 0.0
0 3 12 5 7 6
0 0.0 0.0 4474.2 0.0 2501.7 3893.4 1963.3 0.0 0.0 0.0 0.0 2533.3
**********2022-05-23 22:48:49**********
97672.891 97690.846 0.018 551.512 815.455 
0 2 10
0 0 0.0 0 0 0 0 0 0 0 15366.0 0 0
0 4 9 1 8 11
0 195.4 0.0 0.0 485.9 0.0 0.0 0.0 342.4 5452.8 0.0 8889.5 0.0
0 3 12 5 7 6
0 0.0 0.0 4474.2 0.0 2501.7 3893.4 1963.3 0.0 0.0 0.0 0.0 2533.3
**********2022-05-23 22:48:53**********
97672.891 97690.846 0.018 551.512 819.546 
0 2 10
0 0 0.0 0 0 0 0 0 0 0 15366.0 0 0
0 4 9 1 8 11
0 195.4 0.0 0.0 485.9 0.0 0.0 0.0 342.4 5452.8 0.0 8889.5 0.0
0 3 12 5 7 6
0 0.0 0.0 4474.2 0.0 2501.7 3893.4 1963.3 0.0 0.0 0.0 0.0 2533.3
**********2022-05-23 22:48:57**********
97672.891 97690.846 0.018 551.512 823.423 
0 2 10
0 0 0.0 0 0 0 0 0 0 0 15366.0 0 0
0 4 9 1 8 11
0 195.4 0.0 0.0 485.9 0.0 0.0 0.0 342.4 5452.8 0.0 8889.5 0.0
0 3 12 5 7 6
0 0.0 0.0 4474.2 0.0 2501.7 3893.4 1963.3 0.0 0.0 0.0 0.0 2533.3
**********2022-05-23 22:49:01**********
97672.891 97690.846 0.018 551.512 827.943 
0 2 10
0 0 0.0 0 0 0 0 0 0 0 15366.0 0 0
0 4 9 1 8 11
0 195.4 0.0 0.0 485.9 0.0 0.0 0.0 342.4 5452.8 0.0 8889.5 0.0
0 3 12 5 7 6
0 0.0 0.0 4474.2 0.0 2501.7 3893.4 1963.3 0.0 0.0 0.0 0.0 2533.3
**********2022-05-23 22:49:05**********
97672.943 97690.846 0.018 551.512 832.047 
0 2 10
0 0 0.0 0 0 0 0 0 0 0 15366.0 0 0
0 4 9 1 8 11
0 195.4 0.0 0.0 485.9 0.0 0.0 0.0 342.4 5452.8 0.0 8889.5 0.0
0 3 12 5 7 6
0 0.0 0.0 4474.2 0.0 2501.7 3893.4 1963.3 0.0 0.0 0.0 0.0 2533.3
**********2022-05-23 22:49:12**********
97672.943 97690.846 0.018 551.512 838.948 
0 2 10
0 0 0.0 0 0 0 0 0 0 0 15366.0 0 0
0 4 9 1 8 11
0 195.4 0.0 0.0 485.9 0.0 0.0 0.0 342.4 5452.8 0.0 8889.5 0.0
0 3 12 5 7 6
0 0.0 0.0 4474.2 0.0 2501.7 3893.4 1963.3 0.0 0.0 0.0 0.0 2533.3
**********2022-05-23 22:49:16**********
97673.001 97690.846 0.018 551.512 843.235 
0 2 10
0 0 0.0 0 0 0 0 0 0 0 15366.0 0 0
0 4 9 1 8 11
0 195.4 0.0 0.0 485.9 0.0 0.0 0.0 342.4 5452.8 0.0 8889.5 0.0
0 3 12 5 7 6
0 0.0 0.0 4474.2 0.0 2501.7 3893.4 1963.3 0.0 0.0 0.0 0.0 2533.3
**********2022-05-23 22:49:22**********
97673.001 97690.846 0.018 551.512 848.752 
0 2 10
0 0 0.0 0 0 0 0 0 0 0 15366.0 0 0
0 4 9 1 8 11
0 195.4 0.0 0.0 485.9 0.0 0.0 0.0 342.4 5452.8 0.0 8889.5 0.0
0 3 12 5 7 6
0 0.0 0.0 4474.2 0.0 2501.7 3893.4 1963.3 0.0 0.0 0.0 0.0 2533.3
**********2022-05-23 22:49:26**********
97673.001 97690.846 0.018 551.512 852.905 
0 2 10
0 0 0.0 0 0 0 0 0 0 0 15366.0 0 0
0 4 9 1 8 11
0 195.4 0.0 0.0 485.9 0.0 0.0 0.0 342.4 5452.8 0.0 8889.5 0.0
0 3 12 5 7 6
0 0.0 0.0 4474.2 0.0 2501.7 3893.4 1963.3 0.0 0.0 0.0 0.0 2533.3
**********2022-05-23 22:49:31**********
97673.008 97690.846 0.018 551.512 857.811 
0 2 10
0 0 0.0 0 0 0 0 0 0 0 15366.0 0 0
0 4 9 1 8 11
0 195.4 0.0 0.0 485.9 0.0 0.0 0.0 342.4 5452.8 0.0 8889.5 0.0
0 3 12 5 7 6
0 0.0 0.0 4474.2 0.0 2501.7 3893.4 1963.3 0.0 0.0 0.0 0.0 2533.3
**********2022-05-23 22:49:36**********
97673.008 97690.846 0.018 551.512 862.426 
0 2 10
0 0 0.0 0 0 0 0 0 0 0 15366.0 0 0
0 4 9 1 8 11
0 195.4 0.0 0.0 485.9 0.0 0.0 0.0 342.4 5452.8 0.0 8889.5 0.0
0 3 12 5 7 6
0 0.0 0.0 4474.2 0.0 2501.7 3893.4 1963.3 0.0 0.0 0.0 0.0 2533.3
**********2022-05-23 22:49:40**********
97673.008 97690.846 0.018 551.512 867.396 
0 2 10
0 0 0.0 0 0 0 0 0 0 0 15366.0 0 0
0 4 9 1 8 11
0 195.4 0.0 0.0 485.9 0.0 0.0 0.0 342.4 5452.8 0.0 8889.5 0.0
0 3 12 5 7 6
0 0.0 0.0 4474.2 0.0 2501.7 3893.4 1963.3 0.0 0.0 0.0 0.0 2533.3
**********2022-05-23 22:49:45**********
97673.157 97690.846 0.018 551.512 871.544 
0 2 10
0 0 0.0 0 0 0 0 0 0 0 15366.0 0 0
0 4 9 1 8 11
0 195.4 0.0 0.0 485.9 0.0 0.0 0.0 342.4 5452.8 0.0 8889.5 0.0
0 3 12 5 7 6
0 0.0 0.0 4474.2 0.0 2501.7 3893.4 1963.3 0.0 0.0 0.0 0.0 2533.3
**********2022-05-23 22:49:48**********
97673.157 97690.846 0.018 551.512 875.041 
0 2 10
0 0 0.0 0 0 0 0 0 0 0 15366.0 0 0
0 4 9 1 8 11
0 195.4 0.0 0.0 485.9 0.0 0.0 0.0 342.4 5452.8 0.0 8889.5 0.0
0 3 12 5 7 6
0 0.0 0.0 4474.2 0.0 2501.7 3893.4 1963.3 0.0 0.0 0.0 0.0 2533.3
**********2022-05-23 22:49:51**********
97673.157 97690.846 0.018 551.512 877.984 
0 2 10
0 0 0.0 0 0 0 0 0 0 0 15366.0 0 0
0 4 9 1 8 11
0 195.4 0.0 0.0 485.9 0.0 0.0 0.0 342.4 5452.8 0.0 8889.5 0.0
0 3 12 5 7 6
0 0.0 0.0 4474.2 0.0 2501.7 3893.4 1963.3 0.0 0.0 0.0 0.0 2533.3
**********2022-05-23 22:49:54**********
97673.157 97690.846 0.018 551.512 881.386 
0 2 10
0 0 0.0 0 0 0 0 0 0 0 15366.0 0 0
0 4 9 1 8 11
0 195.4 0.0 0.0 485.9 0.0 0.0 0.0 342.4 5452.8 0.0 8889.5 0.0
0 3 12 5 7 6
0 0.0 0.0 4474.2 0.0 2501.7 3893.4 1963.3 0.0 0.0 0.0 0.0 2533.3
**********2022-05-23 22:49:57**********
97673.176 97690.846 0.018 551.512 883.812 
0 2 10
0 0 0.0 0 0 0 0 0 0 0 15366.0 0 0
0 4 9 1 8 11
0 195.4 0.0 0.0 485.9 0.0 0.0 0.0 342.4 5452.8 0.0 8889.5 0.0
0 3 12 5 7 6
0 0.0 0.0 4474.2 0.0 2501.7 3893.4 1963.3 0.0 0.0 0.0 0.0 2533.3
**********2022-05-23 22:50:01**********
97673.176 97690.846 0.018 551.512 887.46 
0 2 10
0 0 0.0 0 0 0 0 0 0 0 15366.0 0 0
0 4 9 1 8 11
0 195.4 0.0 0.0 485.9 0.0 0.0 0.0 342.4 5452.8 0.0 8889.5 0.0
0 3 12 5 7 6
0 0.0 0.0 4474.2 0.0 2501.7 3893.4 1963.3 0.0 0.0 0.0 0.0 2533.3
**********2022-05-23 22:50:04**********
97673.176 97690.846 0.018 551.512 891.035 
0 2 10
0 0 0.0 0 0 0 0 0 0 0 15366.0 0 0
0 4 9 1 8 11
0 195.4 0.0 0.0 485.9 0.0 0.0 0.0 342.4 5452.8 0.0 8889.5 0.0
0 3 12 5 7 6
0 0.0 0.0 4474.2 0.0 2501.7 3893.4 1963.3 0.0 0.0 0.0 0.0 2533.3
**********2022-05-23 22:50:08**********
97673.176 97690.846 0.018 551.512 894.952 
0 2 10
0 0 0.0 0 0 0 0 0 0 0 15366.0 0 0
0 4 9 1 8 11
0 195.4 0.0 0.0 485.9 0.0 0.0 0.0 342.4 5452.8 0.0 8889.5 0.0
0 3 12 5 7 6
0 0.0 0.0 4474.2 0.0 2501.7 3893.4 1963.3 0.0 0.0 0.0 0.0 2533.3
**********2022-05-23 22:50:12**********
97673.181 97690.846 0.018 551.512 898.8 
0 2 10
0 0 0.0 0 0 0 0 0 0 0 15366.0 0 0
0 4 9 1 8 11
0 195.4 0.0 0.0 485.9 0.0 0.0 0.0 342.4 5452.8 0.0 8889.5 0.0
0 3 12 5 7 6
0 0.0 0.0 4474.2 0.0 2501.7 3893.4 1963.3 0.0 0.0 0.0 0.0 2533.3
**********2022-05-23 22:50:20**********
97673.185 97690.846 0.018 551.512 906.443 
0 2 10
0 0 0.0 0 0 0 0 0 0 0 15366.0 0 0
0 4 9 1 8 11
0 195.4 0.0 0.0 485.9 0.0 0.0 0.0 342.4 5452.8 0.0 8889.5 0.0
0 3 12 5 7 6
0 0.0 0.0 4474.2 0.0 2501.7 3893.4 1963.3 0.0 0.0 0.0 0.0 2533.3
**********2022-05-23 22:50:24**********
97673.205 97690.846 0.018 551.512 911.405 
0 2 10
0 0 0.0 0 0 0 0 0 0 0 15366.0 0 0
0 4 9 1 8 11
0 195.4 0.0 0.0 485.9 0.0 0.0 0.0 342.4 5452.8 0.0 8889.5 0.0
0 3 12 5 7 6
0 0.0 0.0 4474.2 0.0 2501.7 3893.4 1963.3 0.0 0.0 0.0 0.0 2533.3
**********2022-05-23 22:50:29**********
97673.205 97690.846 0.018 551.512 916.017 
0 2 10
0 0 0.0 0 0 0 0 0 0 0 15366.0 0 0
0 4 9 1 8 11
0 195.4 0.0 0.0 485.9 0.0 0.0 0.0 342.4 5452.8 0.0 8889.5 0.0
0 3 12 5 7 6
0 0.0 0.0 4474.2 0.0 2501.7 3893.4 1963.3 0.0 0.0 0.0 0.0 2533.3
**********2022-05-23 22:50:34**********
97673.265 97690.846 0.018 551.512 920.576 
0 2 10
0 0 0.0 0 0 0 0 0 0 0 15366.0 0 0
0 4 9 1 8 11
0 195.4 0.0 0.0 485.9 0.0 0.0 0.0 342.4 5452.8 0.0 8889.5 0.0
0 3 12 5 7 6
0 0.0 0.0 4474.2 0.0 2501.7 3893.4 1963.3 0.0 0.0 0.0 0.0 2533.3
**********2022-05-23 22:50:37**********
97673.274 97690.846 0.018 551.512 924.334 
0 2 10
0 0 0.0 0 0 0 0 0 0 0 15366.0 0 0
0 4 9 1 8 11
0 195.4 0.0 0.0 485.9 0.0 0.0 0.0 342.4 5452.8 0.0 8889.5 0.0
0 3 12 5 7 6
0 0.0 0.0 4474.2 0.0 2501.7 3893.4 1963.3 0.0 0.0 0.0 0.0 2533.3
**********2022-05-23 22:50:42**********
97673.278 97690.846 0.018 551.512 929.056 
0 2 10
0 0 0.0 0 0 0 0 0 0 0 15366.0 0 0
0 4 9 1 8 11
0 195.4 0.0 0.0 485.9 0.0 0.0 0.0 342.4 5452.8 0.0 8889.5 0.0
0 3 12 5 7 6
0 0.0 0.0 4474.2 0.0 2501.7 3893.4 1963.3 0.0 0.0 0.0 0.0 2533.3
**********2022-05-23 22:50:50**********
97672.879 97690.846 0.018 551.512 937.181 
0 2 10
0 0 0.0 0 0 0 0 0 0 0 15366.0 0 0
0 4 9 1 8 11
0 195.4 0.0 0.0 485.9 0.0 0.0 0.0 342.4 5452.8 0.0 8889.5 0.0
0 3 12 5 7 6
0 0.0 0.0 4474.2 0.0 2501.7 3893.4 1963.3 0.0 0.0 0.0 0.0 2533.3
**********2022-05-23 22:50:56**********
97672.879 97690.846 0.018 551.512 942.89 
0 2 10
0 0 0.0 0 0 0 0 0 0 0 15366.0 0 0
0 4 9 1 8 11
0 195.4 0.0 0.0 485.9 0.0 0.0 0.0 342.4 5452.8 0.0 8889.5 0.0
0 3 12 5 7 6
0 0.0 0.0 4474.2 0.0 2501.7 3893.4 1963.3 0.0 0.0 0.0 0.0 2533.3
**********2022-05-23 22:51:03**********
97672.879 97690.846 0.018 551.512 950.147 
0 2 10
0 0 0.0 0 0 0 0 0 0 0 15366.0 0 0
0 4 9 1 8 11
0 195.4 0.0 0.0 485.9 0.0 0.0 0.0 342.4 5452.8 0.0 8889.5 0.0
0 3 12 5 7 6
0 0.0 0.0 4474.2 0.0 2501.7 3893.4 1963.3 0.0 0.0 0.0 0.0 2533.3
**********2022-05-23 22:51:09**********
97673.292 97690.846 0.018 551.512 955.613 
0 2 10
0 0 0.0 0 0 0 0 0 0 0 15366.0 0 0
0 4 9 1 8 11
0 195.4 0.0 0.0 485.9 0.0 0.0 0.0 342.4 5452.8 0.0 8889.5 0.0
0 3 12 5 7 6
0 0.0 0.0 4474.2 0.0 2501.7 3893.4 1963.3 0.0 0.0 0.0 0.0 2533.3
**********2022-05-23 22:51:12**********
97673.313 97690.846 0.018 551.512 959.267 
0 2 10
0 0 0.0 0 0 0 0 0 0 0 15366.0 0 0
0 4 9 1 8 11
0 195.4 0.0 0.0 485.9 0.0 0.0 0.0 342.4 5452.8 0.0 8889.5 0.0
0 3 12 5 7 6
0 0.0 0.0 4474.2 0.0 2501.7 3893.4 1963.3 0.0 0.0 0.0 0.0 2533.3
**********2022-05-23 22:51:18**********
97673.337 97690.846 0.018 551.512 965.102 
0 2 10
0 0 0.0 0 0 0 0 0 0 0 15366.0 0 0
0 4 9 1 8 11
0 195.4 0.0 0.0 485.9 0.0 0.0 0.0 342.4 5452.8 0.0 8889.5 0.0
0 3 12 5 7 6
0 0.0 0.0 4474.2 0.0 2501.7 3893.4 1963.3 0.0 0.0 0.0 0.0 2533.3
**********2022-05-23 22:51:22**********
97673.332 97690.846 0.018 551.512 969.194 
0 2 10
0 0 0.0 0 0 0 0 0 0 0 15366.0 0 0
0 4 9 1 8 11
0 195.4 0.0 0.0 485.9 0.0 0.0 0.0 342.4 5452.8 0.0 8889.5 0.0
0 3 12 5 7 6
0 0.0 0.0 4474.2 0.0 2501.7 3893.4 1963.3 0.0 0.0 0.0 0.0 2533.3
**********2022-05-23 22:51:27**********
97673.341 97690.846 0.018 551.512 973.463 
0 2 10
0 0 0.0 0 0 0 0 0 0 0 15366.0 0 0
0 4 9 1 8 11
0 195.4 0.0 0.0 485.9 0.0 0.0 0.0 342.4 5452.8 0.0 8889.5 0.0
0 3 12 5 7 6
0 0.0 0.0 4474.2 0.0 2501.7 3893.4 1963.3 0.0 0.0 0.0 0.0 2533.3
**********2022-05-23 22:51:30**********
97673.37 97690.846 0.018 551.512 976.681 
0 2 10
0 0 0.0 0 0 0 0 0 0 0 15366.0 0 0
0 4 9 1 8 11
0 195.4 0.0 0.0 485.9 0.0 0.0 0.0 342.4 5452.8 0.0 8889.5 0.0
0 3 12 5 7 6
0 0.0 0.0 4474.2 0.0 2501.7 3893.4 1963.3 0.0 0.0 0.0 0.0 2533.3
**********2022-05-23 22:51:33**********
97673.37 97690.846 0.018 551.512 980.049 
0 2 10
0 0 0.0 0 0 0 0 0 0 0 15366.0 0 0
0 4 9 1 8 11
0 195.4 0.0 0.0 485.9 0.0 0.0 0.0 342.4 5452.8 0.0 8889.5 0.0
0 3 12 5 7 6
0 0.0 0.0 4474.2 0.0 2501.7 3893.4 1963.3 0.0 0.0 0.0 0.0 2533.3
**********2022-05-23 22:51:37**********
97673.37 97690.846 0.018 551.512 984.109 
0 2 10
0 0 0.0 0 0 0 0 0 0 0 15366.0 0 0
0 4 9 1 8 11
0 195.4 0.0 0.0 485.9 0.0 0.0 0.0 342.4 5452.8 0.0 8889.5 0.0
0 3 12 5 7 6
0 0.0 0.0 4474.2 0.0 2501.7 3893.4 1963.3 0.0 0.0 0.0 0.0 2533.3
**********2022-05-23 22:51:41**********
97673.401 97690.846 0.018 551.512 987.93 
0 2 10
0 0 0.0 0 0 0 0 0 0 0 15366.0 0 0
0 4 9 1 8 11
0 195.4 0.0 0.0 485.9 0.0 0.0 0.0 342.4 5452.8 0.0 8889.5 0.0
0 3 12 5 7 6
0 0.0 0.0 4474.2 0.0 2501.7 3893.4 1963.3 0.0 0.0 0.0 0.0 2533.3
**********2022-05-23 22:51:42**********
97673.401 97690.846 0.018 551.512 989.322 
0 2 10
0 0 0.0 0 0 0 0 0 0 0 15366.0 0 0
0 4 9 1 8 11
0 195.4 0.0 0.0 485.9 0.0 0.0 0.0 342.4 5452.8 0.0 8889.5 0.0
0 3 12 5 7 6
0 0.0 0.0 4474.2 0.0 2501.7 3893.4 1963.3 0.0 0.0 0.0 0.0 2533.3
**********2022-05-23 22:51:46**********
97673.401 97690.846 0.018 551.512 992.475 
0 2 10
0 0 0.0 0 0 0 0 0 0 0 15366.0 0 0
0 4 9 1 8 11
0 195.4 0.0 0.0 485.9 0.0 0.0 0.0 342.4 5452.8 0.0 8889.5 0.0
0 3 12 5 7 6
0 0.0 0.0 4474.2 0.0 2501.7 3893.4 1963.3 0.0 0.0 0.0 0.0 2533.3
**********2022-05-23 22:51:47**********
97673.401 97690.846 0.018 551.512 993.654 
0 2 10
0 0 0.0 0 0 0 0 0 0 0 15366.0 0 0
0 4 9 1 8 11
0 195.4 0.0 0.0 485.9 0.0 0.0 0.0 342.4 5452.8 0.0 8889.5 0.0
0 3 12 5 7 6
0 0.0 0.0 4474.2 0.0 2501.7 3893.4 1963.3 0.0 0.0 0.0 0.0 2533.3
**********2022-05-23 22:51:51**********
97673.404 97690.846 0.018 551.512 997.631 
0 2 10
0 0 0.0 0 0 0 0 0 0 0 15366.0 0 0
0 4 9 1 8 11
0 195.4 0.0 0.0 485.9 0.0 0.0 0.0 342.4 5452.8 0.0 8889.5 0.0
0 3 12 5 7 6
0 0.0 0.0 4474.2 0.0 2501.7 3893.4 1963.3 0.0 0.0 0.0 0.0 2533.3
**********2022-05-23 22:51:54**********
97673.404 97690.846 0.018 551.512 1001.384 
0 2 10
0 0 0.0 0 0 0 0 0 0 0 15366.0 0 0
0 4 9 1 8 11
0 195.4 0.0 0.0 485.9 0.0 0.0 0.0 342.4 5452.8 0.0 8889.5 0.0
0 3 12 5 7 6
0 0.0 0.0 4474.2 0.0 2501.7 3893.4 1963.3 0.0 0.0 0.0 0.0 2533.3
**********2022-05-23 22:51:59**********
97673.428 97690.846 0.018 551.512 1005.819 
0 2 10
0 0 0.0 0 0 0 0 0 0 0 15366.0 0 0
0 4 9 1 8 11
0 195.4 0.0 0.0 485.9 0.0 0.0 0.0 342.4 5452.8 0.0 8889.5 0.0
0 3 12 5 7 6
0 0.0 0.0 4474.2 0.0 2501.7 3893.4 1963.3 0.0 0.0 0.0 0.0 2533.3
