**********2022-05-25 00:10:26**********
53883.441 53954.019 0.131 13.603 13.603 
0 8 11
0 0 0 0 0 0 0 0 0.3 0 0 2811.7 0
0 7 3 10 9
0 0 0 702.8 0 0 0 151.1 0 497.1 1461.0 0 0
0 4 12 5 1 6 2
0 160.2 1526.0 0.0 53.8 57.0 171.5 0.0 0.0 0.0 0.0 0.0 843.6
**********2022-05-25 00:10:34**********
53883.479 53954.019 0.131 13.603 21.501 
0 8 11
0 0 0 0 0 0 0 0 0.3 0 0 2811.7 0
0 7 3 10 9
0 0 0 702.8 0 0 0 151.1 0 497.1 1461.0 0 0
0 4 12 5 1 6 2
0 160.2 1526.0 0.0 53.8 57.0 171.5 0.0 0.0 0.0 0.0 0.0 843.6
**********2022-05-25 00:10:40**********
53883.984 53954.019 0.13 13.603 27.307 
0 8 11
0 0 0 0 0 0 0 0 0.3 0 0 2811.7 0
0 7 3 10 9
0 0 0 702.8 0 0 0 151.1 0 497.1 1461.0 0 0
0 4 12 5 1 6 2
0 160.2 1526.0 0.0 53.8 57.0 171.5 0.0 0.0 0.0 0.0 0.0 843.6
**********2022-05-25 00:10:47**********
53883.984 53954.019 0.13 13.603 34.298 
0 8 11
0 0 0 0 0 0 0 0 0.3 0 0 2811.7 0
0 7 3 10 9
0 0 0 702.8 0 0 0 151.1 0 497.1 1461.0 0 0
0 4 12 5 1 6 2
0 160.2 1526.0 0.0 53.8 57.0 171.5 0.0 0.0 0.0 0.0 0.0 843.6
**********2022-05-25 00:10:52**********
53884.097 53950.583 0.123 39.175 39.175 
0 8 11
0 0.0 0.0 0.0 0.0 0.0 0.0 0.0 0.3 0.0 0.0 2811.7 0.0
0 3 10 1 5 7 6
0 163.5 0.0 733.3 0.0 58.1 175.1 157.6 0.0 0.0 1524.3 0.0 0.0
0 9 2 12 4
0 0 1463.8 0 51.6 0 0 0 0 487.4 0 0 809.2
**********2022-05-25 00:11:00**********
53884.097 53950.583 0.123 39.175 47.371 
0 8 11
0 0.0 0.0 0.0 0.0 0.0 0.0 0.0 0.3 0.0 0.0 2811.7 0.0
0 3 10 1 5 7 6
0 163.5 0.0 733.3 0.0 58.1 175.1 157.6 0.0 0.0 1524.3 0.0 0.0
0 9 2 12 4
0 0 1463.8 0 51.6 0 0 0 0 487.4 0 0 809.2
**********2022-05-25 00:11:07**********
53884.103 53950.583 0.123 39.175 54.103 
0 8 11
0 0.0 0.0 0.0 0.0 0.0 0.0 0.0 0.3 0.0 0.0 2811.7 0.0
0 3 10 1 5 7 6
0 163.5 0.0 733.3 0.0 58.1 175.1 157.6 0.0 0.0 1524.3 0.0 0.0
0 9 2 12 4
0 0 1463.8 0 51.6 0 0 0 0 487.4 0 0 809.2
**********2022-05-25 00:11:14**********
53884.283 53950.583 0.123 39.175 61.359 
0 8 11
0 0.0 0.0 0.0 0.0 0.0 0.0 0.0 0.3 0.0 0.0 2811.7 0.0
0 3 10 1 5 7 6
0 163.5 0.0 733.3 0.0 58.1 175.1 157.6 0.0 0.0 1524.3 0.0 0.0
0 9 2 12 4
0 0 1463.8 0 51.6 0 0 0 0 487.4 0 0 809.2
**********2022-05-25 00:11:21**********
53884.283 53937.083 0.098 68.421 68.421 
0 8 11
0 0 0 0 0 0 0 0 0.3 0 0 2811.7 0
0 4 12 5 7 6 2
0 0.0 1529.1 0.0 53.9 57.1 171.8 154.7 0.0 0.0 0.0 0.0 845.4
0 9 1 3 10
0 156.4 0 701.4 0 0 0 0 0 496.1 1458.1 0 0
**********2022-05-25 00:11:28**********
53884.283 53937.083 0.098 68.421 74.897 
0 8 11
0 0 0 0 0 0 0 0 0.3 0 0 2811.7 0
0 4 12 5 7 6 2
0 0.0 1529.1 0.0 53.9 57.1 171.8 154.7 0.0 0.0 0.0 0.0 845.4
0 9 1 3 10
0 156.4 0 701.4 0 0 0 0 0 496.1 1458.1 0 0
**********2022-05-25 00:11:34**********
53884.316 53937.083 0.098 68.421 80.997 
0 8 11
0 0 0 0 0 0 0 0 0.3 0 0 2811.7 0
0 4 12 5 7 6 2
0 0.0 1529.1 0.0 53.9 57.1 171.8 154.7 0.0 0.0 0.0 0.0 845.4
0 9 1 3 10
0 156.4 0 701.4 0 0 0 0 0 496.1 1458.1 0 0
**********2022-05-25 00:11:39**********
53884.351 53937.083 0.098 68.421 86.203 
0 8 11
0 0 0 0 0 0 0 0 0.3 0 0 2811.7 0
0 4 12 5 7 6 2
0 0.0 1529.1 0.0 53.9 57.1 171.8 154.7 0.0 0.0 0.0 0.0 845.4
0 9 1 3 10
0 156.4 0 701.4 0 0 0 0 0 496.1 1458.1 0 0
**********2022-05-25 00:11:44**********
53884.37 53937.083 0.098 68.421 91.092 
0 8 11
0 0 0 0 0 0 0 0 0.3 0 0 2811.7 0
0 4 12 5 7 6 2
0 0.0 1529.1 0.0 53.9 57.1 171.8 154.7 0.0 0.0 0.0 0.0 845.4
0 9 1 3 10
0 156.4 0 701.4 0 0 0 0 0 496.1 1458.1 0 0
**********2022-05-25 00:11:50**********
53884.37 53937.083 0.098 68.421 97.75 
0 8 11
0 0 0 0 0 0 0 0 0.3 0 0 2811.7 0
0 4 12 5 7 6 2
0 0.0 1529.1 0.0 53.9 57.1 171.8 154.7 0.0 0.0 0.0 0.0 845.4
0 9 1 3 10
0 156.4 0 701.4 0 0 0 0 0 496.1 1458.1 0 0
**********2022-05-25 00:11:57**********
53884.442 53924.206 0.074 104.214 104.214 
0 8 11
0 0 0 0 0 0 0 0 0.3 0 0 2811.7 0
0 4 10 3 9
0 0 0 728.4 54.5 0 0 0 0 515.1 1514.0 0 0
0 1 5 7 6 12 2
0 154.7 1473.2 0.0 0.0 55.0 165.6 149.1 0.0 0.0 0.0 0.0 814.5
**********2022-05-25 00:12:03**********
53884.488 53924.206 0.074 104.214 110.03 
0 8 11
0 0 0 0 0 0 0 0 0.3 0 0 2811.7 0
0 4 10 3 9
0 0 0 728.4 54.5 0 0 0 0 515.1 1514.0 0 0
0 1 5 7 6 12 2
0 154.7 1473.2 0.0 0.0 55.0 165.6 149.1 0.0 0.0 0.0 0.0 814.5
**********2022-05-25 00:12:10**********
53884.488 53924.206 0.074 104.214 117.689 
0 8 11
0 0 0 0 0 0 0 0 0.3 0 0 2811.7 0
0 4 10 3 9
0 0 0 728.4 54.5 0 0 0 0 515.1 1514.0 0 0
0 1 5 7 6 12 2
0 154.7 1473.2 0.0 0.0 55.0 165.6 149.1 0.0 0.0 0.0 0.0 814.5
**********2022-05-25 00:12:20**********
53884.736 53924.206 0.073 104.214 127.304 
0 8 11
0 0 0 0 0 0 0 0 0.3 0 0 2811.7 0
0 4 10 3 9
0 0 0 728.4 54.5 0 0 0 0 515.1 1514.0 0 0
0 1 5 7 6 12 2
0 154.7 1473.2 0.0 0.0 55.0 165.6 149.1 0.0 0.0 0.0 0.0 814.5
**********2022-05-25 00:12:28**********
53884.736 53918.255 0.062 135.255 135.255 
0 4 12 5 7 6 2
0 0.0 1529.1 0.0 53.9 57.1 171.8 154.7 0.0 0.0 0.0 0.0 845.4
0 11
0 0.0 0.0 0.0 0.0 0.0 0.0 0.0 0.0 0.0 0.0 2812.0 0.0
0 3 8 1 9 10
0 156.4 0.0 701.3 0.0 0.0 0.0 0.0 0.6 496.0 1457.7 0.0 0.0
**********2022-05-25 00:12:34**********
53884.736 53918.255 0.062 135.255 140.786 
0 4 12 5 7 6 2
0 0.0 1529.1 0.0 53.9 57.1 171.8 154.7 0.0 0.0 0.0 0.0 845.4
0 11
0 0.0 0.0 0.0 0.0 0.0 0.0 0.0 0.0 0.0 0.0 2812.0 0.0
0 3 8 1 9 10
0 156.4 0.0 701.3 0.0 0.0 0.0 0.0 0.6 496.0 1457.7 0.0 0.0
**********2022-05-25 00:12:40**********
53884.736 53917.269 0.06 147.165 147.165 
0 8 11
0 0 0 0 0 0 0 0 0.3 0 0 2811.7 0
0 3 9 1 10
0 156.4 0.0 701.4 0.0 0.0 0.0 0.0 0.0 496.1 1458.1 0.0 0.0
0 4 12 5 2 6 7
0 0.0 1529.1 0.0 53.9 57.1 171.8 154.7 0.0 0.0 0.0 0.0 845.4
**********2022-05-25 00:12:46**********
53884.736 53917.269 0.06 147.165 153.246 
0 8 11
0 0 0 0 0 0 0 0 0.3 0 0 2811.7 0
0 3 9 1 10
0 156.4 0.0 701.4 0.0 0.0 0.0 0.0 0.0 496.1 1458.1 0.0 0.0
0 4 12 5 2 6 7
0 0.0 1529.1 0.0 53.9 57.1 171.8 154.7 0.0 0.0 0.0 0.0 845.4
**********2022-05-25 00:12:53**********
53884.736 53917.269 0.06 147.165 160.452 
0 8 11
0 0 0 0 0 0 0 0 0.3 0 0 2811.7 0
0 3 9 1 10
0 156.4 0.0 701.4 0.0 0.0 0.0 0.0 0.0 496.1 1458.1 0.0 0.0
0 4 12 5 2 6 7
0 0.0 1529.1 0.0 53.9 57.1 171.8 154.7 0.0 0.0 0.0 0.0 845.4
**********2022-05-25 00:12:59**********
53884.736 53917.269 0.06 147.165 166.076 
0 8 11
0 0 0 0 0 0 0 0 0.3 0 0 2811.7 0
0 3 9 1 10
0 156.4 0.0 701.4 0.0 0.0 0.0 0.0 0.0 496.1 1458.1 0.0 0.0
0 4 12 5 2 6 7
0 0.0 1529.1 0.0 53.9 57.1 171.8 154.7 0.0 0.0 0.0 0.0 845.4
**********2022-05-25 00:13:06**********
53884.787 53899.998 0.028 172.801 172.801 
0 8 11
0 0 0 0 0 0 0 0 0.3 0 0 2811.7 0
0 4 12 5 7 6 2
0 0.0 1529.1 0.0 53.9 57.1 171.8 154.7 0.0 0.0 0.0 0.0 845.4
0 3 9 1 10
0 156.4 0.0 701.4 0.0 0.0 0.0 0.0 0.0 496.1 1458.1 0.0 0.0
**********2022-05-25 00:13:12**********
53884.787 53899.998 0.028 172.801 179.341 
0 8 11
0 0 0 0 0 0 0 0 0.3 0 0 2811.7 0
0 4 12 5 7 6 2
0 0.0 1529.1 0.0 53.9 57.1 171.8 154.7 0.0 0.0 0.0 0.0 845.4
0 3 9 1 10
0 156.4 0.0 701.4 0.0 0.0 0.0 0.0 0.0 496.1 1458.1 0.0 0.0
**********2022-05-25 00:13:19**********
53884.787 53899.998 0.028 172.801 186.524 
0 8 11
0 0 0 0 0 0 0 0 0.3 0 0 2811.7 0
0 4 12 5 7 6 2
0 0.0 1529.1 0.0 53.9 57.1 171.8 154.7 0.0 0.0 0.0 0.0 845.4
0 3 9 1 10
0 156.4 0.0 701.4 0.0 0.0 0.0 0.0 0.0 496.1 1458.1 0.0 0.0
**********2022-05-25 00:13:28**********
53884.858 53899.998 0.028 172.801 195.002 
0 8 11
0 0 0 0 0 0 0 0 0.3 0 0 2811.7 0
0 4 12 5 7 6 2
0 0.0 1529.1 0.0 53.9 57.1 171.8 154.7 0.0 0.0 0.0 0.0 845.4
0 3 9 1 10
0 156.4 0.0 701.4 0.0 0.0 0.0 0.0 0.0 496.1 1458.1 0.0 0.0
**********2022-05-25 00:13:32**********
53884.858 53899.998 0.028 172.801 199.513 
0 8 11
0 0 0 0 0 0 0 0 0.3 0 0 2811.7 0
0 4 12 5 7 6 2
0 0.0 1529.1 0.0 53.9 57.1 171.8 154.7 0.0 0.0 0.0 0.0 845.4
0 3 9 1 10
0 156.4 0.0 701.4 0.0 0.0 0.0 0.0 0.0 496.1 1458.1 0.0 0.0
**********2022-05-25 00:13:37**********
53884.858 53899.998 0.028 172.801 204.585 
0 8 11
0 0 0 0 0 0 0 0 0.3 0 0 2811.7 0
0 4 12 5 7 6 2
0 0.0 1529.1 0.0 53.9 57.1 171.8 154.7 0.0 0.0 0.0 0.0 845.4
0 3 9 1 10
0 156.4 0.0 701.4 0.0 0.0 0.0 0.0 0.0 496.1 1458.1 0.0 0.0
**********2022-05-25 00:13:42**********
53885.011 53899.998 0.028 172.801 209.238 
0 8 11
0 0 0 0 0 0 0 0 0.3 0 0 2811.7 0
0 4 12 5 7 6 2
0 0.0 1529.1 0.0 53.9 57.1 171.8 154.7 0.0 0.0 0.0 0.0 845.4
0 3 9 1 10
0 156.4 0.0 701.4 0.0 0.0 0.0 0.0 0.0 496.1 1458.1 0.0 0.0
**********2022-05-25 00:13:47**********
53885.029 53899.998 0.028 172.801 214.289 
0 8 11
0 0 0 0 0 0 0 0 0.3 0 0 2811.7 0
0 4 12 5 7 6 2
0 0.0 1529.1 0.0 53.9 57.1 171.8 154.7 0.0 0.0 0.0 0.0 845.4
0 3 9 1 10
0 156.4 0.0 701.4 0.0 0.0 0.0 0.0 0.0 496.1 1458.1 0.0 0.0
**********2022-05-25 00:13:54**********
53885.029 53899.998 0.028 172.801 220.866 
0 8 11
0 0 0 0 0 0 0 0 0.3 0 0 2811.7 0
0 4 12 5 7 6 2
0 0.0 1529.1 0.0 53.9 57.1 171.8 154.7 0.0 0.0 0.0 0.0 845.4
0 3 9 1 10
0 156.4 0.0 701.4 0.0 0.0 0.0 0.0 0.0 496.1 1458.1 0.0 0.0
**********2022-05-25 00:14:00**********
53885.183 53899.998 0.027 172.801 226.953 
0 8 11
0 0 0 0 0 0 0 0 0.3 0 0 2811.7 0
0 4 12 5 7 6 2
0 0.0 1529.1 0.0 53.9 57.1 171.8 154.7 0.0 0.0 0.0 0.0 845.4
0 3 9 1 10
0 156.4 0.0 701.4 0.0 0.0 0.0 0.0 0.0 496.1 1458.1 0.0 0.0
**********2022-05-25 00:14:04**********
53885.293 53899.998 0.027 231.67 231.67 
0 8 11
0 0 0 0 0 0 0 0 0.3 0 0 2811.7 0
0 4 12 5 7 6 2
0 0.0 1529.1 0.0 53.9 57.1 171.8 154.7 0.0 0.0 0.0 0.0 845.4
0 3 9 1 10
0 156.4 0 701.4 0 0 0 0 0 496.1 1458.1 0 0
**********2022-05-25 00:14:11**********
53885.454 53899.998 0.027 231.67 238.422 
0 8 11
0 0 0 0 0 0 0 0 0.3 0 0 2811.7 0
0 4 12 5 7 6 2
0 0.0 1529.1 0.0 53.9 57.1 171.8 154.7 0.0 0.0 0.0 0.0 845.4
0 3 9 1 10
0 156.4 0 701.4 0 0 0 0 0 496.1 1458.1 0 0
**********2022-05-25 00:14:20**********
53885.454 53899.998 0.027 231.67 247.192 
0 8 11
0 0 0 0 0 0 0 0 0.3 0 0 2811.7 0
0 4 12 5 7 6 2
0 0.0 1529.1 0.0 53.9 57.1 171.8 154.7 0.0 0.0 0.0 0.0 845.4
0 3 9 1 10
0 156.4 0 701.4 0 0 0 0 0 496.1 1458.1 0 0
**********2022-05-25 00:14:29**********
53885.454 53899.998 0.027 231.67 255.776 
0 8 11
0 0 0 0 0 0 0 0 0.3 0 0 2811.7 0
0 4 12 5 7 6 2
0 0.0 1529.1 0.0 53.9 57.1 171.8 154.7 0.0 0.0 0.0 0.0 845.4
0 3 9 1 10
0 156.4 0 701.4 0 0 0 0 0 496.1 1458.1 0 0
**********2022-05-25 00:14:37**********
53885.454 53899.998 0.027 231.67 264.101 
0 8 11
0 0 0 0 0 0 0 0 0.3 0 0 2811.7 0
0 4 12 5 7 6 2
0 0.0 1529.1 0.0 53.9 57.1 171.8 154.7 0.0 0.0 0.0 0.0 845.4
0 3 9 1 10
0 156.4 0 701.4 0 0 0 0 0 496.1 1458.1 0 0
**********2022-05-25 00:14:44**********
53885.454 53899.998 0.027 231.67 271.166 
0 8 11
0 0 0 0 0 0 0 0 0.3 0 0 2811.7 0
0 4 12 5 7 6 2
0 0.0 1529.1 0.0 53.9 57.1 171.8 154.7 0.0 0.0 0.0 0.0 845.4
0 3 9 1 10
0 156.4 0 701.4 0 0 0 0 0 496.1 1458.1 0 0
**********2022-05-25 00:14:50**********
53885.454 53899.998 0.027 231.67 277.64 
0 8 11
0 0 0 0 0 0 0 0 0.3 0 0 2811.7 0
0 4 12 5 7 6 2
0 0.0 1529.1 0.0 53.9 57.1 171.8 154.7 0.0 0.0 0.0 0.0 845.4
0 3 9 1 10
0 156.4 0 701.4 0 0 0 0 0 496.1 1458.1 0 0
**********2022-05-25 00:14:59**********
53885.454 53899.998 0.027 231.67 285.787 
0 8 11
0 0 0 0 0 0 0 0 0.3 0 0 2811.7 0
0 4 12 5 7 6 2
0 0.0 1529.1 0.0 53.9 57.1 171.8 154.7 0.0 0.0 0.0 0.0 845.4
0 3 9 1 10
0 156.4 0 701.4 0 0 0 0 0 496.1 1458.1 0 0
**********2022-05-25 00:15:07**********
53885.459 53899.998 0.027 231.67 293.855 
0 8 11
0 0 0 0 0 0 0 0 0.3 0 0 2811.7 0
0 4 12 5 7 6 2
0 0.0 1529.1 0.0 53.9 57.1 171.8 154.7 0.0 0.0 0.0 0.0 845.4
0 3 9 1 10
0 156.4 0 701.4 0 0 0 0 0 496.1 1458.1 0 0
**********2022-05-25 00:15:11**********
53885.459 53899.998 0.027 231.67 298.606 
0 8 11
0 0 0 0 0 0 0 0 0.3 0 0 2811.7 0
0 4 12 5 7 6 2
0 0.0 1529.1 0.0 53.9 57.1 171.8 154.7 0.0 0.0 0.0 0.0 845.4
0 3 9 1 10
0 156.4 0 701.4 0 0 0 0 0 496.1 1458.1 0 0
**********2022-05-25 00:15:16**********
53885.459 53899.998 0.027 231.67 303.597 
0 8 11
0 0 0 0 0 0 0 0 0.3 0 0 2811.7 0
0 4 12 5 7 6 2
0 0.0 1529.1 0.0 53.9 57.1 171.8 154.7 0.0 0.0 0.0 0.0 845.4
0 3 9 1 10
0 156.4 0 701.4 0 0 0 0 0 496.1 1458.1 0 0
**********2022-05-25 00:15:23**********
53885.459 53899.998 0.027 231.67 310.472 
0 8 11
0 0 0 0 0 0 0 0 0.3 0 0 2811.7 0
0 4 12 5 7 6 2
0 0.0 1529.1 0.0 53.9 57.1 171.8 154.7 0.0 0.0 0.0 0.0 845.4
0 3 9 1 10
0 156.4 0 701.4 0 0 0 0 0 496.1 1458.1 0 0
**********2022-05-25 00:15:29**********
53885.459 53899.998 0.027 231.67 316.539 
0 8 11
0 0 0 0 0 0 0 0 0.3 0 0 2811.7 0
0 4 12 5 7 6 2
0 0.0 1529.1 0.0 53.9 57.1 171.8 154.7 0.0 0.0 0.0 0.0 845.4
0 3 9 1 10
0 156.4 0 701.4 0 0 0 0 0 496.1 1458.1 0 0
**********2022-05-25 00:15:35**********
53885.495 53899.998 0.027 231.67 321.98 
0 8 11
0 0 0 0 0 0 0 0 0.3 0 0 2811.7 0
0 4 12 5 7 6 2
0 0.0 1529.1 0.0 53.9 57.1 171.8 154.7 0.0 0.0 0.0 0.0 845.4
0 3 9 1 10
0 156.4 0 701.4 0 0 0 0 0 496.1 1458.1 0 0
**********2022-05-25 00:15:41**********
53885.519 53899.998 0.027 231.67 327.832 
0 8 11
0 0 0 0 0 0 0 0 0.3 0 0 2811.7 0
0 4 12 5 7 6 2
0 0.0 1529.1 0.0 53.9 57.1 171.8 154.7 0.0 0.0 0.0 0.0 845.4
0 3 9 1 10
0 156.4 0 701.4 0 0 0 0 0 496.1 1458.1 0 0
**********2022-05-25 00:15:46**********
53885.519 53899.998 0.027 231.67 333.661 
0 8 11
0 0 0 0 0 0 0 0 0.3 0 0 2811.7 0
0 4 12 5 7 6 2
0 0.0 1529.1 0.0 53.9 57.1 171.8 154.7 0.0 0.0 0.0 0.0 845.4
0 3 9 1 10
0 156.4 0 701.4 0 0 0 0 0 496.1 1458.1 0 0
**********2022-05-25 00:15:53**********
53885.519 53899.998 0.027 231.67 340.22 
0 8 11
0 0 0 0 0 0 0 0 0.3 0 0 2811.7 0
0 4 12 5 7 6 2
0 0.0 1529.1 0.0 53.9 57.1 171.8 154.7 0.0 0.0 0.0 0.0 845.4
0 3 9 1 10
0 156.4 0 701.4 0 0 0 0 0 496.1 1458.1 0 0
**********2022-05-25 00:16:01**********
53885.528 53899.998 0.027 231.67 347.946 
0 8 11
0 0 0 0 0 0 0 0 0.3 0 0 2811.7 0
0 4 12 5 7 6 2
0 0.0 1529.1 0.0 53.9 57.1 171.8 154.7 0.0 0.0 0.0 0.0 845.4
0 3 9 1 10
0 156.4 0 701.4 0 0 0 0 0 496.1 1458.1 0 0
**********2022-05-25 00:16:07**********
53885.528 53899.998 0.027 231.67 354.281 
0 8 11
0 0 0 0 0 0 0 0 0.3 0 0 2811.7 0
0 4 12 5 7 6 2
0 0.0 1529.1 0.0 53.9 57.1 171.8 154.7 0.0 0.0 0.0 0.0 845.4
0 3 9 1 10
0 156.4 0 701.4 0 0 0 0 0 496.1 1458.1 0 0
**********2022-05-25 00:16:12**********
53885.528 53899.998 0.027 231.67 358.996 
0 8 11
0 0 0 0 0 0 0 0 0.3 0 0 2811.7 0
0 4 12 5 7 6 2
0 0.0 1529.1 0.0 53.9 57.1 171.8 154.7 0.0 0.0 0.0 0.0 845.4
0 3 9 1 10
0 156.4 0 701.4 0 0 0 0 0 496.1 1458.1 0 0
**********2022-05-25 00:16:19**********
53885.554 53899.998 0.027 231.67 366.093 
0 8 11
0 0 0 0 0 0 0 0 0.3 0 0 2811.7 0
0 4 12 5 7 6 2
0 0.0 1529.1 0.0 53.9 57.1 171.8 154.7 0.0 0.0 0.0 0.0 845.4
0 3 9 1 10
0 156.4 0 701.4 0 0 0 0 0 496.1 1458.1 0 0
**********2022-05-25 00:16:24**********
53885.645 53899.998 0.027 231.67 371.481 
0 8 11
0 0 0 0 0 0 0 0 0.3 0 0 2811.7 0
0 4 12 5 7 6 2
0 0.0 1529.1 0.0 53.9 57.1 171.8 154.7 0.0 0.0 0.0 0.0 845.4
0 3 9 1 10
0 156.4 0 701.4 0 0 0 0 0 496.1 1458.1 0 0
**********2022-05-25 00:16:29**********
53885.765 53899.998 0.026 231.67 376.142 
0 8 11
0 0 0 0 0 0 0 0 0.3 0 0 2811.7 0
0 4 12 5 7 6 2
0 0.0 1529.1 0.0 53.9 57.1 171.8 154.7 0.0 0.0 0.0 0.0 845.4
0 3 9 1 10
0 156.4 0 701.4 0 0 0 0 0 496.1 1458.1 0 0
**********2022-05-25 00:16:32**********
53885.854 53899.998 0.026 231.67 379.725 
0 8 11
0 0 0 0 0 0 0 0 0.3 0 0 2811.7 0
0 4 12 5 7 6 2
0 0.0 1529.1 0.0 53.9 57.1 171.8 154.7 0.0 0.0 0.0 0.0 845.4
0 3 9 1 10
0 156.4 0 701.4 0 0 0 0 0 496.1 1458.1 0 0
**********2022-05-25 00:16:40**********
53885.854 53899.998 0.026 231.67 386.999 
0 8 11
0 0 0 0 0 0 0 0 0.3 0 0 2811.7 0
0 4 12 5 7 6 2
0 0.0 1529.1 0.0 53.9 57.1 171.8 154.7 0.0 0.0 0.0 0.0 845.4
0 3 9 1 10
0 156.4 0 701.4 0 0 0 0 0 496.1 1458.1 0 0
**********2022-05-25 00:16:47**********
53885.854 53899.998 0.026 231.67 394.423 
0 8 11
0 0 0 0 0 0 0 0 0.3 0 0 2811.7 0
0 4 12 5 7 6 2
0 0.0 1529.1 0.0 53.9 57.1 171.8 154.7 0.0 0.0 0.0 0.0 845.4
0 3 9 1 10
0 156.4 0 701.4 0 0 0 0 0 496.1 1458.1 0 0
**********2022-05-25 00:16:55**********
53885.854 53899.998 0.026 231.67 402.295 
0 8 11
0 0 0 0 0 0 0 0 0.3 0 0 2811.7 0
0 4 12 5 7 6 2
0 0.0 1529.1 0.0 53.9 57.1 171.8 154.7 0.0 0.0 0.0 0.0 845.4
0 3 9 1 10
0 156.4 0 701.4 0 0 0 0 0 496.1 1458.1 0 0
**********2022-05-25 00:17:02**********
53885.854 53899.998 0.026 231.67 409.508 
0 8 11
0 0 0 0 0 0 0 0 0.3 0 0 2811.7 0
0 4 12 5 7 6 2
0 0.0 1529.1 0.0 53.9 57.1 171.8 154.7 0.0 0.0 0.0 0.0 845.4
0 3 9 1 10
0 156.4 0 701.4 0 0 0 0 0 496.1 1458.1 0 0
**********2022-05-25 00:17:10**********
53885.921 53899.998 0.026 231.67 416.827 
0 8 11
0 0 0 0 0 0 0 0 0.3 0 0 2811.7 0
0 4 12 5 7 6 2
0 0.0 1529.1 0.0 53.9 57.1 171.8 154.7 0.0 0.0 0.0 0.0 845.4
0 3 9 1 10
0 156.4 0 701.4 0 0 0 0 0 496.1 1458.1 0 0
**********2022-05-25 00:17:13**********
53885.978 53899.998 0.026 231.67 420.243 
0 8 11
0 0 0 0 0 0 0 0 0.3 0 0 2811.7 0
0 4 12 5 7 6 2
0 0.0 1529.1 0.0 53.9 57.1 171.8 154.7 0.0 0.0 0.0 0.0 845.4
0 3 9 1 10
0 156.4 0 701.4 0 0 0 0 0 496.1 1458.1 0 0
**********2022-05-25 00:17:18**********
53885.978 53899.998 0.026 231.67 425.398 
0 8 11
0 0 0 0 0 0 0 0 0.3 0 0 2811.7 0
0 4 12 5 7 6 2
0 0.0 1529.1 0.0 53.9 57.1 171.8 154.7 0.0 0.0 0.0 0.0 845.4
0 3 9 1 10
0 156.4 0 701.4 0 0 0 0 0 496.1 1458.1 0 0
**********2022-05-25 00:17:23**********
53885.978 53899.998 0.026 231.67 430.579 
0 8 11
0 0 0 0 0 0 0 0 0.3 0 0 2811.7 0
0 4 12 5 7 6 2
0 0.0 1529.1 0.0 53.9 57.1 171.8 154.7 0.0 0.0 0.0 0.0 845.4
0 3 9 1 10
0 156.4 0 701.4 0 0 0 0 0 496.1 1458.1 0 0
**********2022-05-25 00:17:29**********
53886.05 53899.998 0.026 231.67 435.765 
0 8 11
0 0 0 0 0 0 0 0 0.3 0 0 2811.7 0
0 4 12 5 7 6 2
0 0.0 1529.1 0.0 53.9 57.1 171.8 154.7 0.0 0.0 0.0 0.0 845.4
0 3 9 1 10
0 156.4 0 701.4 0 0 0 0 0 496.1 1458.1 0 0
**********2022-05-25 00:17:34**********
53886.05 53899.998 0.026 231.67 441.494 
0 8 11
0 0 0 0 0 0 0 0 0.3 0 0 2811.7 0
0 4 12 5 7 6 2
0 0.0 1529.1 0.0 53.9 57.1 171.8 154.7 0.0 0.0 0.0 0.0 845.4
0 3 9 1 10
0 156.4 0 701.4 0 0 0 0 0 496.1 1458.1 0 0
**********2022-05-25 00:17:42**********
53886.212 53899.998 0.026 231.67 448.833 
0 8 11
0 0 0 0 0 0 0 0 0.3 0 0 2811.7 0
0 4 12 5 7 6 2
0 0.0 1529.1 0.0 53.9 57.1 171.8 154.7 0.0 0.0 0.0 0.0 845.4
0 3 9 1 10
0 156.4 0 701.4 0 0 0 0 0 496.1 1458.1 0 0
**********2022-05-25 00:17:47**********
53886.212 53899.998 0.026 231.67 454.346 
0 8 11
0 0 0 0 0 0 0 0 0.3 0 0 2811.7 0
0 4 12 5 7 6 2
0 0.0 1529.1 0.0 53.9 57.1 171.8 154.7 0.0 0.0 0.0 0.0 845.4
0 3 9 1 10
0 156.4 0 701.4 0 0 0 0 0 496.1 1458.1 0 0
**********2022-05-25 00:17:53**********
53886.242 53899.998 0.026 231.67 459.857 
0 8 11
0 0 0 0 0 0 0 0 0.3 0 0 2811.7 0
0 4 12 5 7 6 2
0 0.0 1529.1 0.0 53.9 57.1 171.8 154.7 0.0 0.0 0.0 0.0 845.4
0 3 9 1 10
0 156.4 0 701.4 0 0 0 0 0 496.1 1458.1 0 0
**********2022-05-25 00:17:58**********
53886.242 53899.998 0.026 231.67 465.725 
0 8 11
0 0 0 0 0 0 0 0 0.3 0 0 2811.7 0
0 4 12 5 7 6 2
0 0.0 1529.1 0.0 53.9 57.1 171.8 154.7 0.0 0.0 0.0 0.0 845.4
0 3 9 1 10
0 156.4 0 701.4 0 0 0 0 0 496.1 1458.1 0 0
**********2022-05-25 00:18:04**********
53886.242 53899.998 0.026 231.67 471.224 
0 8 11
0 0 0 0 0 0 0 0 0.3 0 0 2811.7 0
0 4 12 5 7 6 2
0 0.0 1529.1 0.0 53.9 57.1 171.8 154.7 0.0 0.0 0.0 0.0 845.4
0 3 9 1 10
0 156.4 0 701.4 0 0 0 0 0 496.1 1458.1 0 0
**********2022-05-25 00:18:10**********
53886.38 53899.998 0.025 231.67 477.234 
0 8 11
0 0 0 0 0 0 0 0 0.3 0 0 2811.7 0
0 4 12 5 7 6 2
0 0.0 1529.1 0.0 53.9 57.1 171.8 154.7 0.0 0.0 0.0 0.0 845.4
0 3 9 1 10
0 156.4 0 701.4 0 0 0 0 0 496.1 1458.1 0 0
**********2022-05-25 00:18:17**********
53886.38 53899.998 0.025 231.67 484.247 
0 8 11
0 0 0 0 0 0 0 0 0.3 0 0 2811.7 0
0 4 12 5 7 6 2
0 0.0 1529.1 0.0 53.9 57.1 171.8 154.7 0.0 0.0 0.0 0.0 845.4
0 3 9 1 10
0 156.4 0 701.4 0 0 0 0 0 496.1 1458.1 0 0
**********2022-05-25 00:18:23**********
53886.38 53899.998 0.025 231.67 490.019 
0 8 11
0 0 0 0 0 0 0 0 0.3 0 0 2811.7 0
0 4 12 5 7 6 2
0 0.0 1529.1 0.0 53.9 57.1 171.8 154.7 0.0 0.0 0.0 0.0 845.4
0 3 9 1 10
0 156.4 0 701.4 0 0 0 0 0 496.1 1458.1 0 0
**********2022-05-25 00:18:29**********
53886.38 53899.998 0.025 231.67 495.918 
0 8 11
0 0 0 0 0 0 0 0 0.3 0 0 2811.7 0
0 4 12 5 7 6 2
0 0.0 1529.1 0.0 53.9 57.1 171.8 154.7 0.0 0.0 0.0 0.0 845.4
0 3 9 1 10
0 156.4 0 701.4 0 0 0 0 0 496.1 1458.1 0 0
**********2022-05-25 00:18:35**********
53886.385 53899.998 0.025 231.67 501.804 
0 8 11
0 0 0 0 0 0 0 0 0.3 0 0 2811.7 0
0 4 12 5 7 6 2
0 0.0 1529.1 0.0 53.9 57.1 171.8 154.7 0.0 0.0 0.0 0.0 845.4
0 3 9 1 10
0 156.4 0 701.4 0 0 0 0 0 496.1 1458.1 0 0
**********2022-05-25 00:18:41**********
53886.504 53899.998 0.025 231.67 508.558 
0 8 11
0 0 0 0 0 0 0 0 0.3 0 0 2811.7 0
0 4 12 5 7 6 2
0 0.0 1529.1 0.0 53.9 57.1 171.8 154.7 0.0 0.0 0.0 0.0 845.4
0 3 9 1 10
0 156.4 0 701.4 0 0 0 0 0 496.1 1458.1 0 0
**********2022-05-25 00:18:46**********
53886.504 53899.998 0.025 231.67 513.32 
0 8 11
0 0 0 0 0 0 0 0 0.3 0 0 2811.7 0
0 4 12 5 7 6 2
0 0.0 1529.1 0.0 53.9 57.1 171.8 154.7 0.0 0.0 0.0 0.0 845.4
0 3 9 1 10
0 156.4 0 701.4 0 0 0 0 0 496.1 1458.1 0 0
**********2022-05-25 00:18:50**********
53886.536 53899.998 0.025 231.67 517.118 
0 8 11
0 0 0 0 0 0 0 0 0.3 0 0 2811.7 0
0 4 12 5 7 6 2
0 0.0 1529.1 0.0 53.9 57.1 171.8 154.7 0.0 0.0 0.0 0.0 845.4
0 3 9 1 10
0 156.4 0 701.4 0 0 0 0 0 496.1 1458.1 0 0
**********2022-05-25 00:18:53**********
53886.577 53899.998 0.025 231.67 520.55 
0 8 11
0 0 0 0 0 0 0 0 0.3 0 0 2811.7 0
0 4 12 5 7 6 2
0 0.0 1529.1 0.0 53.9 57.1 171.8 154.7 0.0 0.0 0.0 0.0 845.4
0 3 9 1 10
0 156.4 0 701.4 0 0 0 0 0 496.1 1458.1 0 0
**********2022-05-25 00:18:59**********
53886.577 53899.998 0.025 231.67 525.766 
0 8 11
0 0 0 0 0 0 0 0 0.3 0 0 2811.7 0
0 4 12 5 7 6 2
0 0.0 1529.1 0.0 53.9 57.1 171.8 154.7 0.0 0.0 0.0 0.0 845.4
0 3 9 1 10
0 156.4 0 701.4 0 0 0 0 0 496.1 1458.1 0 0
**********2022-05-25 00:19:04**********
53886.595 53899.998 0.025 231.67 531.0 
0 8 11
0 0 0 0 0 0 0 0 0.3 0 0 2811.7 0
0 4 12 5 7 6 2
0 0.0 1529.1 0.0 53.9 57.1 171.8 154.7 0.0 0.0 0.0 0.0 845.4
0 3 9 1 10
0 156.4 0 701.4 0 0 0 0 0 496.1 1458.1 0 0
**********2022-05-25 00:19:13**********
53886.595 53899.998 0.025 231.67 540.691 
0 8 11
0 0 0 0 0 0 0 0 0.3 0 0 2811.7 0
0 4 12 5 7 6 2
0 0.0 1529.1 0.0 53.9 57.1 171.8 154.7 0.0 0.0 0.0 0.0 845.4
0 3 9 1 10
0 156.4 0 701.4 0 0 0 0 0 496.1 1458.1 0 0
**********2022-05-25 00:19:22**********
53886.595 53899.998 0.025 231.67 548.815 
0 8 11
0 0 0 0 0 0 0 0 0.3 0 0 2811.7 0
0 4 12 5 7 6 2
0 0.0 1529.1 0.0 53.9 57.1 171.8 154.7 0.0 0.0 0.0 0.0 845.4
0 3 9 1 10
0 156.4 0 701.4 0 0 0 0 0 496.1 1458.1 0 0
**********2022-05-25 00:19:30**********
53886.594 53899.998 0.025 231.67 556.815 
0 8 11
0 0 0 0 0 0 0 0 0.3 0 0 2811.7 0
0 4 12 5 7 6 2
0 0.0 1529.1 0.0 53.9 57.1 171.8 154.7 0.0 0.0 0.0 0.0 845.4
0 3 9 1 10
0 156.4 0 701.4 0 0 0 0 0 496.1 1458.1 0 0
**********2022-05-25 00:19:36**********
53886.594 53899.998 0.025 231.67 562.77 
0 8 11
0 0 0 0 0 0 0 0 0.3 0 0 2811.7 0
0 4 12 5 7 6 2
0 0.0 1529.1 0.0 53.9 57.1 171.8 154.7 0.0 0.0 0.0 0.0 845.4
0 3 9 1 10
0 156.4 0 701.4 0 0 0 0 0 496.1 1458.1 0 0
**********2022-05-25 00:19:42**********
53886.627 53899.998 0.025 231.67 569.653 
0 8 11
0 0 0 0 0 0 0 0 0.3 0 0 2811.7 0
0 4 12 5 7 6 2
0 0.0 1529.1 0.0 53.9 57.1 171.8 154.7 0.0 0.0 0.0 0.0 845.4
0 3 9 1 10
0 156.4 0 701.4 0 0 0 0 0 496.1 1458.1 0 0
**********2022-05-25 00:19:48**********
53886.627 53899.998 0.025 231.67 574.923 
0 8 11
0 0 0 0 0 0 0 0 0.3 0 0 2811.7 0
0 4 12 5 7 6 2
0 0.0 1529.1 0.0 53.9 57.1 171.8 154.7 0.0 0.0 0.0 0.0 845.4
0 3 9 1 10
0 156.4 0 701.4 0 0 0 0 0 496.1 1458.1 0 0
**********2022-05-25 00:19:54**********
53886.653 53899.998 0.025 231.67 580.882 
0 8 11
0 0 0 0 0 0 0 0 0.3 0 0 2811.7 0
0 4 12 5 7 6 2
0 0.0 1529.1 0.0 53.9 57.1 171.8 154.7 0.0 0.0 0.0 0.0 845.4
0 3 9 1 10
0 156.4 0 701.4 0 0 0 0 0 496.1 1458.1 0 0
**********2022-05-25 00:20:00**********
53886.677 53899.998 0.025 231.67 587.717 
0 8 11
0 0 0 0 0 0 0 0 0.3 0 0 2811.7 0
0 4 12 5 7 6 2
0 0.0 1529.1 0.0 53.9 57.1 171.8 154.7 0.0 0.0 0.0 0.0 845.4
0 3 9 1 10
0 156.4 0 701.4 0 0 0 0 0 496.1 1458.1 0 0
**********2022-05-25 00:20:05**********
53886.677 53899.998 0.025 231.67 592.644 
0 8 11
0 0 0 0 0 0 0 0 0.3 0 0 2811.7 0
0 4 12 5 7 6 2
0 0.0 1529.1 0.0 53.9 57.1 171.8 154.7 0.0 0.0 0.0 0.0 845.4
0 3 9 1 10
0 156.4 0 701.4 0 0 0 0 0 496.1 1458.1 0 0
**********2022-05-25 00:20:12**********
53886.752 53899.998 0.025 231.67 599.106 
0 8 11
0 0 0 0 0 0 0 0 0.3 0 0 2811.7 0
0 4 12 5 7 6 2
0 0.0 1529.1 0.0 53.9 57.1 171.8 154.7 0.0 0.0 0.0 0.0 845.4
0 3 9 1 10
0 156.4 0 701.4 0 0 0 0 0 496.1 1458.1 0 0
**********2022-05-25 00:20:19**********
53886.752 53899.998 0.025 231.67 605.854 
0 8 11
0 0 0 0 0 0 0 0 0.3 0 0 2811.7 0
0 4 12 5 7 6 2
0 0.0 1529.1 0.0 53.9 57.1 171.8 154.7 0.0 0.0 0.0 0.0 845.4
0 3 9 1 10
0 156.4 0 701.4 0 0 0 0 0 496.1 1458.1 0 0
**********2022-05-25 00:20:23**********
53886.752 53899.998 0.025 231.67 609.939 
0 8 11
0 0 0 0 0 0 0 0 0.3 0 0 2811.7 0
0 4 12 5 7 6 2
0 0.0 1529.1 0.0 53.9 57.1 171.8 154.7 0.0 0.0 0.0 0.0 845.4
0 3 9 1 10
0 156.4 0 701.4 0 0 0 0 0 496.1 1458.1 0 0
**********2022-05-25 00:20:30**********
53886.757 53899.998 0.025 231.67 616.968 
0 8 11
0 0 0 0 0 0 0 0 0.3 0 0 2811.7 0
0 4 12 5 7 6 2
0 0.0 1529.1 0.0 53.9 57.1 171.8 154.7 0.0 0.0 0.0 0.0 845.4
0 3 9 1 10
0 156.4 0 701.4 0 0 0 0 0 496.1 1458.1 0 0
**********2022-05-25 00:20:37**********
53886.792 53899.998 0.025 231.67 624.251 
0 8 11
0 0 0 0 0 0 0 0 0.3 0 0 2811.7 0
0 4 12 5 7 6 2
0 0.0 1529.1 0.0 53.9 57.1 171.8 154.7 0.0 0.0 0.0 0.0 845.4
0 3 9 1 10
0 156.4 0 701.4 0 0 0 0 0 496.1 1458.1 0 0
**********2022-05-25 00:20:41**********
53886.921 53899.998 0.024 231.67 628.035 
0 8 11
0 0 0 0 0 0 0 0 0.3 0 0 2811.7 0
0 4 12 5 7 6 2
0 0.0 1529.1 0.0 53.9 57.1 171.8 154.7 0.0 0.0 0.0 0.0 845.4
0 3 9 1 10
0 156.4 0 701.4 0 0 0 0 0 496.1 1458.1 0 0
**********2022-05-25 00:20:46**********
53886.921 53899.998 0.024 231.67 633.0 
0 8 11
0 0 0 0 0 0 0 0 0.3 0 0 2811.7 0
0 4 12 5 7 6 2
0 0.0 1529.1 0.0 53.9 57.1 171.8 154.7 0.0 0.0 0.0 0.0 845.4
0 3 9 1 10
0 156.4 0 701.4 0 0 0 0 0 496.1 1458.1 0 0
**********2022-05-25 00:20:52**********
53887.09 53899.998 0.024 231.67 638.949 
0 8 11
0 0 0 0 0 0 0 0 0.3 0 0 2811.7 0
0 4 12 5 7 6 2
0 0.0 1529.1 0.0 53.9 57.1 171.8 154.7 0.0 0.0 0.0 0.0 845.4
0 3 9 1 10
0 156.4 0 701.4 0 0 0 0 0 496.1 1458.1 0 0
**********2022-05-25 00:21:02**********
53887.09 53899.998 0.024 231.67 649.401 
0 8 11
0 0 0 0 0 0 0 0 0.3 0 0 2811.7 0
0 4 12 5 7 6 2
0 0.0 1529.1 0.0 53.9 57.1 171.8 154.7 0.0 0.0 0.0 0.0 845.4
0 3 9 1 10
0 156.4 0 701.4 0 0 0 0 0 496.1 1458.1 0 0
**********2022-05-25 00:21:11**********
53887.123 53899.998 0.024 231.67 658.585 
0 8 11
0 0 0 0 0 0 0 0 0.3 0 0 2811.7 0
0 4 12 5 7 6 2
0 0.0 1529.1 0.0 53.9 57.1 171.8 154.7 0.0 0.0 0.0 0.0 845.4
0 3 9 1 10
0 156.4 0 701.4 0 0 0 0 0 496.1 1458.1 0 0
**********2022-05-25 00:21:16**********
53887.123 53899.998 0.024 231.67 663.668 
0 8 11
0 0 0 0 0 0 0 0 0.3 0 0 2811.7 0
0 4 12 5 7 6 2
0 0.0 1529.1 0.0 53.9 57.1 171.8 154.7 0.0 0.0 0.0 0.0 845.4
0 3 9 1 10
0 156.4 0 701.4 0 0 0 0 0 496.1 1458.1 0 0
**********2022-05-25 00:21:21**********
53887.146 53899.998 0.024 231.67 667.815 
0 8 11
0 0 0 0 0 0 0 0 0.3 0 0 2811.7 0
0 4 12 5 7 6 2
0 0.0 1529.1 0.0 53.9 57.1 171.8 154.7 0.0 0.0 0.0 0.0 845.4
0 3 9 1 10
0 156.4 0 701.4 0 0 0 0 0 496.1 1458.1 0 0
**********2022-05-25 00:21:25**********
53887.146 53899.998 0.024 231.67 672.286 
0 8 11
0 0 0 0 0 0 0 0 0.3 0 0 2811.7 0
0 4 12 5 7 6 2
0 0.0 1529.1 0.0 53.9 57.1 171.8 154.7 0.0 0.0 0.0 0.0 845.4
0 3 9 1 10
0 156.4 0 701.4 0 0 0 0 0 496.1 1458.1 0 0
**********2022-05-25 00:21:36**********
53887.146 53899.998 0.024 231.67 683.189 
0 8 11
0 0 0 0 0 0 0 0 0.3 0 0 2811.7 0
0 4 12 5 7 6 2
0 0.0 1529.1 0.0 53.9 57.1 171.8 154.7 0.0 0.0 0.0 0.0 845.4
0 3 9 1 10
0 156.4 0 701.4 0 0 0 0 0 496.1 1458.1 0 0
**********2022-05-25 00:21:45**********
53887.146 53899.998 0.024 231.67 692.672 
0 8 11
0 0 0 0 0 0 0 0 0.3 0 0 2811.7 0
0 4 12 5 7 6 2
0 0.0 1529.1 0.0 53.9 57.1 171.8 154.7 0.0 0.0 0.0 0.0 845.4
0 3 9 1 10
0 156.4 0 701.4 0 0 0 0 0 496.1 1458.1 0 0
**********2022-05-25 00:21:52**********
53887.149 53899.998 0.024 231.67 699.666 
0 8 11
0 0 0 0 0 0 0 0 0.3 0 0 2811.7 0
0 4 12 5 7 6 2
0 0.0 1529.1 0.0 53.9 57.1 171.8 154.7 0.0 0.0 0.0 0.0 845.4
0 3 9 1 10
0 156.4 0 701.4 0 0 0 0 0 496.1 1458.1 0 0
**********2022-05-25 00:21:57**********
53887.149 53899.998 0.024 231.67 704.352 
0 8 11
0 0 0 0 0 0 0 0 0.3 0 0 2811.7 0
0 4 12 5 7 6 2
0 0.0 1529.1 0.0 53.9 57.1 171.8 154.7 0.0 0.0 0.0 0.0 845.4
0 3 9 1 10
0 156.4 0 701.4 0 0 0 0 0 496.1 1458.1 0 0
**********2022-05-25 00:22:02**********
53887.214 53899.998 0.024 231.67 709.732 
0 8 11
0 0 0 0 0 0 0 0 0.3 0 0 2811.7 0
0 4 12 5 7 6 2
0 0.0 1529.1 0.0 53.9 57.1 171.8 154.7 0.0 0.0 0.0 0.0 845.4
0 3 9 1 10
0 156.4 0 701.4 0 0 0 0 0 496.1 1458.1 0 0
**********2022-05-25 00:22:10**********
53887.398 53899.998 0.023 231.67 717.092 
0 8 11
0 0 0 0 0 0 0 0 0.3 0 0 2811.7 0
0 4 12 5 7 6 2
0 0.0 1529.1 0.0 53.9 57.1 171.8 154.7 0.0 0.0 0.0 0.0 845.4
0 3 9 1 10
0 156.4 0 701.4 0 0 0 0 0 496.1 1458.1 0 0
**********2022-05-25 00:22:16**********
53887.398 53899.998 0.023 231.67 723.188 
0 8 11
0 0 0 0 0 0 0 0 0.3 0 0 2811.7 0
0 4 12 5 7 6 2
0 0.0 1529.1 0.0 53.9 57.1 171.8 154.7 0.0 0.0 0.0 0.0 845.4
0 3 9 1 10
0 156.4 0 701.4 0 0 0 0 0 496.1 1458.1 0 0
**********2022-05-25 00:22:20**********
53887.398 53899.998 0.023 231.67 727.35 
0 8 11
0 0 0 0 0 0 0 0 0.3 0 0 2811.7 0
0 4 12 5 7 6 2
0 0.0 1529.1 0.0 53.9 57.1 171.8 154.7 0.0 0.0 0.0 0.0 845.4
0 3 9 1 10
0 156.4 0 701.4 0 0 0 0 0 496.1 1458.1 0 0
**********2022-05-25 00:22:26**********
53887.429 53899.998 0.023 231.67 733.24 
0 8 11
0 0 0 0 0 0 0 0 0.3 0 0 2811.7 0
0 4 12 5 7 6 2
0 0.0 1529.1 0.0 53.9 57.1 171.8 154.7 0.0 0.0 0.0 0.0 845.4
0 3 9 1 10
0 156.4 0 701.4 0 0 0 0 0 496.1 1458.1 0 0
**********2022-05-25 00:22:31**********
53887.429 53899.998 0.023 231.67 737.771 
0 8 11
0 0 0 0 0 0 0 0 0.3 0 0 2811.7 0
0 4 12 5 7 6 2
0 0.0 1529.1 0.0 53.9 57.1 171.8 154.7 0.0 0.0 0.0 0.0 845.4
0 3 9 1 10
0 156.4 0 701.4 0 0 0 0 0 496.1 1458.1 0 0
**********2022-05-25 00:22:35**********
53887.429 53899.998 0.023 231.67 742.49 
0 8 11
0 0 0 0 0 0 0 0 0.3 0 0 2811.7 0
0 4 12 5 7 6 2
0 0.0 1529.1 0.0 53.9 57.1 171.8 154.7 0.0 0.0 0.0 0.0 845.4
0 3 9 1 10
0 156.4 0 701.4 0 0 0 0 0 496.1 1458.1 0 0
**********2022-05-25 00:22:40**********
53887.471 53899.998 0.023 231.67 747.463 
0 8 11
0 0 0 0 0 0 0 0 0.3 0 0 2811.7 0
0 4 12 5 7 6 2
0 0.0 1529.1 0.0 53.9 57.1 171.8 154.7 0.0 0.0 0.0 0.0 845.4
0 3 9 1 10
0 156.4 0 701.4 0 0 0 0 0 496.1 1458.1 0 0
**********2022-05-25 00:22:46**********
53887.471 53899.998 0.023 231.67 753.348 
0 8 11
0 0 0 0 0 0 0 0 0.3 0 0 2811.7 0
0 4 12 5 7 6 2
0 0.0 1529.1 0.0 53.9 57.1 171.8 154.7 0.0 0.0 0.0 0.0 845.4
0 3 9 1 10
0 156.4 0 701.4 0 0 0 0 0 496.1 1458.1 0 0
**********2022-05-25 00:22:51**********
53887.553 53899.998 0.023 231.67 758.383 
0 8 11
0 0 0 0 0 0 0 0 0.3 0 0 2811.7 0
0 4 12 5 7 6 2
0 0.0 1529.1 0.0 53.9 57.1 171.8 154.7 0.0 0.0 0.0 0.0 845.4
0 3 9 1 10
0 156.4 0 701.4 0 0 0 0 0 496.1 1458.1 0 0
**********2022-05-25 00:22:58**********
53887.553 53899.998 0.023 231.67 764.897 
0 8 11
0 0 0 0 0 0 0 0 0.3 0 0 2811.7 0
0 4 12 5 7 6 2
0 0.0 1529.1 0.0 53.9 57.1 171.8 154.7 0.0 0.0 0.0 0.0 845.4
0 3 9 1 10
0 156.4 0 701.4 0 0 0 0 0 496.1 1458.1 0 0
**********2022-05-25 00:23:04**********
53887.553 53899.998 0.023 231.67 771.523 
0 8 11
0 0 0 0 0 0 0 0 0.3 0 0 2811.7 0
0 4 12 5 7 6 2
0 0.0 1529.1 0.0 53.9 57.1 171.8 154.7 0.0 0.0 0.0 0.0 845.4
0 3 9 1 10
0 156.4 0 701.4 0 0 0 0 0 496.1 1458.1 0 0
**********2022-05-25 00:23:10**********
53887.629 53899.998 0.023 231.67 777.222 
0 8 11
0 0 0 0 0 0 0 0 0.3 0 0 2811.7 0
0 4 12 5 7 6 2
0 0.0 1529.1 0.0 53.9 57.1 171.8 154.7 0.0 0.0 0.0 0.0 845.4
0 3 9 1 10
0 156.4 0 701.4 0 0 0 0 0 496.1 1458.1 0 0
**********2022-05-25 00:23:16**********
53887.806 53899.998 0.023 231.67 783.433 
0 8 11
0 0 0 0 0 0 0 0 0.3 0 0 2811.7 0
0 4 12 5 7 6 2
0 0.0 1529.1 0.0 53.9 57.1 171.8 154.7 0.0 0.0 0.0 0.0 845.4
0 3 9 1 10
0 156.4 0 701.4 0 0 0 0 0 496.1 1458.1 0 0
**********2022-05-25 00:23:22**********
53887.857 53899.998 0.023 231.67 789.043 
0 8 11
0 0 0 0 0 0 0 0 0.3 0 0 2811.7 0
0 4 12 5 7 6 2
0 0.0 1529.1 0.0 53.9 57.1 171.8 154.7 0.0 0.0 0.0 0.0 845.4
0 3 9 1 10
0 156.4 0 701.4 0 0 0 0 0 496.1 1458.1 0 0
**********2022-05-25 00:23:25**********
53887.958 53899.998 0.022 231.67 792.433 
0 8 11
0 0 0 0 0 0 0 0 0.3 0 0 2811.7 0
0 4 12 5 7 6 2
0 0.0 1529.1 0.0 53.9 57.1 171.8 154.7 0.0 0.0 0.0 0.0 845.4
0 3 9 1 10
0 156.4 0 701.4 0 0 0 0 0 496.1 1458.1 0 0
**********2022-05-25 00:23:30**********
53887.958 53899.998 0.022 231.67 797.723 
0 8 11
0 0 0 0 0 0 0 0 0.3 0 0 2811.7 0
0 4 12 5 7 6 2
0 0.0 1529.1 0.0 53.9 57.1 171.8 154.7 0.0 0.0 0.0 0.0 845.4
0 3 9 1 10
0 156.4 0 701.4 0 0 0 0 0 496.1 1458.1 0 0
**********2022-05-25 00:23:35**********
53887.985 53899.998 0.022 231.67 802.531 
0 8 11
0 0 0 0 0 0 0 0 0.3 0 0 2811.7 0
0 4 12 5 7 6 2
0 0.0 1529.1 0.0 53.9 57.1 171.8 154.7 0.0 0.0 0.0 0.0 845.4
0 3 9 1 10
0 156.4 0 701.4 0 0 0 0 0 496.1 1458.1 0 0
**********2022-05-25 00:23:43**********
53887.985 53899.998 0.022 231.67 810.07 
0 8 11
0 0 0 0 0 0 0 0 0.3 0 0 2811.7 0
0 4 12 5 7 6 2
0 0.0 1529.1 0.0 53.9 57.1 171.8 154.7 0.0 0.0 0.0 0.0 845.4
0 3 9 1 10
0 156.4 0 701.4 0 0 0 0 0 496.1 1458.1 0 0
**********2022-05-25 00:23:49**********
53887.985 53899.998 0.022 231.67 815.81 
0 8 11
0 0 0 0 0 0 0 0 0.3 0 0 2811.7 0
0 4 12 5 7 6 2
0 0.0 1529.1 0.0 53.9 57.1 171.8 154.7 0.0 0.0 0.0 0.0 845.4
0 3 9 1 10
0 156.4 0 701.4 0 0 0 0 0 496.1 1458.1 0 0
**********2022-05-25 00:23:53**********
53887.985 53899.998 0.022 231.67 820.39 
0 8 11
0 0 0 0 0 0 0 0 0.3 0 0 2811.7 0
0 4 12 5 7 6 2
0 0.0 1529.1 0.0 53.9 57.1 171.8 154.7 0.0 0.0 0.0 0.0 845.4
0 3 9 1 10
0 156.4 0 701.4 0 0 0 0 0 496.1 1458.1 0 0
**********2022-05-25 00:23:57**********
53888.044 53899.998 0.022 231.67 824.225 
0 8 11
0 0 0 0 0 0 0 0 0.3 0 0 2811.7 0
0 4 12 5 7 6 2
0 0.0 1529.1 0.0 53.9 57.1 171.8 154.7 0.0 0.0 0.0 0.0 845.4
0 3 9 1 10
0 156.4 0 701.4 0 0 0 0 0 496.1 1458.1 0 0
**********2022-05-25 00:24:05**********
53888.044 53899.998 0.022 231.67 831.787 
0 8 11
0 0 0 0 0 0 0 0 0.3 0 0 2811.7 0
0 4 12 5 7 6 2
0 0.0 1529.1 0.0 53.9 57.1 171.8 154.7 0.0 0.0 0.0 0.0 845.4
0 3 9 1 10
0 156.4 0 701.4 0 0 0 0 0 496.1 1458.1 0 0
**********2022-05-25 00:24:12**********
53888.048 53899.998 0.022 231.67 839.705 
0 8 11
0 0 0 0 0 0 0 0 0.3 0 0 2811.7 0
0 4 12 5 7 6 2
0 0.0 1529.1 0.0 53.9 57.1 171.8 154.7 0.0 0.0 0.0 0.0 845.4
0 3 9 1 10
0 156.4 0 701.4 0 0 0 0 0 496.1 1458.1 0 0
**********2022-05-25 00:24:17**********
53888.088 53899.998 0.022 231.67 844.324 
0 8 11
0 0 0 0 0 0 0 0 0.3 0 0 2811.7 0
0 4 12 5 7 6 2
0 0.0 1529.1 0.0 53.9 57.1 171.8 154.7 0.0 0.0 0.0 0.0 845.4
0 3 9 1 10
0 156.4 0 701.4 0 0 0 0 0 496.1 1458.1 0 0
**********2022-05-25 00:24:21**********
53888.088 53899.998 0.022 231.67 848.232 
0 8 11
0 0 0 0 0 0 0 0 0.3 0 0 2811.7 0
0 4 12 5 7 6 2
0 0.0 1529.1 0.0 53.9 57.1 171.8 154.7 0.0 0.0 0.0 0.0 845.4
0 3 9 1 10
0 156.4 0 701.4 0 0 0 0 0 496.1 1458.1 0 0
**********2022-05-25 00:24:25**********
53888.088 53899.998 0.022 231.67 852.015 
0 8 11
0 0 0 0 0 0 0 0 0.3 0 0 2811.7 0
0 4 12 5 7 6 2
0 0.0 1529.1 0.0 53.9 57.1 171.8 154.7 0.0 0.0 0.0 0.0 845.4
0 3 9 1 10
0 156.4 0 701.4 0 0 0 0 0 496.1 1458.1 0 0
**********2022-05-25 00:24:28**********
53888.088 53899.998 0.022 231.67 855.544 
0 8 11
0 0 0 0 0 0 0 0 0.3 0 0 2811.7 0
0 4 12 5 7 6 2
0 0.0 1529.1 0.0 53.9 57.1 171.8 154.7 0.0 0.0 0.0 0.0 845.4
0 3 9 1 10
0 156.4 0 701.4 0 0 0 0 0 496.1 1458.1 0 0
**********2022-05-25 00:24:32**********
53888.088 53899.998 0.022 231.67 859.5 
0 8 11
0 0 0 0 0 0 0 0 0.3 0 0 2811.7 0
0 4 12 5 7 6 2
0 0.0 1529.1 0.0 53.9 57.1 171.8 154.7 0.0 0.0 0.0 0.0 845.4
0 3 9 1 10
0 156.4 0 701.4 0 0 0 0 0 496.1 1458.1 0 0
**********2022-05-25 00:24:33**********
53888.088 53899.998 0.022 231.67 860.696 
0 8 11
0 0 0 0 0 0 0 0 0.3 0 0 2811.7 0
0 4 12 5 7 6 2
0 0.0 1529.1 0.0 53.9 57.1 171.8 154.7 0.0 0.0 0.0 0.0 845.4
0 3 9 1 10
0 156.4 0 701.4 0 0 0 0 0 496.1 1458.1 0 0
**********2022-05-25 00:24:37**********
53888.088 53899.998 0.022 231.67 864.232 
0 8 11
0 0 0 0 0 0 0 0 0.3 0 0 2811.7 0
0 4 12 5 7 6 2
0 0.0 1529.1 0.0 53.9 57.1 171.8 154.7 0.0 0.0 0.0 0.0 845.4
0 3 9 1 10
0 156.4 0 701.4 0 0 0 0 0 496.1 1458.1 0 0
**********2022-05-25 00:24:41**********
53888.124 53899.998 0.022 231.67 868.138 
0 8 11
0 0 0 0 0 0 0 0 0.3 0 0 2811.7 0
0 4 12 5 7 6 2
0 0.0 1529.1 0.0 53.9 57.1 171.8 154.7 0.0 0.0 0.0 0.0 845.4
0 3 9 1 10
0 156.4 0 701.4 0 0 0 0 0 496.1 1458.1 0 0
**********2022-05-25 00:24:48**********
53888.124 53899.998 0.022 231.67 874.765 
0 8 11
0 0 0 0 0 0 0 0 0.3 0 0 2811.7 0
0 4 12 5 7 6 2
0 0.0 1529.1 0.0 53.9 57.1 171.8 154.7 0.0 0.0 0.0 0.0 845.4
0 3 9 1 10
0 156.4 0 701.4 0 0 0 0 0 496.1 1458.1 0 0
**********2022-05-25 00:24:54**********
53888.24 53899.998 0.022 231.67 880.808 
0 8 11
0 0 0 0 0 0 0 0 0.3 0 0 2811.7 0
0 4 12 5 7 6 2
0 0.0 1529.1 0.0 53.9 57.1 171.8 154.7 0.0 0.0 0.0 0.0 845.4
0 3 9 1 10
0 156.4 0 701.4 0 0 0 0 0 496.1 1458.1 0 0
**********2022-05-25 00:24:57**********
53888.24 53899.998 0.022 231.67 884.472 
0 8 11
0 0 0 0 0 0 0 0 0.3 0 0 2811.7 0
0 4 12 5 7 6 2
0 0.0 1529.1 0.0 53.9 57.1 171.8 154.7 0.0 0.0 0.0 0.0 845.4
0 3 9 1 10
0 156.4 0 701.4 0 0 0 0 0 496.1 1458.1 0 0
**********2022-05-25 00:25:01**********
53888.24 53899.998 0.022 231.67 888.568 
0 8 11
0 0 0 0 0 0 0 0 0.3 0 0 2811.7 0
0 4 12 5 7 6 2
0 0.0 1529.1 0.0 53.9 57.1 171.8 154.7 0.0 0.0 0.0 0.0 845.4
0 3 9 1 10
0 156.4 0 701.4 0 0 0 0 0 496.1 1458.1 0 0
**********2022-05-25 00:25:07**********
53888.24 53899.998 0.022 231.67 894.159 
0 8 11
0 0 0 0 0 0 0 0 0.3 0 0 2811.7 0
0 4 12 5 7 6 2
0 0.0 1529.1 0.0 53.9 57.1 171.8 154.7 0.0 0.0 0.0 0.0 845.4
0 3 9 1 10
0 156.4 0 701.4 0 0 0 0 0 496.1 1458.1 0 0
**********2022-05-25 00:25:11**********
53888.24 53899.998 0.022 231.67 898.399 
0 8 11
0 0 0 0 0 0 0 0 0.3 0 0 2811.7 0
0 4 12 5 7 6 2
0 0.0 1529.1 0.0 53.9 57.1 171.8 154.7 0.0 0.0 0.0 0.0 845.4
0 3 9 1 10
0 156.4 0 701.4 0 0 0 0 0 496.1 1458.1 0 0
**********2022-05-25 00:25:15**********
53888.252 53899.998 0.022 231.67 902.343 
0 8 11
0 0 0 0 0 0 0 0 0.3 0 0 2811.7 0
0 4 12 5 7 6 2
0 0.0 1529.1 0.0 53.9 57.1 171.8 154.7 0.0 0.0 0.0 0.0 845.4
0 3 9 1 10
0 156.4 0 701.4 0 0 0 0 0 496.1 1458.1 0 0
**********2022-05-25 00:25:21**********
53888.313 53899.998 0.022 231.67 908.47 
0 8 11
0 0 0 0 0 0 0 0 0.3 0 0 2811.7 0
0 4 12 5 7 6 2
0 0.0 1529.1 0.0 53.9 57.1 171.8 154.7 0.0 0.0 0.0 0.0 845.4
0 3 9 1 10
0 156.4 0 701.4 0 0 0 0 0 496.1 1458.1 0 0
**********2022-05-25 00:25:27**********
53888.313 53899.998 0.022 231.67 914.351 
0 8 11
0 0 0 0 0 0 0 0 0.3 0 0 2811.7 0
0 4 12 5 7 6 2
0 0.0 1529.1 0.0 53.9 57.1 171.8 154.7 0.0 0.0 0.0 0.0 845.4
0 3 9 1 10
0 156.4 0 701.4 0 0 0 0 0 496.1 1458.1 0 0
**********2022-05-25 00:25:32**********
53888.313 53899.998 0.022 231.67 919.632 
0 8 11
0 0 0 0 0 0 0 0 0.3 0 0 2811.7 0
0 4 12 5 7 6 2
0 0.0 1529.1 0.0 53.9 57.1 171.8 154.7 0.0 0.0 0.0 0.0 845.4
0 3 9 1 10
0 156.4 0 701.4 0 0 0 0 0 496.1 1458.1 0 0
**********2022-05-25 00:25:38**********
53888.313 53899.998 0.022 231.67 925.393 
0 8 11
0 0 0 0 0 0 0 0 0.3 0 0 2811.7 0
0 4 12 5 7 6 2
0 0.0 1529.1 0.0 53.9 57.1 171.8 154.7 0.0 0.0 0.0 0.0 845.4
0 3 9 1 10
0 156.4 0 701.4 0 0 0 0 0 496.1 1458.1 0 0
**********2022-05-25 00:25:45**********
53888.313 53899.998 0.022 231.67 932.587 
0 8 11
0 0 0 0 0 0 0 0 0.3 0 0 2811.7 0
0 4 12 5 7 6 2
0 0.0 1529.1 0.0 53.9 57.1 171.8 154.7 0.0 0.0 0.0 0.0 845.4
0 3 9 1 10
0 156.4 0 701.4 0 0 0 0 0 496.1 1458.1 0 0
**********2022-05-25 00:25:50**********
53888.313 53899.998 0.022 231.67 937.407 
0 8 11
0 0 0 0 0 0 0 0 0.3 0 0 2811.7 0
0 4 12 5 7 6 2
0 0.0 1529.1 0.0 53.9 57.1 171.8 154.7 0.0 0.0 0.0 0.0 845.4
0 3 9 1 10
0 156.4 0 701.4 0 0 0 0 0 496.1 1458.1 0 0
**********2022-05-25 00:25:54**********
53888.326 53899.998 0.022 231.67 941.708 
0 8 11
0 0 0 0 0 0 0 0 0.3 0 0 2811.7 0
0 4 12 5 7 6 2
0 0.0 1529.1 0.0 53.9 57.1 171.8 154.7 0.0 0.0 0.0 0.0 845.4
0 3 9 1 10
0 156.4 0 701.4 0 0 0 0 0 496.1 1458.1 0 0
**********2022-05-25 00:26:01**********
53888.327 53899.998 0.022 231.67 948.21 
0 8 11
0 0 0 0 0 0 0 0 0.3 0 0 2811.7 0
0 4 12 5 7 6 2
0 0.0 1529.1 0.0 53.9 57.1 171.8 154.7 0.0 0.0 0.0 0.0 845.4
0 3 9 1 10
0 156.4 0 701.4 0 0 0 0 0 496.1 1458.1 0 0
**********2022-05-25 00:26:06**********
53888.327 53899.998 0.022 231.67 952.831 
0 8 11
0 0 0 0 0 0 0 0 0.3 0 0 2811.7 0
0 4 12 5 7 6 2
0 0.0 1529.1 0.0 53.9 57.1 171.8 154.7 0.0 0.0 0.0 0.0 845.4
0 3 9 1 10
0 156.4 0 701.4 0 0 0 0 0 496.1 1458.1 0 0
**********2022-05-25 00:26:11**********
53888.328 53899.998 0.022 231.67 958.099 
0 8 11
0 0 0 0 0 0 0 0 0.3 0 0 2811.7 0
0 4 12 5 7 6 2
0 0.0 1529.1 0.0 53.9 57.1 171.8 154.7 0.0 0.0 0.0 0.0 845.4
0 3 9 1 10
0 156.4 0 701.4 0 0 0 0 0 496.1 1458.1 0 0
**********2022-05-25 00:26:20**********
53888.328 53899.998 0.022 231.67 966.767 
0 8 11
0 0 0 0 0 0 0 0 0.3 0 0 2811.7 0
0 4 12 5 7 6 2
0 0.0 1529.1 0.0 53.9 57.1 171.8 154.7 0.0 0.0 0.0 0.0 845.4
0 3 9 1 10
0 156.4 0 701.4 0 0 0 0 0 496.1 1458.1 0 0
**********2022-05-25 00:26:26**********
53888.358 53899.998 0.022 231.67 973.388 
0 8 11
0 0 0 0 0 0 0 0 0.3 0 0 2811.7 0
0 4 12 5 7 6 2
0 0.0 1529.1 0.0 53.9 57.1 171.8 154.7 0.0 0.0 0.0 0.0 845.4
0 3 9 1 10
0 156.4 0 701.4 0 0 0 0 0 496.1 1458.1 0 0
**********2022-05-25 00:26:31**********
53888.358 53899.998 0.022 231.67 978.665 
0 8 11
0 0 0 0 0 0 0 0 0.3 0 0 2811.7 0
0 4 12 5 7 6 2
0 0.0 1529.1 0.0 53.9 57.1 171.8 154.7 0.0 0.0 0.0 0.0 845.4
0 3 9 1 10
0 156.4 0 701.4 0 0 0 0 0 496.1 1458.1 0 0
**********2022-05-25 00:26:38**********
53888.366 53899.998 0.022 231.67 985.452 
0 8 11
0 0 0 0 0 0 0 0 0.3 0 0 2811.7 0
0 4 12 5 7 6 2
0 0.0 1529.1 0.0 53.9 57.1 171.8 154.7 0.0 0.0 0.0 0.0 845.4
0 3 9 1 10
0 156.4 0 701.4 0 0 0 0 0 496.1 1458.1 0 0
**********2022-05-25 00:26:46**********
53888.367 53899.998 0.022 231.67 993.121 
0 8 11
0 0 0 0 0 0 0 0 0.3 0 0 2811.7 0
0 4 12 5 7 6 2
0 0.0 1529.1 0.0 53.9 57.1 171.8 154.7 0.0 0.0 0.0 0.0 845.4
0 3 9 1 10
0 156.4 0 701.4 0 0 0 0 0 496.1 1458.1 0 0
**********2022-05-25 00:26:51**********
53888.367 53899.998 0.022 231.67 998.137 
0 8 11
0 0 0 0 0 0 0 0 0.3 0 0 2811.7 0
0 4 12 5 7 6 2
0 0.0 1529.1 0.0 53.9 57.1 171.8 154.7 0.0 0.0 0.0 0.0 845.4
0 3 9 1 10
0 156.4 0 701.4 0 0 0 0 0 496.1 1458.1 0 0
**********2022-05-25 00:27:00**********
53888.377 53899.998 0.022 231.67 1007.156 
0 8 11
0 0 0 0 0 0 0 0 0.3 0 0 2811.7 0
0 4 12 5 7 6 2
0 0.0 1529.1 0.0 53.9 57.1 171.8 154.7 0.0 0.0 0.0 0.0 845.4
0 3 9 1 10
0 156.4 0 701.4 0 0 0 0 0 496.1 1458.1 0 0
**********2022-05-25 00:27:05**********
53888.377 53899.998 0.022 231.67 1012.668 
0 8 11
0 0 0 0 0 0 0 0 0.3 0 0 2811.7 0
0 4 12 5 7 6 2
0 0.0 1529.1 0.0 53.9 57.1 171.8 154.7 0.0 0.0 0.0 0.0 845.4
0 3 9 1 10
0 156.4 0 701.4 0 0 0 0 0 496.1 1458.1 0 0
**********2022-06-13 13:08:27**********
53883.441 53918.033 0.064 17.578 17.578 
0 3 9 4 10
0 0.0 0.0 728.4 54.5 0.0 0.0 0.0 0.0 515.1 1514.0 0.0 0.0
0 8 11
0 -0.0 0.0 0.0 0.0 0.0 0.0 0.0 0.3 0.0 0.0 2811.7 0.0
0 1 6 7 5 12 2
0 154.7 1473.2 -0.0 0.0 55.0 165.6 149.1 0.0 0.0 0.0 0.0 814.5
**********2022-06-13 13:08:35**********
53883.479 53900.0 0.031 25.567 25.567 
0 8 11
0 -0.0 0.0 0.0 0.0 0.0 0.0 0.0 0.3 0.0 0.0 2811.7 0.0
0 4 12 5 7 6 2
0 0.0 1529.1 0.0 53.9 57.1 171.8 154.7 0.0 0.0 0.0 0.0 845.4
0 3 9 1 10
0 156.4 0.0 701.4 0.0 0.0 0.0 0.0 0.0 496.1 1458.1 0.0 0.0
**********2022-06-13 13:08:43**********
53883.984 53900.0 0.03 25.567 33.635 
0 8 11
0 -0.0 0.0 0.0 0.0 0.0 0.0 0.0 0.3 0.0 0.0 2811.7 0.0
0 4 12 5 7 6 2
0 0.0 1529.1 0.0 53.9 57.1 171.8 154.7 0.0 0.0 0.0 0.0 845.4
0 3 9 1 10
0 156.4 0.0 701.4 0.0 0.0 0.0 0.0 0.0 496.1 1458.1 0.0 0.0
**********2022-06-13 13:08:52**********
53883.984 53900.0 0.03 25.567 42.278 
0 8 11
0 -0.0 0.0 0.0 0.0 0.0 0.0 0.0 0.3 0.0 0.0 2811.7 0.0
0 4 12 5 7 6 2
0 0.0 1529.1 0.0 53.9 57.1 171.8 154.7 0.0 0.0 0.0 0.0 845.4
0 3 9 1 10
0 156.4 0.0 701.4 0.0 0.0 0.0 0.0 0.0 496.1 1458.1 0.0 0.0
**********2022-06-13 13:08:59**********
53884.097 53900.0 0.03 25.567 49.657 
0 8 11
0 -0.0 0.0 0.0 0.0 0.0 0.0 0.0 0.3 0.0 0.0 2811.7 0.0
0 4 12 5 7 6 2
0 0.0 1529.1 0.0 53.9 57.1 171.8 154.7 0.0 0.0 0.0 0.0 845.4
0 3 9 1 10
0 156.4 0.0 701.4 0.0 0.0 0.0 0.0 0.0 496.1 1458.1 0.0 0.0
**********2022-06-13 13:09:09**********
53884.097 53900.0 0.03 25.567 59.466 
0 8 11
0 -0.0 0.0 0.0 0.0 0.0 0.0 0.0 0.3 0.0 0.0 2811.7 0.0
0 4 12 5 7 6 2
0 0.0 1529.1 0.0 53.9 57.1 171.8 154.7 0.0 0.0 0.0 0.0 845.4
0 3 9 1 10
0 156.4 0.0 701.4 0.0 0.0 0.0 0.0 0.0 496.1 1458.1 0.0 0.0
**********2022-06-13 13:09:19**********
53884.103 53900.0 0.029 25.567 69.586 
0 8 11
0 -0.0 0.0 0.0 0.0 0.0 0.0 0.0 0.3 0.0 0.0 2811.7 0.0
0 4 12 5 7 6 2
0 0.0 1529.1 0.0 53.9 57.1 171.8 154.7 0.0 0.0 0.0 0.0 845.4
0 3 9 1 10
0 156.4 0.0 701.4 0.0 0.0 0.0 0.0 0.0 496.1 1458.1 0.0 0.0
**********2022-06-13 13:09:28**********
53884.283 53900.0 0.029 25.567 78.436 
0 8 11
0 -0.0 0.0 0.0 0.0 0.0 0.0 0.0 0.3 0.0 0.0 2811.7 0.0
0 4 12 5 7 6 2
0 0.0 1529.1 0.0 53.9 57.1 171.8 154.7 0.0 0.0 0.0 0.0 845.4
0 3 9 1 10
0 156.4 0.0 701.4 0.0 0.0 0.0 0.0 0.0 496.1 1458.1 0.0 0.0
**********2022-06-13 13:09:36**********
53884.283 53900.0 0.029 25.567 86.552 
0 8 11
0 -0.0 0.0 0.0 0.0 0.0 0.0 0.0 0.3 0.0 0.0 2811.7 0.0
0 4 12 5 7 6 2
0 0.0 1529.1 0.0 53.9 57.1 171.8 154.7 0.0 0.0 0.0 0.0 845.4
0 3 9 1 10
0 156.4 0.0 701.4 0.0 0.0 0.0 0.0 0.0 496.1 1458.1 0.0 0.0
**********2022-06-13 13:09:44**********
53884.283 53900.0 0.029 25.567 94.665 
0 8 11
0 -0.0 0.0 0.0 0.0 0.0 0.0 0.0 0.3 0.0 0.0 2811.7 0.0
0 4 12 5 7 6 2
0 0.0 1529.1 0.0 53.9 57.1 171.8 154.7 0.0 0.0 0.0 0.0 845.4
0 3 9 1 10
0 156.4 0.0 701.4 0.0 0.0 0.0 0.0 0.0 496.1 1458.1 0.0 0.0
**********2022-06-13 13:09:51**********
53884.316 53900.0 0.029 25.567 101.945 
0 8 11
0 -0.0 0.0 0.0 0.0 0.0 0.0 0.0 0.3 0.0 0.0 2811.7 0.0
0 4 12 5 7 6 2
0 0.0 1529.1 0.0 53.9 57.1 171.8 154.7 0.0 0.0 0.0 0.0 845.4
0 3 9 1 10
0 156.4 0.0 701.4 0.0 0.0 0.0 0.0 0.0 496.1 1458.1 0.0 0.0
**********2022-06-13 13:10:01**********
53884.351 53900.0 0.029 25.567 111.257 
0 8 11
0 -0.0 0.0 0.0 0.0 0.0 0.0 0.0 0.3 0.0 0.0 2811.7 0.0
0 4 12 5 7 6 2
0 0.0 1529.1 0.0 53.9 57.1 171.8 154.7 0.0 0.0 0.0 0.0 845.4
0 3 9 1 10
0 156.4 0.0 701.4 0.0 0.0 0.0 0.0 0.0 496.1 1458.1 0.0 0.0
**********2022-06-13 13:10:09**********
53884.37 53900.0 0.029 25.567 119.675 
0 8 11
0 -0.0 0.0 0.0 0.0 0.0 0.0 0.0 0.3 0.0 0.0 2811.7 0.0
0 4 12 5 7 6 2
0 0.0 1529.1 0.0 53.9 57.1 171.8 154.7 0.0 0.0 0.0 0.0 845.4
0 3 9 1 10
0 156.4 0.0 701.4 0.0 0.0 0.0 0.0 0.0 496.1 1458.1 0.0 0.0
**********2022-06-13 13:10:18**********
53884.37 53900.0 0.029 25.567 128.498 
0 8 11
0 -0.0 0.0 0.0 0.0 0.0 0.0 0.0 0.3 0.0 0.0 2811.7 0.0
0 4 12 5 7 6 2
0 0.0 1529.1 0.0 53.9 57.1 171.8 154.7 0.0 0.0 0.0 0.0 845.4
0 3 9 1 10
0 156.4 0.0 701.4 0.0 0.0 0.0 0.0 0.0 496.1 1458.1 0.0 0.0
**********2022-06-13 13:10:25**********
53884.414 53900.0 0.029 25.567 135.972 
0 8 11
0 -0.0 0.0 0.0 0.0 0.0 0.0 0.0 0.3 0.0 0.0 2811.7 0.0
0 4 12 5 7 6 2
0 0.0 1529.1 0.0 53.9 57.1 171.8 154.7 0.0 0.0 0.0 0.0 845.4
0 3 9 1 10
0 156.4 0.0 701.4 0.0 0.0 0.0 0.0 0.0 496.1 1458.1 0.0 0.0
**********2022-06-13 13:10:32**********
53884.414 53900.0 0.029 25.567 142.464 
0 8 11
0 -0.0 0.0 0.0 0.0 0.0 0.0 0.0 0.3 0.0 0.0 2811.7 0.0
0 4 12 5 7 6 2
0 0.0 1529.1 0.0 53.9 57.1 171.8 154.7 0.0 0.0 0.0 0.0 845.4
0 3 9 1 10
0 156.4 0.0 701.4 0.0 0.0 0.0 0.0 0.0 496.1 1458.1 0.0 0.0
**********2022-06-13 13:10:38**********
53884.445 53900.0 0.029 25.567 148.516 
0 8 11
0 -0.0 0.0 0.0 0.0 0.0 0.0 0.0 0.3 0.0 0.0 2811.7 0.0
0 4 12 5 7 6 2
0 0.0 1529.1 0.0 53.9 57.1 171.8 154.7 0.0 0.0 0.0 0.0 845.4
0 3 9 1 10
0 156.4 0.0 701.4 0.0 0.0 0.0 0.0 0.0 496.1 1458.1 0.0 0.0
**********2022-06-13 13:10:46**********
53884.554 53900.0 0.029 25.567 156.736 
0 8 11
0 -0.0 0.0 0.0 0.0 0.0 0.0 0.0 0.3 0.0 0.0 2811.7 0.0
0 4 12 5 7 6 2
0 0.0 1529.1 0.0 53.9 57.1 171.8 154.7 0.0 0.0 0.0 0.0 845.4
0 3 9 1 10
0 156.4 0.0 701.4 0.0 0.0 0.0 0.0 0.0 496.1 1458.1 0.0 0.0
**********2022-06-13 13:10:55**********
53884.736 53900.0 0.028 25.567 165.393 
0 8 11
0 -0.0 0.0 0.0 0.0 0.0 0.0 0.0 0.3 0.0 0.0 2811.7 0.0
0 4 12 5 7 6 2
0 0.0 1529.1 0.0 53.9 57.1 171.8 154.7 0.0 0.0 0.0 0.0 845.4
0 3 9 1 10
0 156.4 0.0 701.4 0.0 0.0 0.0 0.0 0.0 496.1 1458.1 0.0 0.0
**********2022-06-13 13:11:35**********
67365.496 67387.929 0.033 16.968 16.968 
0 5 10
0 0 0 0 0 6.8 0 0 0 0 3536.2 0 0
0 4 12 3 9 2
0 0.0 989.5 571.0 60.1 0.0 0.0 0.0 0.0 522.3 0.0 0.0 1400.1
0 1 8 7 6 11
0 185.1 0.0 0.0 0.0 0.0 127.0 134.9 185.9 0.0 0.0 2910.1 0.0
**********2022-06-13 13:11:49**********
67366.495 67387.929 0.032 16.968 30.072 
0 5 10
0 0 0 0 0 6.8 0 0 0 0 3536.2 0 0
0 4 12 3 9 2
0 0.0 989.5 571.0 60.1 0.0 0.0 0.0 0.0 522.3 0.0 0.0 1400.1
0 1 8 7 6 11
0 185.1 0.0 0.0 0.0 0.0 127.0 134.9 185.9 0.0 0.0 2910.1 0.0
**********2022-06-13 13:11:59**********
67366.495 67387.929 0.032 16.968 40.734 
0 5 10
0 0 0 0 0 6.8 0 0 0 0 3536.2 0 0
0 4 12 3 9 2
0 0.0 989.5 571.0 60.1 0.0 0.0 0.0 0.0 522.3 0.0 0.0 1400.1
0 1 8 7 6 11
0 185.1 0.0 0.0 0.0 0.0 127.0 134.9 185.9 0.0 0.0 2910.1 0.0
**********2022-06-13 13:12:06**********
67366.523 67387.929 0.032 16.968 47.348 
0 5 10
0 0 0 0 0 6.8 0 0 0 0 3536.2 0 0
0 4 12 3 9 2
0 0.0 989.5 571.0 60.1 0.0 0.0 0.0 0.0 522.3 0.0 0.0 1400.1
0 1 8 7 6 11
0 185.1 0.0 0.0 0.0 0.0 127.0 134.9 185.9 0.0 0.0 2910.1 0.0
**********2022-06-13 13:12:15**********
67366.523 67387.929 0.032 16.968 56.406 
0 5 10
0 0 0 0 0 6.8 0 0 0 0 3536.2 0 0
0 4 12 3 9 2
0 0.0 989.5 571.0 60.1 0.0 0.0 0.0 0.0 522.3 0.0 0.0 1400.1
0 1 8 7 6 11
0 185.1 0.0 0.0 0.0 0.0 127.0 134.9 185.9 0.0 0.0 2910.1 0.0
**********2022-06-13 13:12:26**********
67366.523 67387.929 0.032 16.968 67.528 
0 5 10
0 0 0 0 0 6.8 0 0 0 0 3536.2 0 0
0 4 12 3 9 2
0 0.0 989.5 571.0 60.1 0.0 0.0 0.0 0.0 522.3 0.0 0.0 1400.1
0 1 8 7 6 11
0 185.1 0.0 0.0 0.0 0.0 127.0 134.9 185.9 0.0 0.0 2910.1 0.0
**********2022-06-13 13:12:35**********
67366.523 67387.929 0.032 16.968 76.026 
0 5 10
0 0 0 0 0 6.8 0 0 0 0 3536.2 0 0
0 4 12 3 9 2
0 0.0 989.5 571.0 60.1 0.0 0.0 0.0 0.0 522.3 0.0 0.0 1400.1
0 1 8 7 6 11
0 185.1 0.0 0.0 0.0 0.0 127.0 134.9 185.9 0.0 0.0 2910.1 0.0
**********2022-06-13 13:12:48**********
67366.533 67387.929 0.032 16.968 89.395 
0 5 10
0 0 0 0 0 6.8 0 0 0 0 3536.2 0 0
0 4 12 3 9 2
0 0.0 989.5 571.0 60.1 0.0 0.0 0.0 0.0 522.3 0.0 0.0 1400.1
0 1 8 7 6 11
0 185.1 0.0 0.0 0.0 0.0 127.0 134.9 185.9 0.0 0.0 2910.1 0.0
**********2022-06-13 13:12:56**********
67366.533 67387.929 0.032 16.968 97.567 
0 5 10
0 0 0 0 0 6.8 0 0 0 0 3536.2 0 0
0 4 12 3 9 2
0 0.0 989.5 571.0 60.1 0.0 0.0 0.0 0.0 522.3 0.0 0.0 1400.1
0 1 8 7 6 11
0 185.1 0.0 0.0 0.0 0.0 127.0 134.9 185.9 0.0 0.0 2910.1 0.0
**********2022-06-13 13:13:07**********
67366.533 67387.929 0.032 16.968 108.876 
0 5 10
0 0 0 0 0 6.8 0 0 0 0 3536.2 0 0
0 4 12 3 9 2
0 0.0 989.5 571.0 60.1 0.0 0.0 0.0 0.0 522.3 0.0 0.0 1400.1
0 1 8 7 6 11
0 185.1 0.0 0.0 0.0 0.0 127.0 134.9 185.9 0.0 0.0 2910.1 0.0
**********2022-06-13 13:13:39**********
83572.103 83576.316 0.005 27.975 27.975 
0 4 10
0 0 0 0 11.8 0 0 0 0 0 4329.2 0 0
0 7 5 11
0 0.0 0.0 0.0 0.0 36.0 0.0 35.9 0.0 0.0 0.0 4269.1 0.0
0 2 9 3 12 6 1 8
0 296.1 246.3 1196.2 0.0 0.0 141.4 0.0 246.8 1318.8 0.0 0.0 895.5
**********2024-02-15 00:17:55**********
83572.103 83579.602 0.009 44.096 44.096 1 232.0 
0 4 10
0 0.0 0.0 0.0 11.8 0.0 0.0 0.0 0.0 0.0 4329.2 0.0 0.0
0 2 3 9 1 7 6 12 8
0 285.2 237.1 1151.9 0.0 0.0 136.2 160.7 237.6 1270.0 0.0 0.0 862.3
0 5 11
0 0.0 0.0 0.0 0.0 36.3 0.0 0.0 0.0 0.0 0.0 4304.7 0.0
