**********2022-05-25 00:12:30**********
41336.131 41366.523 0.073 48.027 48.027 
0 9 3 4 2 12
0 0.0 157.3 866.6 55.0 0.0 0.0 0.0 0.0 597.3 0.0 0.0 555.8
0 6 10 5 1 7
0 252.4 0.0 0.0 0.0 94.6 899.1 45.5 0.0 0.0 940.4 0.0 0.0
0 8 11
0 0.0 0.0 0.0 0.0 0.0 0.0 0.0 1.3 0.0 0.0 2230.7 0.0
**********2022-05-25 00:12:48**********
41336.215 41366.523 0.073 48.027 65.85 
0 9 3 4 2 12
0 0.0 157.3 866.6 55.0 0.0 0.0 0.0 0.0 597.3 0.0 0.0 555.8
0 6 10 5 1 7
0 252.4 0.0 0.0 0.0 94.6 899.1 45.5 0.0 0.0 940.4 0.0 0.0
0 8 11
0 0.0 0.0 0.0 0.0 0.0 0.0 0.0 1.3 0.0 0.0 2230.7 0.0
**********2022-05-25 00:13:04**********
41336.219 41366.523 0.073 48.027 82.715 
0 9 3 4 2 12
0 0.0 157.3 866.6 55.0 0.0 0.0 0.0 0.0 597.3 0.0 0.0 555.8
0 6 10 5 1 7
0 252.4 0.0 0.0 0.0 94.6 899.1 45.5 0.0 0.0 940.4 0.0 0.0
0 8 11
0 0.0 0.0 0.0 0.0 0.0 0.0 0.0 1.3 0.0 0.0 2230.7 0.0
**********2022-05-25 00:13:16**********
41336.221 41366.523 0.073 48.027 94.462 
0 9 3 4 2 12
0 0.0 157.3 866.6 55.0 0.0 0.0 0.0 0.0 597.3 0.0 0.0 555.8
0 6 10 5 1 7
0 252.4 0.0 0.0 0.0 94.6 899.1 45.5 0.0 0.0 940.4 0.0 0.0
0 8 11
0 0.0 0.0 0.0 0.0 0.0 0.0 0.0 1.3 0.0 0.0 2230.7 0.0
**********2022-05-25 00:13:39**********
41336.222 41352.858 0.04 117.726 117.726 
0 8 11
0 0 0 0 0 0 0 0 1.3 0 0 2230.7 0
0 3 7 2 1 6
0 250.8 160.1 882.3 0.0 0.0 893.6 45.3 0.0 0.0 0.0 0.0 0.0
0 10 12 4 9 5
0 0.0 0.0 0.0 55.3 92.9 0.0 0.0 0.0 601.0 923.6 0.0 559.2
**********2022-05-25 00:13:49**********
41336.229 41352.858 0.04 117.726 127.677 
0 8 11
0 0 0 0 0 0 0 0 1.3 0 0 2230.7 0
0 3 7 2 1 6
0 250.8 160.1 882.3 0.0 0.0 893.6 45.3 0.0 0.0 0.0 0.0 0.0
0 10 12 4 9 5
0 0.0 0.0 0.0 55.3 92.9 0.0 0.0 0.0 601.0 923.6 0.0 559.2
**********2022-05-25 00:13:59**********
41336.234 41352.858 0.04 117.726 137.399 
0 8 11
0 0 0 0 0 0 0 0 1.3 0 0 2230.7 0
0 3 7 2 1 6
0 250.8 160.1 882.3 0.0 0.0 893.6 45.3 0.0 0.0 0.0 0.0 0.0
0 10 12 4 9 5
0 0.0 0.0 0.0 55.3 92.9 0.0 0.0 0.0 601.0 923.6 0.0 559.2
**********2022-05-25 00:14:08**********
41336.263 41352.858 0.04 117.726 146.648 
0 8 11
0 0 0 0 0 0 0 0 1.3 0 0 2230.7 0
0 3 7 2 1 6
0 250.8 160.1 882.3 0.0 0.0 893.6 45.3 0.0 0.0 0.0 0.0 0.0
0 10 12 4 9 5
0 0.0 0.0 0.0 55.3 92.9 0.0 0.0 0.0 601.0 923.6 0.0 559.2
**********2022-05-25 11:06:26**********
41336.265 41352.858 0.04 117.726 39284.334 
0 8 11
0 0 0 0 0 0 0 0 1.3 0 0 2230.7 0
0 3 7 2 1 6
0 250.8 160.1 882.3 0.0 0.0 893.6 45.3 0.0 0.0 0.0 0.0 0.0
0 10 12 4 9 5
0 0.0 0.0 0.0 55.3 92.9 0.0 0.0 0.0 601.0 923.6 0.0 559.2
**********2022-05-25 11:06:41**********
41336.305 41352.858 0.04 117.726 39299.161 
0 8 11
0 0 0 0 0 0 0 0 1.3 0 0 2230.7 0
0 3 7 2 1 6
0 250.8 160.1 882.3 0.0 0.0 893.6 45.3 0.0 0.0 0.0 0.0 0.0
0 10 12 4 9 5
0 0.0 0.0 0.0 55.3 92.9 0.0 0.0 0.0 601.0 923.6 0.0 559.2
