**********2022-05-30 13:17:33**********
24921.33 24949.194 0.112 16.28 16.281 
0 5 10
0 0.0 0.0 0.0 0.0 0.6 0.0 0.0 0.0 0.0 21266.4 0.0 0.0
0 7 4 9 12 6 3 2
0 0 1875.3 2081.3 268.2 0 110.9 240.5 0 2228.9 0 0 5910.5
0 11 1 8
0 1979.4 0 0 0 0 0 0 997.9 0 0 16208.2 0
**********2022-05-30 13:17:45**********
24921.33 24948.538 0.109 28.497 28.497 
0 10
0 0 0 0 0 0 0 0 0 0 21267.0 0 0
0 1 6 9 11
0 1979.3 0 0 0 0 110.9 0 0 2228.8 0 16207.8 0
0 4 2 8 7 12 5 3
0 0 1875.2 2081.2 268.2 0.7 0 240.5 997.9 0 0 0 5910.3
**********2022-05-30 13:17:59**********
24921.33 24945.286 0.096 42.322 42.322 
0 5 10
0 0.0 0.0 0.0 0.0 0.6 0.0 0.0 0.0 0.0 21266.4 0.0 0.0
0 1 12 6 2 7 8
0 1979.4 1875.3 0 0 0 110.9 240.5 997.9 0 0 0 5910.5
0 9 3 4 11
0 0 0 2081.3 268.2 0 0 0 0 2228.9 0 16208.2 0
**********2022-05-30 13:18:15**********
24921.33 24942.324 0.084 57.794 57.794 
0 5 10
0 0 0 0 0 0.6 0 0 0 0 21266.4 0 0
0 1 8 11
0 1979.4 0 0 0 0 0 0 997.9 0 0 16208.2 0
0 3 12 9 6 7 4 2
0 0 1875.3 2081.3 268.2 0 110.9 240.5 0 2228.9 0 0 5910.5
**********2022-05-30 13:18:32**********
24921.33 24942.324 0.084 74.556 74.556 
0 5 10
0 0.0 0.0 0.0 0.0 0.6 0.0 0.0 0.0 0.0 21266.4 0.0 0.0
0 1 8 11
0 1979.4 0 0 0 0 0 0 997.9 0 0 16208.2 0
0 3 12 9 6 7 4 2
0 0 1875.3 2081.3 268.2 0 110.9 240.5 0 2228.9 0 0 5910.5
**********2022-05-30 13:18:43**********
24921.33 24942.324 0.084 74.556 86.028 
0 5 10
0 0.0 0.0 0.0 0.0 0.6 0.0 0.0 0.0 0.0 21266.4 0.0 0.0
0 1 8 11
0 1979.4 0 0 0 0 0 0 997.9 0 0 16208.2 0
0 3 12 9 6 7 4 2
0 0 1875.3 2081.3 268.2 0 110.9 240.5 0 2228.9 0 0 5910.5
**********2022-05-30 13:18:55**********
24921.33 24942.324 0.084 98.179 98.179 
0 5 10
0 0.0 0.0 0.0 0.0 0.6 0.0 0.0 0.0 0.0 21266.4 0.0 0.0
0 1 8 11
0 1979.4 0 0 0 0 0 0 997.9 0 0 16208.2 0
0 3 12 9 6 7 4 2
0 0 1875.3 2081.3 268.2 0 110.9 240.5 0 2228.9 0 0 5910.5
**********2022-05-30 13:19:04**********
24921.33 24942.324 0.084 98.179 106.953 
0 5 10
0 0.0 0.0 0.0 0.0 0.6 0.0 0.0 0.0 0.0 21266.4 0.0 0.0
0 1 8 11
0 1979.4 0 0 0 0 0 0 997.9 0 0 16208.2 0
0 3 12 9 6 7 4 2
0 0 1875.3 2081.3 268.2 0 110.9 240.5 0 2228.9 0 0 5910.5
**********2022-05-30 13:19:13**********
24921.33 24932.61 0.045 116.166 116.166 
0 5 10
0 0.0 0.0 0.0 0.0 0.6 0.0 0.0 0.0 0.0 21266.4 0.0 0.0
0 1 9 11
0 1979.4 0 0 0 0 0 0 0 2228.9 0 16208.2 0
0 2 4 12 3 6 7 8
0 0 1875.3 2081.3 268.2 0 110.9 240.5 997.9 0 0 0 5910.5
**********2022-05-30 13:19:23**********
24921.33 24932.61 0.045 116.166 125.971 
0 5 10
0 0.0 0.0 0.0 0.0 0.6 0.0 0.0 0.0 0.0 21266.4 0.0 0.0
0 1 9 11
0 1979.4 0 0 0 0 0 0 0 2228.9 0 16208.2 0
0 2 4 12 3 6 7 8
0 0 1875.3 2081.3 268.2 0 110.9 240.5 997.9 0 0 0 5910.5
**********2022-05-30 13:19:34**********
24921.33 24932.61 0.045 116.166 136.736 
0 5 10
0 0.0 0.0 0.0 0.0 0.6 0.0 0.0 0.0 0.0 21266.4 0.0 0.0
0 1 9 11
0 1979.4 0 0 0 0 0 0 0 2228.9 0 16208.2 0
0 2 4 12 3 6 7 8
0 0 1875.3 2081.3 268.2 0 110.9 240.5 997.9 0 0 0 5910.5
**********2022-05-30 13:19:45**********
24921.33 24932.61 0.045 116.166 147.731 
0 5 10
0 0.0 0.0 0.0 0.0 0.6 0.0 0.0 0.0 0.0 21266.4 0.0 0.0
0 1 9 11
0 1979.4 0 0 0 0 0 0 0 2228.9 0 16208.2 0
0 2 4 12 3 6 7 8
0 0 1875.3 2081.3 268.2 0 110.9 240.5 997.9 0 0 0 5910.5
**********2022-05-30 13:19:58**********
24921.33 24932.61 0.045 116.166 160.754 
0 5 10
0 0.0 0.0 0.0 0.0 0.6 0.0 0.0 0.0 0.0 21266.4 0.0 0.0
0 1 9 11
0 1979.4 0 0 0 0 0 0 0 2228.9 0 16208.2 0
0 2 4 12 3 6 7 8
0 0 1875.3 2081.3 268.2 0 110.9 240.5 997.9 0 0 0 5910.5
**********2022-05-30 13:20:09**********
24921.33 24932.61 0.045 116.166 172.208 
0 5 10
0 0.0 0.0 0.0 0.0 0.6 0.0 0.0 0.0 0.0 21266.4 0.0 0.0
0 1 9 11
0 1979.4 0 0 0 0 0 0 0 2228.9 0 16208.2 0
0 2 4 12 3 6 7 8
0 0 1875.3 2081.3 268.2 0 110.9 240.5 997.9 0 0 0 5910.5
**********2022-05-30 13:20:18**********
24921.33 24932.61 0.045 116.166 181.151 
0 5 10
0 0.0 0.0 0.0 0.0 0.6 0.0 0.0 0.0 0.0 21266.4 0.0 0.0
0 1 9 11
0 1979.4 0 0 0 0 0 0 0 2228.9 0 16208.2 0
0 2 4 12 3 6 7 8
0 0 1875.3 2081.3 268.2 0 110.9 240.5 997.9 0 0 0 5910.5
**********2022-05-30 13:20:27**********
24921.33 24932.61 0.045 116.166 189.565 
0 5 10
0 0.0 0.0 0.0 0.0 0.6 0.0 0.0 0.0 0.0 21266.4 0.0 0.0
0 1 9 11
0 1979.4 0 0 0 0 0 0 0 2228.9 0 16208.2 0
0 2 4 12 3 6 7 8
0 0 1875.3 2081.3 268.2 0 110.9 240.5 997.9 0 0 0 5910.5
**********2022-05-30 13:20:35**********
24921.33 24932.61 0.045 116.166 198.331 
0 5 10
0 0.0 0.0 0.0 0.0 0.6 0.0 0.0 0.0 0.0 21266.4 0.0 0.0
0 1 9 11
0 1979.4 0 0 0 0 0 0 0 2228.9 0 16208.2 0
0 2 4 12 3 6 7 8
0 0 1875.3 2081.3 268.2 0 110.9 240.5 997.9 0 0 0 5910.5
**********2022-05-30 13:20:43**********
24921.33 24932.378 0.044 206.134 206.134 
0 5 10
0 0 0 0 0 0.6 0 0 0 0 21266.4 0 0
0 2 9 3 12 7 8
0 0 1875.3 2081.3 0 0 0 240.5 997.9 2228.9 0 0 5910.5
0 1 6 11 4
0 1979.4 0 0 268.2 0 110.9 0 0 0 0 16208.2 0
**********2022-05-30 13:20:51**********
24921.33 24928.92 0.03 214.01 214.01 
0 5 10
0 0.0 0.0 0.0 0.0 0.6 0.0 0.0 0.0 0.0 21266.4 0.0 0.0
0 3 12 2 9
0 0 1875.3 2081.3 0 0 0 0 0 2228.9 0 0 5910.5
0 1 8 7 6 11 4
0 1979.4 0 0 268.2 0 110.9 240.5 997.9 0 0 16208.2 0
**********2022-05-30 13:20:57**********
24921.33 24928.92 0.03 214.01 220.466 
0 5 10
0 0.0 0.0 0.0 0.0 0.6 0.0 0.0 0.0 0.0 21266.4 0.0 0.0
0 3 12 2 9
0 0 1875.3 2081.3 0 0 0 0 0 2228.9 0 0 5910.5
0 1 8 7 6 11 4
0 1979.4 0 0 268.2 0 110.9 240.5 997.9 0 0 16208.2 0
**********2022-05-30 13:21:04**********
24921.33 24925.718 0.018 227.111 227.111 
0 5 10
0 0 0 0 0 0.6 0 0 0 0 21266.4 0 0
0 1 8 7 6 11
0 1979.4 0 0 0 0 110.9 240.5 997.9 0 0 16208.2 0
0 2 9 3 12 4
0 0 1875.3 2081.3 268.2 0 0 0 0 2228.9 0 0 5910.5
**********2022-05-30 13:21:10**********
24921.33 24925.718 0.018 227.111 233.447 
0 5 10
0 0 0 0 0 0.6 0 0 0 0 21266.4 0 0
0 1 8 7 6 11
0 1979.4 0 0 0 0 110.9 240.5 997.9 0 0 16208.2 0
0 2 9 3 12 4
0 0 1875.3 2081.3 268.2 0 0 0 0 2228.9 0 0 5910.5
**********2022-05-30 13:21:13**********
24921.33 24925.718 0.018 227.111 236.272 
0 5 10
0 0 0 0 0 0.6 0 0 0 0 21266.4 0 0
0 1 8 7 6 11
0 1979.4 0 0 0 0 110.9 240.5 997.9 0 0 16208.2 0
0 2 9 3 12 4
0 0 1875.3 2081.3 268.2 0 0 0 0 2228.9 0 0 5910.5
**********2022-05-30 13:21:19**********
24921.33 24925.718 0.018 227.111 241.779 
0 5 10
0 0 0 0 0 0.6 0 0 0 0 21266.4 0 0
0 1 8 7 6 11
0 1979.4 0 0 0 0 110.9 240.5 997.9 0 0 16208.2 0
0 2 9 3 12 4
0 0 1875.3 2081.3 268.2 0 0 0 0 2228.9 0 0 5910.5
**********2022-05-30 13:21:25**********
24921.33 24925.718 0.018 227.111 247.693 
0 5 10
0 0 0 0 0 0.6 0 0 0 0 21266.4 0 0
0 1 8 7 6 11
0 1979.4 0 0 0 0 110.9 240.5 997.9 0 0 16208.2 0
0 2 9 3 12 4
0 0 1875.3 2081.3 268.2 0 0 0 0 2228.9 0 0 5910.5
**********2022-05-30 13:21:30**********
24921.33 24925.718 0.018 227.111 253.091 
0 5 10
0 0 0 0 0 0.6 0 0 0 0 21266.4 0 0
0 1 8 7 6 11
0 1979.4 0 0 0 0 110.9 240.5 997.9 0 0 16208.2 0
0 2 9 3 12 4
0 0 1875.3 2081.3 268.2 0 0 0 0 2228.9 0 0 5910.5
**********2022-05-30 13:21:35**********
24921.33 24925.718 0.018 227.111 258.388 
0 5 10
0 0 0 0 0 0.6 0 0 0 0 21266.4 0 0
0 1 8 7 6 11
0 1979.4 0 0 0 0 110.9 240.5 997.9 0 0 16208.2 0
0 2 9 3 12 4
0 0 1875.3 2081.3 268.2 0 0 0 0 2228.9 0 0 5910.5
**********2022-05-30 13:21:38**********
24921.33 24925.718 0.018 227.111 261.096 
0 5 10
0 0 0 0 0 0.6 0 0 0 0 21266.4 0 0
0 1 8 7 6 11
0 1979.4 0 0 0 0 110.9 240.5 997.9 0 0 16208.2 0
0 2 9 3 12 4
0 0 1875.3 2081.3 268.2 0 0 0 0 2228.9 0 0 5910.5
**********2022-05-30 13:21:44**********
24921.33 24925.718 0.018 227.111 267.016 
0 5 10
0 0 0 0 0 0.6 0 0 0 0 21266.4 0 0
0 1 8 7 6 11
0 1979.4 0 0 0 0 110.9 240.5 997.9 0 0 16208.2 0
0 2 9 3 12 4
0 0 1875.3 2081.3 268.2 0 0 0 0 2228.9 0 0 5910.5
**********2022-05-30 13:21:49**********
24921.33 24925.718 0.018 227.111 272.34 
0 5 10
0 0 0 0 0 0.6 0 0 0 0 21266.4 0 0
0 1 8 7 6 11
0 1979.4 0 0 0 0 110.9 240.5 997.9 0 0 16208.2 0
0 2 9 3 12 4
0 0 1875.3 2081.3 268.2 0 0 0 0 2228.9 0 0 5910.5
**********2022-05-30 13:21:55**********
24921.33 24925.718 0.018 227.111 277.913 
0 5 10
0 0 0 0 0 0.6 0 0 0 0 21266.4 0 0
0 1 8 7 6 11
0 1979.4 0 0 0 0 110.9 240.5 997.9 0 0 16208.2 0
0 2 9 3 12 4
0 0 1875.3 2081.3 268.2 0 0 0 0 2228.9 0 0 5910.5
**********2022-05-30 13:22:00**********
24921.33 24925.718 0.018 227.111 283.274 
0 5 10
0 0 0 0 0 0.6 0 0 0 0 21266.4 0 0
0 1 8 7 6 11
0 1979.4 0 0 0 0 110.9 240.5 997.9 0 0 16208.2 0
0 2 9 3 12 4
0 0 1875.3 2081.3 268.2 0 0 0 0 2228.9 0 0 5910.5
**********2022-05-30 13:22:03**********
24921.33 24925.718 0.018 227.111 285.72 
0 5 10
0 0 0 0 0 0.6 0 0 0 0 21266.4 0 0
0 1 8 7 6 11
0 1979.4 0 0 0 0 110.9 240.5 997.9 0 0 16208.2 0
0 2 9 3 12 4
0 0 1875.3 2081.3 268.2 0 0 0 0 2228.9 0 0 5910.5
**********2022-05-30 13:22:08**********
24921.33 24925.718 0.018 227.111 290.926 
0 5 10
0 0 0 0 0 0.6 0 0 0 0 21266.4 0 0
0 1 8 7 6 11
0 1979.4 0 0 0 0 110.9 240.5 997.9 0 0 16208.2 0
0 2 9 3 12 4
0 0 1875.3 2081.3 268.2 0 0 0 0 2228.9 0 0 5910.5
**********2022-05-30 13:22:10**********
24921.33 24925.718 0.018 227.111 293.516 
0 5 10
0 0 0 0 0 0.6 0 0 0 0 21266.4 0 0
0 1 8 7 6 11
0 1979.4 0 0 0 0 110.9 240.5 997.9 0 0 16208.2 0
0 2 9 3 12 4
0 0 1875.3 2081.3 268.2 0 0 0 0 2228.9 0 0 5910.5
**********2022-05-30 13:22:13**********
24921.33 24925.718 0.018 227.111 296.202 
0 5 10
0 0 0 0 0 0.6 0 0 0 0 21266.4 0 0
0 1 8 7 6 11
0 1979.4 0 0 0 0 110.9 240.5 997.9 0 0 16208.2 0
0 2 9 3 12 4
0 0 1875.3 2081.3 268.2 0 0 0 0 2228.9 0 0 5910.5
**********2022-05-30 13:22:19**********
24921.33 24925.718 0.018 301.959 301.96 
0 5 10
0 0.0 0.0 0.0 0.0 0.6 0.0 0.0 0.0 0.0 21266.4 0.0 0.0
0 1 8 7 6 11
0 1979.4 0 0 0 0 110.9 240.5 997.9 0 0 16208.2 0
0 2 9 3 12 4
0 0 1875.3 2081.3 268.2 0 0 0 0 2228.9 0 0 5910.5
**********2022-05-30 13:22:21**********
24921.33 24925.718 0.018 301.959 304.28 
0 5 10
0 0.0 0.0 0.0 0.0 0.6 0.0 0.0 0.0 0.0 21266.4 0.0 0.0
0 1 8 7 6 11
0 1979.4 0 0 0 0 110.9 240.5 997.9 0 0 16208.2 0
0 2 9 3 12 4
0 0 1875.3 2081.3 268.2 0 0 0 0 2228.9 0 0 5910.5
**********2022-05-30 13:22:24**********
24921.33 24925.718 0.018 301.959 306.753 
0 5 10
0 0.0 0.0 0.0 0.0 0.6 0.0 0.0 0.0 0.0 21266.4 0.0 0.0
0 1 8 7 6 11
0 1979.4 0 0 0 0 110.9 240.5 997.9 0 0 16208.2 0
0 2 9 3 12 4
0 0 1875.3 2081.3 268.2 0 0 0 0 2228.9 0 0 5910.5
**********2022-05-30 13:22:29**********
24921.33 24925.718 0.018 301.959 311.697 
0 5 10
0 0.0 0.0 0.0 0.0 0.6 0.0 0.0 0.0 0.0 21266.4 0.0 0.0
0 1 8 7 6 11
0 1979.4 0 0 0 0 110.9 240.5 997.9 0 0 16208.2 0
0 2 9 3 12 4
0 0 1875.3 2081.3 268.2 0 0 0 0 2228.9 0 0 5910.5
**********2022-05-30 13:22:34**********
24921.33 24925.718 0.018 301.959 316.826 
0 5 10
0 0.0 0.0 0.0 0.0 0.6 0.0 0.0 0.0 0.0 21266.4 0.0 0.0
0 1 8 7 6 11
0 1979.4 0 0 0 0 110.9 240.5 997.9 0 0 16208.2 0
0 2 9 3 12 4
0 0 1875.3 2081.3 268.2 0 0 0 0 2228.9 0 0 5910.5
**********2022-05-30 13:22:36**********
24921.33 24925.718 0.018 301.959 318.905 
0 5 10
0 0.0 0.0 0.0 0.0 0.6 0.0 0.0 0.0 0.0 21266.4 0.0 0.0
0 1 8 7 6 11
0 1979.4 0 0 0 0 110.9 240.5 997.9 0 0 16208.2 0
0 2 9 3 12 4
0 0 1875.3 2081.3 268.2 0 0 0 0 2228.9 0 0 5910.5
**********2022-05-30 13:22:38**********
24921.33 24925.718 0.018 301.959 321.086 
0 5 10
0 0.0 0.0 0.0 0.0 0.6 0.0 0.0 0.0 0.0 21266.4 0.0 0.0
0 1 8 7 6 11
0 1979.4 0 0 0 0 110.9 240.5 997.9 0 0 16208.2 0
0 2 9 3 12 4
0 0 1875.3 2081.3 268.2 0 0 0 0 2228.9 0 0 5910.5
**********2022-05-30 13:22:40**********
24921.33 24925.718 0.018 301.959 323.479 
0 5 10
0 0.0 0.0 0.0 0.0 0.6 0.0 0.0 0.0 0.0 21266.4 0.0 0.0
0 1 8 7 6 11
0 1979.4 0 0 0 0 110.9 240.5 997.9 0 0 16208.2 0
0 2 9 3 12 4
0 0 1875.3 2081.3 268.2 0 0 0 0 2228.9 0 0 5910.5
**********2022-05-30 13:22:46**********
24921.33 24925.718 0.018 301.959 328.549 
0 5 10
0 0.0 0.0 0.0 0.0 0.6 0.0 0.0 0.0 0.0 21266.4 0.0 0.0
0 1 8 7 6 11
0 1979.4 0 0 0 0 110.9 240.5 997.9 0 0 16208.2 0
0 2 9 3 12 4
0 0 1875.3 2081.3 268.2 0 0 0 0 2228.9 0 0 5910.5
**********2022-05-30 13:22:48**********
24921.33 24925.718 0.018 301.959 330.801 
0 5 10
0 0.0 0.0 0.0 0.0 0.6 0.0 0.0 0.0 0.0 21266.4 0.0 0.0
0 1 8 7 6 11
0 1979.4 0 0 0 0 110.9 240.5 997.9 0 0 16208.2 0
0 2 9 3 12 4
0 0 1875.3 2081.3 268.2 0 0 0 0 2228.9 0 0 5910.5
**********2022-05-30 13:22:50**********
24921.33 24925.718 0.018 301.959 332.98 
0 5 10
0 0.0 0.0 0.0 0.0 0.6 0.0 0.0 0.0 0.0 21266.4 0.0 0.0
0 1 8 7 6 11
0 1979.4 0 0 0 0 110.9 240.5 997.9 0 0 16208.2 0
0 2 9 3 12 4
0 0 1875.3 2081.3 268.2 0 0 0 0 2228.9 0 0 5910.5
**********2022-05-30 13:22:52**********
24921.33 24925.718 0.018 301.959 335.204 
0 5 10
0 0.0 0.0 0.0 0.0 0.6 0.0 0.0 0.0 0.0 21266.4 0.0 0.0
0 1 8 7 6 11
0 1979.4 0 0 0 0 110.9 240.5 997.9 0 0 16208.2 0
0 2 9 3 12 4
0 0 1875.3 2081.3 268.2 0 0 0 0 2228.9 0 0 5910.5
**********2022-05-30 13:22:54**********
24921.33 24925.718 0.018 301.959 337.48 
0 5 10
0 0.0 0.0 0.0 0.0 0.6 0.0 0.0 0.0 0.0 21266.4 0.0 0.0
0 1 8 7 6 11
0 1979.4 0 0 0 0 110.9 240.5 997.9 0 0 16208.2 0
0 2 9 3 12 4
0 0 1875.3 2081.3 268.2 0 0 0 0 2228.9 0 0 5910.5
**********2022-05-30 13:23:00**********
24921.33 24925.718 0.018 301.959 343.009 
0 5 10
0 0.0 0.0 0.0 0.0 0.6 0.0 0.0 0.0 0.0 21266.4 0.0 0.0
0 1 8 7 6 11
0 1979.4 0 0 0 0 110.9 240.5 997.9 0 0 16208.2 0
0 2 9 3 12 4
0 0 1875.3 2081.3 268.2 0 0 0 0 2228.9 0 0 5910.5
**********2022-05-30 14:11:33**********
24921.33 24943.872 0.09 25.681 25.681 
0 2 3 6 4 9 7 12
0 0 1875.3 2081.3 268.2 0 110.9 240.5 0 2228.9 0 0 5910.5
0 1 11 8
0 1979.4 0 0 0 0 0 0 997.9 0 0 16208.2 0
0 5 10
0 0.0 0.0 0.0 0.0 0.6 0.0 0.0 0.0 0.0 21266.4 0.0 0.0
**********2022-05-30 14:11:46**********
24921.33 24943.872 0.09 25.681 38.224 
0 2 3 6 4 9 7 12
0 0 1875.3 2081.3 268.2 0 110.9 240.5 0 2228.9 0 0 5910.5
0 1 11 8
0 1979.4 0 0 0 0 0 0 997.9 0 0 16208.2 0
0 5 10
0 0.0 0.0 0.0 0.0 0.6 0.0 0.0 0.0 0.0 21266.4 0.0 0.0
**********2022-05-30 14:13:57**********
24921.33 24941.018 0.079 23.761 23.761 
0 4 9 2 11
0 0 1875.2 0 268.2 0 0 0 0 2228.8 0 16207.8 0
0 10
0 0 0 0 0 0 0 0 0 0 21267.0 0 0
0 6 8 7 5 3 12 1
0 1979.3 0 2081.2 0 0.7 110.9 240.5 997.9 0 0 0 5910.3
**********2022-05-30 14:14:14**********
24921.33 24941.018 0.079 41.261 41.261 
0 4 9 2 11
0 0 1875.2 0 268.2 0 0 0 0 2228.8 0 16207.8 0
0 10
0 0 0 0 0 0 0 0 0 0 21267.0 0 0
0 6 8 7 5 3 12 1
0 1979.3 0 2081.2 0 0.7 110.9 240.5 997.9 0 0 0 5910.3
**********2022-05-30 14:14:34**********
24921.33 24941.018 0.079 41.261 60.809 
0 4 9 2 11
0 0 1875.2 0 268.2 0 0 0 0 2228.8 0 16207.8 0
0 10
0 0 0 0 0 0 0 0 0 0 21267.0 0 0
0 6 8 7 5 3 12 1
0 1979.3 0 2081.2 0 0.7 110.9 240.5 997.9 0 0 0 5910.3
**********2022-05-30 14:15:12**********
24921.33 24937.258 0.064 23.386 23.386 
0 3 8 12 1 6 7
0 1979.4 0 2081.3 0 0 110.9 240.5 997.9 0 0 0 5910.5
0 2 4 9 11
0 0 1875.3 0 268.2 0 0 0 0 2228.9 0 16208.2 0
0 5 10
0 0.0 0.0 0.0 0.0 0.6 0.0 0.0 0.0 0.0 21266.4 0.0 0.0
**********2022-05-30 14:15:31**********
24921.33 24935.326 0.056 42.167 42.167 
0 5 10
0 0.0 0.0 0.0 0.0 0.6 0.0 0.0 0.0 0.0 21266.4 0.0 0.0
0 4 12 8 7 9 2 3
0 0 1875.3 2081.3 268.2 0 0 240.5 997.9 2228.9 0 0 5910.5
0 6 11 1
0 1979.4 0 0 0 0 110.9 0 0 0 0 16208.2 0
**********2022-05-30 14:15:43**********
24921.33 24935.326 0.056 42.167 54.726 
0 5 10
0 0.0 0.0 0.0 0.0 0.6 0.0 0.0 0.0 0.0 21266.4 0.0 0.0
0 4 12 8 7 9 2 3
0 0 1875.3 2081.3 268.2 0 0 240.5 997.9 2228.9 0 0 5910.5
0 6 11 1
0 1979.4 0 0 0 0 110.9 0 0 0 0 16208.2 0
**********2022-05-30 14:16:00**********
24921.33 24935.326 0.056 42.167 71.276 
0 5 10
0 0.0 0.0 0.0 0.0 0.6 0.0 0.0 0.0 0.0 21266.4 0.0 0.0
0 4 12 8 7 9 2 3
0 0 1875.3 2081.3 268.2 0 0 240.5 997.9 2228.9 0 0 5910.5
0 6 11 1
0 1979.4 0 0 0 0 110.9 0 0 0 0 16208.2 0
**********2022-05-30 14:16:18**********
24921.33 24935.326 0.056 42.167 88.953 
0 5 10
0 0.0 0.0 0.0 0.0 0.6 0.0 0.0 0.0 0.0 21266.4 0.0 0.0
0 4 12 8 7 9 2 3
0 0 1875.3 2081.3 268.2 0 0 240.5 997.9 2228.9 0 0 5910.5
0 6 11 1
0 1979.4 0 0 0 0 110.9 0 0 0 0 16208.2 0
**********2022-05-30 14:16:33**********
24921.33 24935.316 0.056 103.99 103.99 
0 5 10
0 0.0 0.0 0.0 0.0 0.6 0.0 0.0 0.0 0.0 21266.4 0.0 0.0
0 6 3 12 4 8 1
0 1979.4 0 2081.3 268.2 0 110.9 0 997.9 0 0 0 5910.5
0 7 2 9 11
0 0 1875.3 0 0 0 0 240.5 0 2228.9 0 16208.2 0
**********2022-05-30 14:16:45**********
24921.33 24935.316 0.056 103.99 116.652 
0 5 10
0 0.0 0.0 0.0 0.0 0.6 0.0 0.0 0.0 0.0 21266.4 0.0 0.0
0 6 3 12 4 8 1
0 1979.4 0 2081.3 268.2 0 110.9 0 997.9 0 0 0 5910.5
0 7 2 9 11
0 0 1875.3 0 0 0 0 240.5 0 2228.9 0 16208.2 0
**********2022-05-30 14:16:55**********
24921.33 24935.316 0.056 103.99 126.778 
0 5 10
0 0.0 0.0 0.0 0.0 0.6 0.0 0.0 0.0 0.0 21266.4 0.0 0.0
0 6 3 12 4 8 1
0 1979.4 0 2081.3 268.2 0 110.9 0 997.9 0 0 0 5910.5
0 7 2 9 11
0 0 1875.3 0 0 0 0 240.5 0 2228.9 0 16208.2 0
**********2022-05-30 14:17:07**********
24921.33 24935.316 0.056 103.99 138.374 
0 5 10
0 0.0 0.0 0.0 0.0 0.6 0.0 0.0 0.0 0.0 21266.4 0.0 0.0
0 6 3 12 4 8 1
0 1979.4 0 2081.3 268.2 0 110.9 0 997.9 0 0 0 5910.5
0 7 2 9 11
0 0 1875.3 0 0 0 0 240.5 0 2228.9 0 16208.2 0
**********2022-05-30 14:17:16**********
24921.33 24935.316 0.056 103.99 147.863 
0 5 10
0 0.0 0.0 0.0 0.0 0.6 0.0 0.0 0.0 0.0 21266.4 0.0 0.0
0 6 3 12 4 8 1
0 1979.4 0 2081.3 268.2 0 110.9 0 997.9 0 0 0 5910.5
0 7 2 9 11
0 0 1875.3 0 0 0 0 240.5 0 2228.9 0 16208.2 0
**********2022-05-30 14:17:28**********
24921.33 24935.316 0.056 103.99 159.055 
0 5 10
0 0.0 0.0 0.0 0.0 0.6 0.0 0.0 0.0 0.0 21266.4 0.0 0.0
0 6 3 12 4 8 1
0 1979.4 0 2081.3 268.2 0 110.9 0 997.9 0 0 0 5910.5
0 7 2 9 11
0 0 1875.3 0 0 0 0 240.5 0 2228.9 0 16208.2 0
**********2022-05-30 14:17:37**********
24921.33 24935.316 0.056 103.99 168.341 
0 5 10
0 0.0 0.0 0.0 0.0 0.6 0.0 0.0 0.0 0.0 21266.4 0.0 0.0
0 6 3 12 4 8 1
0 1979.4 0 2081.3 268.2 0 110.9 0 997.9 0 0 0 5910.5
0 7 2 9 11
0 0 1875.3 0 0 0 0 240.5 0 2228.9 0 16208.2 0
**********2022-05-30 14:17:49**********
24921.33 24935.316 0.056 103.99 180.695 
0 5 10
0 0.0 0.0 0.0 0.0 0.6 0.0 0.0 0.0 0.0 21266.4 0.0 0.0
0 6 3 12 4 8 1
0 1979.4 0 2081.3 268.2 0 110.9 0 997.9 0 0 0 5910.5
0 7 2 9 11
0 0 1875.3 0 0 0 0 240.5 0 2228.9 0 16208.2 0
**********2022-05-30 14:18:01**********
24921.33 24935.316 0.056 103.99 192.413 
0 5 10
0 0.0 0.0 0.0 0.0 0.6 0.0 0.0 0.0 0.0 21266.4 0.0 0.0
0 6 3 12 4 8 1
0 1979.4 0 2081.3 268.2 0 110.9 0 997.9 0 0 0 5910.5
0 7 2 9 11
0 0 1875.3 0 0 0 0 240.5 0 2228.9 0 16208.2 0
**********2022-05-30 14:18:15**********
24921.33 24931.688 0.042 206.254 206.254 
0 5 10
0 0.0 0.0 0.0 0.0 0.6 0.0 0.0 0.0 0.0 21266.4 0.0 0.0
0 1 8 11
0 1979.4 0 0 0 0 0 0 997.9 0 0 16208.2 0
0 6 3 12 4 7 9 2
0 0 1875.3 2081.3 268.2 0 110.9 240.5 0 2228.9 0 0 5910.5
**********2022-05-30 14:18:28**********
24921.33 24931.688 0.042 206.254 219.212 
0 5 10
0 0.0 0.0 0.0 0.0 0.6 0.0 0.0 0.0 0.0 21266.4 0.0 0.0
0 1 8 11
0 1979.4 0 0 0 0 0 0 997.9 0 0 16208.2 0
0 6 3 12 4 7 9 2
0 0 1875.3 2081.3 268.2 0 110.9 240.5 0 2228.9 0 0 5910.5
**********2022-05-30 14:18:38**********
24921.33 24931.688 0.042 206.254 229.03 
0 5 10
0 0.0 0.0 0.0 0.0 0.6 0.0 0.0 0.0 0.0 21266.4 0.0 0.0
0 1 8 11
0 1979.4 0 0 0 0 0 0 997.9 0 0 16208.2 0
0 6 3 12 4 7 9 2
0 0 1875.3 2081.3 268.2 0 110.9 240.5 0 2228.9 0 0 5910.5
**********2022-05-30 14:18:48**********
24921.33 24930.436 0.037 239.411 239.411 
0 5 10
0 0.0 0.0 0.0 0.0 0.6 0.0 0.0 0.0 0.0 21266.4 0.0 0.0
0 3 12 4 9 1 8
0 1979.4 0 2081.3 268.2 0 0 0 997.9 2228.9 0 0 5910.5
0 2 11 7 6
0 0 1875.3 0 0 0 110.9 240.5 0 0 0 16208.2 0
**********2022-05-30 14:18:59**********
24921.33 24930.436 0.037 239.411 250.205 
0 5 10
0 0.0 0.0 0.0 0.0 0.6 0.0 0.0 0.0 0.0 21266.4 0.0 0.0
0 3 12 4 9 1 8
0 1979.4 0 2081.3 268.2 0 0 0 997.9 2228.9 0 0 5910.5
0 2 11 7 6
0 0 1875.3 0 0 0 110.9 240.5 0 0 0 16208.2 0
**********2022-05-30 14:19:08**********
24921.33 24930.436 0.037 239.411 259.537 
0 5 10
0 0.0 0.0 0.0 0.0 0.6 0.0 0.0 0.0 0.0 21266.4 0.0 0.0
0 3 12 4 9 1 8
0 1979.4 0 2081.3 268.2 0 0 0 997.9 2228.9 0 0 5910.5
0 2 11 7 6
0 0 1875.3 0 0 0 110.9 240.5 0 0 0 16208.2 0
**********2022-05-30 14:19:17**********
24921.33 24930.436 0.037 239.411 268.553 
0 5 10
0 0.0 0.0 0.0 0.0 0.6 0.0 0.0 0.0 0.0 21266.4 0.0 0.0
0 3 12 4 9 1 8
0 1979.4 0 2081.3 268.2 0 0 0 997.9 2228.9 0 0 5910.5
0 2 11 7 6
0 0 1875.3 0 0 0 110.9 240.5 0 0 0 16208.2 0
**********2022-05-30 14:19:26**********
24921.33 24930.436 0.037 239.411 277.325 
0 5 10
0 0.0 0.0 0.0 0.0 0.6 0.0 0.0 0.0 0.0 21266.4 0.0 0.0
0 3 12 4 9 1 8
0 1979.4 0 2081.3 268.2 0 0 0 997.9 2228.9 0 0 5910.5
0 2 11 7 6
0 0 1875.3 0 0 0 110.9 240.5 0 0 0 16208.2 0
**********2022-05-30 14:19:34**********
24921.33 24930.436 0.037 239.411 285.573 
0 5 10
0 0.0 0.0 0.0 0.0 0.6 0.0 0.0 0.0 0.0 21266.4 0.0 0.0
0 3 12 4 9 1 8
0 1979.4 0 2081.3 268.2 0 0 0 997.9 2228.9 0 0 5910.5
0 2 11 7 6
0 0 1875.3 0 0 0 110.9 240.5 0 0 0 16208.2 0
**********2022-05-30 14:19:38**********
24921.33 24930.436 0.037 239.411 289.111 
0 5 10
0 0.0 0.0 0.0 0.0 0.6 0.0 0.0 0.0 0.0 21266.4 0.0 0.0
0 3 12 4 9 1 8
0 1979.4 0 2081.3 268.2 0 0 0 997.9 2228.9 0 0 5910.5
0 2 11 7 6
0 0 1875.3 0 0 0 110.9 240.5 0 0 0 16208.2 0
**********2022-05-30 14:19:45**********
24921.33 24930.436 0.037 239.411 296.787 
0 5 10
0 0.0 0.0 0.0 0.0 0.6 0.0 0.0 0.0 0.0 21266.4 0.0 0.0
0 3 12 4 9 1 8
0 1979.4 0 2081.3 268.2 0 0 0 997.9 2228.9 0 0 5910.5
0 2 11 7 6
0 0 1875.3 0 0 0 110.9 240.5 0 0 0 16208.2 0
**********2022-05-30 14:19:49**********
24921.33 24930.436 0.037 239.411 300.393 
0 5 10
0 0.0 0.0 0.0 0.0 0.6 0.0 0.0 0.0 0.0 21266.4 0.0 0.0
0 3 12 4 9 1 8
0 1979.4 0 2081.3 268.2 0 0 0 997.9 2228.9 0 0 5910.5
0 2 11 7 6
0 0 1875.3 0 0 0 110.9 240.5 0 0 0 16208.2 0
**********2022-05-30 14:19:55**********
24921.33 24930.436 0.037 239.411 306.232 
0 5 10
0 0.0 0.0 0.0 0.0 0.6 0.0 0.0 0.0 0.0 21266.4 0.0 0.0
0 3 12 4 9 1 8
0 1979.4 0 2081.3 268.2 0 0 0 997.9 2228.9 0 0 5910.5
0 2 11 7 6
0 0 1875.3 0 0 0 110.9 240.5 0 0 0 16208.2 0
**********2022-05-30 14:19:58**********
24921.33 24925.718 0.018 309.329 309.329 
0 1 8 7 6 11
0 1979.4 0 0 0 0 110.9 240.5 997.9 0 0 16208.2 0
0 2 9 3 12 4
0 0 1875.3 2081.3 268.2 0 0 0 0 2228.9 0 0 5910.5
0 5 10
0 0 0 0 0 0.6 0 0 0 0 21266.4 0 0
**********2022-05-30 14:20:04**********
24921.33 24925.718 0.018 309.329 315.518 
0 1 8 7 6 11
0 1979.4 0 0 0 0 110.9 240.5 997.9 0 0 16208.2 0
0 2 9 3 12 4
0 0 1875.3 2081.3 268.2 0 0 0 0 2228.9 0 0 5910.5
0 5 10
0 0 0 0 0 0.6 0 0 0 0 21266.4 0 0
**********2022-05-30 14:20:11**********
24921.33 24925.718 0.018 309.329 322.272 
0 1 8 7 6 11
0 1979.4 0 0 0 0 110.9 240.5 997.9 0 0 16208.2 0
0 2 9 3 12 4
0 0 1875.3 2081.3 268.2 0 0 0 0 2228.9 0 0 5910.5
0 5 10
0 0 0 0 0 0.6 0 0 0 0 21266.4 0 0
**********2022-05-30 14:20:17**********
24921.33 24925.718 0.018 328.647 328.647 
0 5 10
0 0.0 0.0 0.0 0.0 0.6 0.0 0.0 0.0 0.0 21266.4 0.0 0.0
0 1 8 7 6 11
0 1979.4 0 0 0 0 110.9 240.5 997.9 0 0 16208.2 0
0 2 9 3 12 4
0 0 1875.3 2081.3 268.2 0 0 0 0 2228.9 0 0 5910.5
**********2022-05-30 14:20:23**********
24921.33 24925.718 0.018 328.647 334.241 
0 5 10
0 0.0 0.0 0.0 0.0 0.6 0.0 0.0 0.0 0.0 21266.4 0.0 0.0
0 1 8 7 6 11
0 1979.4 0 0 0 0 110.9 240.5 997.9 0 0 16208.2 0
0 2 9 3 12 4
0 0 1875.3 2081.3 268.2 0 0 0 0 2228.9 0 0 5910.5
**********2022-05-30 14:20:28**********
24921.33 24925.718 0.018 328.647 339.652 
0 5 10
0 0.0 0.0 0.0 0.0 0.6 0.0 0.0 0.0 0.0 21266.4 0.0 0.0
0 1 8 7 6 11
0 1979.4 0 0 0 0 110.9 240.5 997.9 0 0 16208.2 0
0 2 9 3 12 4
0 0 1875.3 2081.3 268.2 0 0 0 0 2228.9 0 0 5910.5
**********2022-05-30 14:20:34**********
24921.33 24925.718 0.018 328.647 345.009 
0 5 10
0 0.0 0.0 0.0 0.0 0.6 0.0 0.0 0.0 0.0 21266.4 0.0 0.0
0 1 8 7 6 11
0 1979.4 0 0 0 0 110.9 240.5 997.9 0 0 16208.2 0
0 2 9 3 12 4
0 0 1875.3 2081.3 268.2 0 0 0 0 2228.9 0 0 5910.5
**********2022-05-30 14:20:39**********
24921.33 24925.718 0.018 328.647 350.439 
0 5 10
0 0.0 0.0 0.0 0.0 0.6 0.0 0.0 0.0 0.0 21266.4 0.0 0.0
0 1 8 7 6 11
0 1979.4 0 0 0 0 110.9 240.5 997.9 0 0 16208.2 0
0 2 9 3 12 4
0 0 1875.3 2081.3 268.2 0 0 0 0 2228.9 0 0 5910.5
**********2022-05-30 14:20:44**********
24921.33 24925.718 0.018 328.647 355.376 
0 5 10
0 0.0 0.0 0.0 0.0 0.6 0.0 0.0 0.0 0.0 21266.4 0.0 0.0
0 1 8 7 6 11
0 1979.4 0 0 0 0 110.9 240.5 997.9 0 0 16208.2 0
0 2 9 3 12 4
0 0 1875.3 2081.3 268.2 0 0 0 0 2228.9 0 0 5910.5
**********2022-05-30 14:20:49**********
24921.33 24925.718 0.018 328.647 360.211 
0 5 10
0 0.0 0.0 0.0 0.0 0.6 0.0 0.0 0.0 0.0 21266.4 0.0 0.0
0 1 8 7 6 11
0 1979.4 0 0 0 0 110.9 240.5 997.9 0 0 16208.2 0
0 2 9 3 12 4
0 0 1875.3 2081.3 268.2 0 0 0 0 2228.9 0 0 5910.5
**********2022-05-30 14:20:52**********
24921.33 24925.718 0.018 328.647 362.965 
0 5 10
0 0.0 0.0 0.0 0.0 0.6 0.0 0.0 0.0 0.0 21266.4 0.0 0.0
0 1 8 7 6 11
0 1979.4 0 0 0 0 110.9 240.5 997.9 0 0 16208.2 0
0 2 9 3 12 4
0 0 1875.3 2081.3 268.2 0 0 0 0 2228.9 0 0 5910.5
**********2022-05-30 14:20:54**********
24921.33 24925.718 0.018 328.647 365.694 
0 5 10
0 0.0 0.0 0.0 0.0 0.6 0.0 0.0 0.0 0.0 21266.4 0.0 0.0
0 1 8 7 6 11
0 1979.4 0 0 0 0 110.9 240.5 997.9 0 0 16208.2 0
0 2 9 3 12 4
0 0 1875.3 2081.3 268.2 0 0 0 0 2228.9 0 0 5910.5
**********2022-05-30 14:20:57**********
24921.33 24925.718 0.018 328.647 368.406 
0 5 10
0 0.0 0.0 0.0 0.0 0.6 0.0 0.0 0.0 0.0 21266.4 0.0 0.0
0 1 8 7 6 11
0 1979.4 0 0 0 0 110.9 240.5 997.9 0 0 16208.2 0
0 2 9 3 12 4
0 0 1875.3 2081.3 268.2 0 0 0 0 2228.9 0 0 5910.5
**********2022-05-30 14:21:00**********
24921.33 24925.718 0.018 328.647 371.248 
0 5 10
0 0.0 0.0 0.0 0.0 0.6 0.0 0.0 0.0 0.0 21266.4 0.0 0.0
0 1 8 7 6 11
0 1979.4 0 0 0 0 110.9 240.5 997.9 0 0 16208.2 0
0 2 9 3 12 4
0 0 1875.3 2081.3 268.2 0 0 0 0 2228.9 0 0 5910.5
**********2022-05-30 14:21:05**********
24921.33 24925.718 0.018 328.647 376.668 
0 5 10
0 0.0 0.0 0.0 0.0 0.6 0.0 0.0 0.0 0.0 21266.4 0.0 0.0
0 1 8 7 6 11
0 1979.4 0 0 0 0 110.9 240.5 997.9 0 0 16208.2 0
0 2 9 3 12 4
0 0 1875.3 2081.3 268.2 0 0 0 0 2228.9 0 0 5910.5
**********2022-05-30 14:21:11**********
24921.33 24925.718 0.018 328.647 381.98 
0 5 10
0 0.0 0.0 0.0 0.0 0.6 0.0 0.0 0.0 0.0 21266.4 0.0 0.0
0 1 8 7 6 11
0 1979.4 0 0 0 0 110.9 240.5 997.9 0 0 16208.2 0
0 2 9 3 12 4
0 0 1875.3 2081.3 268.2 0 0 0 0 2228.9 0 0 5910.5
**********2022-05-30 14:21:16**********
24921.33 24925.718 0.018 328.647 387.759 
0 5 10
0 0.0 0.0 0.0 0.0 0.6 0.0 0.0 0.0 0.0 21266.4 0.0 0.0
0 1 8 7 6 11
0 1979.4 0 0 0 0 110.9 240.5 997.9 0 0 16208.2 0
0 2 9 3 12 4
0 0 1875.3 2081.3 268.2 0 0 0 0 2228.9 0 0 5910.5
**********2022-05-30 14:26:12**********
24921.33 24925.718 0.018 328.647 683.843 
0 5 10
0 0.0 0.0 0.0 0.0 0.6 0.0 0.0 0.0 0.0 21266.4 0.0 0.0
0 1 8 7 6 11
0 1979.4 0 0 0 0 110.9 240.5 997.9 0 0 16208.2 0
0 2 9 3 12 4
0 0 1875.3 2081.3 268.2 0 0 0 0 2228.9 0 0 5910.5
**********2022-05-30 14:26:18**********
24921.33 24925.718 0.018 328.647 689.473 
0 5 10
0 0.0 0.0 0.0 0.0 0.6 0.0 0.0 0.0 0.0 21266.4 0.0 0.0
0 1 8 7 6 11
0 1979.4 0 0 0 0 110.9 240.5 997.9 0 0 16208.2 0
0 2 9 3 12 4
0 0 1875.3 2081.3 268.2 0 0 0 0 2228.9 0 0 5910.5
**********2022-05-30 14:26:21**********
24921.33 24925.718 0.018 328.647 692.309 
0 5 10
0 0.0 0.0 0.0 0.0 0.6 0.0 0.0 0.0 0.0 21266.4 0.0 0.0
0 1 8 7 6 11
0 1979.4 0 0 0 0 110.9 240.5 997.9 0 0 16208.2 0
0 2 9 3 12 4
0 0 1875.3 2081.3 268.2 0 0 0 0 2228.9 0 0 5910.5
**********2022-05-30 14:30:48**********
24922.404 24958.676 0.145 38.401 38.401 
0 7 11 4 8
0 0 0 0 268.2 0 0 240.5 997.9 0 0 16208.2 0
0 2 1 3 6 9 12
0 1979.4 1875.3 2081.3 0 0 110.9 0 0 2228.9 0 0 5910.5
0 5 10
0 0.0 0.0 0.0 0.0 0.6 0.0 0.0 0.0 0.0 21266.4 0.0 0.0
**********2022-05-30 14:31:45**********
24921.33 24941.428 0.081 95.407 95.407 
0 5 10
0 0 0 0 0 0.6 0 0 0 0 21266.4 0 0
0 4 11
0 0 0 0 268.2 0 0 0 0 0 0 16208.2 0
0 12 6 3 8 7 1 9 2
0 1979.4 1875.3 2081.3 0 0 110.9 240.5 997.9 2228.9 0 0 5910.5
**********2022-05-30 14:32:35**********
24921.33 24941.428 0.081 95.407 145.509 
0 5 10
0 0 0 0 0 0.6 0 0 0 0 21266.4 0 0
0 4 11
0 0 0 0 268.2 0 0 0 0 0 0 16208.2 0
0 12 6 3 8 7 1 9 2
0 1979.4 1875.3 2081.3 0 0 110.9 240.5 997.9 2228.9 0 0 5910.5
**********2022-05-30 14:33:21**********
24921.33 24938.572 0.069 191.547 191.547 
0 5 10
0 0.0 0.0 0.0 0.0 0.6 0.0 0.0 0.0 0.0 21266.4 0.0 0.0
0 7 9 6 1 11
0 1979.4 0 0 0 0 110.9 240.5 0 2228.9 0 16208.2 0
0 4 12 2 3 8
0 0 1875.3 2081.3 268.2 0 0 0 997.9 0 0 0 5910.5
**********2022-05-30 14:34:02**********
24921.33 24938.572 0.069 191.547 232.627 
0 5 10
0 0.0 0.0 0.0 0.0 0.6 0.0 0.0 0.0 0.0 21266.4 0.0 0.0
0 7 9 6 1 11
0 1979.4 0 0 0 0 110.9 240.5 0 2228.9 0 16208.2 0
0 4 12 2 3 8
0 0 1875.3 2081.3 268.2 0 0 0 997.9 0 0 0 5910.5
**********2022-05-30 14:34:52**********
24921.33 24938.572 0.069 191.547 282.761 
0 5 10
0 0.0 0.0 0.0 0.0 0.6 0.0 0.0 0.0 0.0 21266.4 0.0 0.0
0 7 9 6 1 11
0 1979.4 0 0 0 0 110.9 240.5 0 2228.9 0 16208.2 0
0 4 12 2 3 8
0 0 1875.3 2081.3 268.2 0 0 0 997.9 0 0 0 5910.5
**********2022-05-30 14:45:12**********
24921.33 24944.788 0.094 18.152 18.152 
0 7 6 9 3 11
0 0 0 2081.2 0 0 110.9 240.5 0 2228.8 0 16207.8 0
0 10
0 0 0 0 0 0 0 0 0 0 21267.0 0 0
0 4 12 8 2 1 5
0 1979.3 1875.2 0 268.2 0.7 0 0 997.9 0 0 0 5910.3
**********2022-05-30 14:45:54**********
24921.33 24947.836 0.106 28.049 28.05 
0 4 9 7 1 5 12 8
0 1979.3 0 0 268.2 0.7 0 240.5 997.9 2228.8 0 0 5910.3
0 10
0 0 0 0 0 0 0 0 0 0 21267.0 0 0
0 6 2 3 11
0 0 1875.2 2081.2 0 0 110.9 0 0 0 0 16207.8 0
**********2022-05-30 14:46:46**********
24921.33 24938.982 0.071 20.305 20.305 
0 2 9 1 6 7 12 4
0 1979.4 1875.3 0 268.2 0 110.9 240.5 0 2228.9 0 0 5910.5
0 5 10
0 0.0 0.0 0.0 0.0 0.6 0.0 0.0 0.0 0.0 21266.4 0.0 0.0
0 11 8 3
0 0 0 2081.3 0 0 0 0 997.9 0 0 16208.2 0
**********2022-05-30 14:47:03**********
24921.33 24938.982 0.071 20.305 37.389 
0 2 9 1 6 7 12 4
0 1979.4 1875.3 0 268.2 0 110.9 240.5 0 2228.9 0 0 5910.5
0 5 10
0 0.0 0.0 0.0 0.0 0.6 0.0 0.0 0.0 0.0 21266.4 0.0 0.0
0 11 8 3
0 0 0 2081.3 0 0 0 0 997.9 0 0 16208.2 0
**********2022-05-30 14:47:20**********
24921.33 24938.982 0.071 20.305 53.684 
0 2 9 1 6 7 12 4
0 1979.4 1875.3 0 268.2 0 110.9 240.5 0 2228.9 0 0 5910.5
0 5 10
0 0.0 0.0 0.0 0.0 0.6 0.0 0.0 0.0 0.0 21266.4 0.0 0.0
0 11 8 3
0 0 0 2081.3 0 0 0 0 997.9 0 0 16208.2 0
**********2022-05-30 14:47:36**********
24921.33 24938.982 0.071 20.305 70.262 
0 2 9 1 6 7 12 4
0 1979.4 1875.3 0 268.2 0 110.9 240.5 0 2228.9 0 0 5910.5
0 5 10
0 0.0 0.0 0.0 0.0 0.6 0.0 0.0 0.0 0.0 21266.4 0.0 0.0
0 11 8 3
0 0 0 2081.3 0 0 0 0 997.9 0 0 16208.2 0
**********2022-05-30 14:47:53**********
24921.33 24938.982 0.071 20.305 87.372 
0 2 9 1 6 7 12 4
0 1979.4 1875.3 0 268.2 0 110.9 240.5 0 2228.9 0 0 5910.5
0 5 10
0 0.0 0.0 0.0 0.0 0.6 0.0 0.0 0.0 0.0 21266.4 0.0 0.0
0 11 8 3
0 0 0 2081.3 0 0 0 0 997.9 0 0 16208.2 0
**********2022-05-30 14:48:07**********
24921.33 24938.982 0.071 20.305 101.141 
0 2 9 1 6 7 12 4
0 1979.4 1875.3 0 268.2 0 110.9 240.5 0 2228.9 0 0 5910.5
0 5 10
0 0.0 0.0 0.0 0.0 0.6 0.0 0.0 0.0 0.0 21266.4 0.0 0.0
0 11 8 3
0 0 0 2081.3 0 0 0 0 997.9 0 0 16208.2 0
**********2022-05-30 14:48:26**********
24921.33 24938.982 0.071 20.305 120.439 
0 2 9 1 6 7 12 4
0 1979.4 1875.3 0 268.2 0 110.9 240.5 0 2228.9 0 0 5910.5
0 5 10
0 0.0 0.0 0.0 0.0 0.6 0.0 0.0 0.0 0.0 21266.4 0.0 0.0
0 11 8 3
0 0 0 2081.3 0 0 0 0 997.9 0 0 16208.2 0
**********2022-05-30 14:48:41**********
24921.33 24935.682 0.058 134.851 134.851 
0 5 10
0 0.0 0.0 0.0 0.0 0.6 0.0 0.0 0.0 0.0 21266.4 0.0 0.0
0 7 9 1 11
0 1979.4 0 0 0 0 0 240.5 0 2228.9 0 16208.2 0
0 6 3 2 12 4 8
0 0 1875.3 2081.3 268.2 0 110.9 0 997.9 0 0 0 5910.5
**********2022-05-30 14:48:53**********
24921.33 24935.682 0.058 134.851 146.768 
0 5 10
0 0.0 0.0 0.0 0.0 0.6 0.0 0.0 0.0 0.0 21266.4 0.0 0.0
0 7 9 1 11
0 1979.4 0 0 0 0 0 240.5 0 2228.9 0 16208.2 0
0 6 3 2 12 4 8
0 0 1875.3 2081.3 268.2 0 110.9 0 997.9 0 0 0 5910.5
**********2022-05-30 14:49:05**********
24921.33 24930.925 0.038 159.454 159.454 
0 2 9 1 6 7 12 4
0 1979.4 1875.3 0 268.2 0 110.9 240.5 0 2228.9 0 0 5910.5
0 5 10
0 0.0 0.0 0.0 0.0 0.6 0.0 0.0 0.0 0.0 21266.4 0.0 0.0
0 3 8 11
0 0 0 2081.2 0 0 0 0 997.9 0 0 16207.8 0
**********2022-05-30 14:49:17**********
24921.33 24930.925 0.038 159.454 171.061 
0 2 9 1 6 7 12 4
0 1979.4 1875.3 0 268.2 0 110.9 240.5 0 2228.9 0 0 5910.5
0 5 10
0 0.0 0.0 0.0 0.0 0.6 0.0 0.0 0.0 0.0 21266.4 0.0 0.0
0 3 8 11
0 0 0 2081.2 0 0 0 0 997.9 0 0 16207.8 0
**********2022-05-30 14:49:27**********
24921.33 24930.925 0.038 159.454 180.676 
0 2 9 1 6 7 12 4
0 1979.4 1875.3 0 268.2 0 110.9 240.5 0 2228.9 0 0 5910.5
0 5 10
0 0.0 0.0 0.0 0.0 0.6 0.0 0.0 0.0 0.0 21266.4 0.0 0.0
0 3 8 11
0 0 0 2081.2 0 0 0 0 997.9 0 0 16207.8 0
**********2022-05-30 14:49:39**********
24921.33 24930.925 0.038 159.454 193.074 
0 2 9 1 6 7 12 4
0 1979.4 1875.3 0 268.2 0 110.9 240.5 0 2228.9 0 0 5910.5
0 5 10
0 0.0 0.0 0.0 0.0 0.6 0.0 0.0 0.0 0.0 21266.4 0.0 0.0
0 3 8 11
0 0 0 2081.2 0 0 0 0 997.9 0 0 16207.8 0
**********2022-05-30 14:49:50**********
24921.33 24930.925 0.038 159.454 203.77 
0 2 9 1 6 7 12 4
0 1979.4 1875.3 0 268.2 0 110.9 240.5 0 2228.9 0 0 5910.5
0 5 10
0 0.0 0.0 0.0 0.0 0.6 0.0 0.0 0.0 0.0 21266.4 0.0 0.0
0 3 8 11
0 0 0 2081.2 0 0 0 0 997.9 0 0 16207.8 0
**********2022-05-30 14:50:00**********
24921.33 24930.925 0.038 159.454 214.155 
0 2 9 1 6 7 12 4
0 1979.4 1875.3 0 268.2 0 110.9 240.5 0 2228.9 0 0 5910.5
0 5 10
0 0.0 0.0 0.0 0.0 0.6 0.0 0.0 0.0 0.0 21266.4 0.0 0.0
0 3 8 11
0 0 0 2081.2 0 0 0 0 997.9 0 0 16207.8 0
**********2022-05-30 14:50:14**********
24921.33 24930.925 0.038 159.454 228.298 
0 2 9 1 6 7 12 4
0 1979.4 1875.3 0 268.2 0 110.9 240.5 0 2228.9 0 0 5910.5
0 5 10
0 0.0 0.0 0.0 0.0 0.6 0.0 0.0 0.0 0.0 21266.4 0.0 0.0
0 3 8 11
0 0 0 2081.2 0 0 0 0 997.9 0 0 16207.8 0
**********2022-05-30 14:52:47**********
24921.33 24941.638 0.081 23.88 23.88 
0 5 10
0 0.0 0.0 0.0 0.0 0.6 0.0 0.0 0.0 0.0 21266.4 0.0 0.0
0 9 1 12 3 6
0 1979.4 0 2081.3 0 0 110.9 0 0 2228.9 0 0 5910.5
0 7 4 8 2 11
0 0 1875.3 0 268.2 0 0 240.5 997.9 0 0 16208.2 0
**********2022-05-30 14:53:00**********
24921.33 24941.638 0.081 23.88 37.183 
0 5 10
0 0.0 0.0 0.0 0.0 0.6 0.0 0.0 0.0 0.0 21266.4 0.0 0.0
0 9 1 12 3 6
0 1979.4 0 2081.3 0 0 110.9 0 0 2228.9 0 0 5910.5
0 7 4 8 2 11
0 0 1875.3 0 268.2 0 0 240.5 997.9 0 0 16208.2 0
**********2022-05-30 14:53:19**********
24921.33 24941.638 0.081 23.88 56.025 
0 5 10
0 0.0 0.0 0.0 0.0 0.6 0.0 0.0 0.0 0.0 21266.4 0.0 0.0
0 9 1 12 3 6
0 1979.4 0 2081.3 0 0 110.9 0 0 2228.9 0 0 5910.5
0 7 4 8 2 11
0 0 1875.3 0 268.2 0 0 240.5 997.9 0 0 16208.2 0
**********2022-05-30 14:53:32**********
24921.33 24941.638 0.081 23.88 68.256 
0 5 10
0 0.0 0.0 0.0 0.0 0.6 0.0 0.0 0.0 0.0 21266.4 0.0 0.0
0 9 1 12 3 6
0 1979.4 0 2081.3 0 0 110.9 0 0 2228.9 0 0 5910.5
0 7 4 8 2 11
0 0 1875.3 0 268.2 0 0 240.5 997.9 0 0 16208.2 0
**********2022-05-30 14:53:42**********
24921.33 24937.388 0.064 78.249 78.25 
0 5 10
0 0 0 0 0 0.6 0 0 0 0 21266.4 0 0
0 3 12 1 9 6
0 1979.4 0 2081.3 0 0 110.9 0 0 2228.9 0 0 5910.5
0 7 8 2 4 11
0 0 1875.3 0 268.2 0 0 240.5 997.9 0 0 16208.2 0
**********2022-05-30 14:53:53**********
24921.33 24935.16 0.055 90.117 90.117 
0 5 10
0 0.0 0.0 0.0 0.0 0.6 0.0 0.0 0.0 0.0 21266.4 0.0 0.0
0 4 9 11
0 0 0 0 268.2 0 0 0 0 2228.9 0 16208.2 0
0 1 7 8 3 12 6 2
0 1979.4 1875.3 2081.3 0 0 110.9 240.5 997.9 0 0 0 5910.5
**********2022-05-30 14:54:02**********
24921.33 24935.16 0.055 90.117 99.173 
0 5 10
0 0.0 0.0 0.0 0.0 0.6 0.0 0.0 0.0 0.0 21266.4 0.0 0.0
0 4 9 11
0 0 0 0 268.2 0 0 0 0 2228.9 0 16208.2 0
0 1 7 8 3 12 6 2
0 1979.4 1875.3 2081.3 0 0 110.9 240.5 997.9 0 0 0 5910.5
**********2022-05-30 16:55:32**********
24921.33 24957.05 0.143 17.354 17.354 
0 7 3 8 4 2 12
0 0 1875.3 2081.3 268.2 0 0 240.5 997.9 0 0 0 5910.5
0 11 1 6 9
0 1979.4 0 0 0 0 110.9 0 0 2228.9 0 16208.2 0
0 5 10
0 0.0 0.0 0.0 0.0 0.6 0.0 0.0 0.0 0.0 21266.4 0.0 0.0
**********2022-05-30 16:55:43**********
24921.33 24936.44 0.061 28.312 28.312 
0 5 10
0 0.0 0.0 0.0 0.0 0.6 0.0 0.0 0.0 0.0 21266.4 0.0 0.0
0 4 9 7 11
0 0 0 0 268.2 0 0 240.5 0 2228.9 0 16208.2 0
0 6 2 3 8 1 12
0 1979.4 1875.3 2081.3 0 0 110.9 0 997.9 0 0 0 5910.5
**********2022-05-30 16:55:54**********
24921.33 24936.44 0.061 28.312 39.215 
0 5 10
0 0.0 0.0 0.0 0.0 0.6 0.0 0.0 0.0 0.0 21266.4 0.0 0.0
0 4 9 7 11
0 0 0 0 268.2 0 0 240.5 0 2228.9 0 16208.2 0
0 6 2 3 8 1 12
0 1979.4 1875.3 2081.3 0 0 110.9 0 997.9 0 0 0 5910.5
**********2022-05-30 16:56:04**********
24921.33 24936.44 0.061 28.312 48.468 
0 5 10
0 0.0 0.0 0.0 0.0 0.6 0.0 0.0 0.0 0.0 21266.4 0.0 0.0
0 4 9 7 11
0 0 0 0 268.2 0 0 240.5 0 2228.9 0 16208.2 0
0 6 2 3 8 1 12
0 1979.4 1875.3 2081.3 0 0 110.9 0 997.9 0 0 0 5910.5
**********2022-05-30 16:56:12**********
24921.33 24936.44 0.061 28.312 57.161 
0 5 10
0 0.0 0.0 0.0 0.0 0.6 0.0 0.0 0.0 0.0 21266.4 0.0 0.0
0 4 9 7 11
0 0 0 0 268.2 0 0 240.5 0 2228.9 0 16208.2 0
0 6 2 3 8 1 12
0 1979.4 1875.3 2081.3 0 0 110.9 0 997.9 0 0 0 5910.5
**********2022-05-30 16:56:19**********
24921.33 24936.44 0.061 28.312 64.146 
0 5 10
0 0.0 0.0 0.0 0.0 0.6 0.0 0.0 0.0 0.0 21266.4 0.0 0.0
0 4 9 7 11
0 0 0 0 268.2 0 0 240.5 0 2228.9 0 16208.2 0
0 6 2 3 8 1 12
0 1979.4 1875.3 2081.3 0 0 110.9 0 997.9 0 0 0 5910.5
**********2022-05-30 16:56:26**********
24921.33 24936.44 0.061 28.312 70.812 
0 5 10
0 0.0 0.0 0.0 0.0 0.6 0.0 0.0 0.0 0.0 21266.4 0.0 0.0
0 4 9 7 11
0 0 0 0 268.2 0 0 240.5 0 2228.9 0 16208.2 0
0 6 2 3 8 1 12
0 1979.4 1875.3 2081.3 0 0 110.9 0 997.9 0 0 0 5910.5
**********2022-05-30 16:56:33**********
24921.33 24936.44 0.061 28.312 78.241 
0 5 10
0 0.0 0.0 0.0 0.0 0.6 0.0 0.0 0.0 0.0 21266.4 0.0 0.0
0 4 9 7 11
0 0 0 0 268.2 0 0 240.5 0 2228.9 0 16208.2 0
0 6 2 3 8 1 12
0 1979.4 1875.3 2081.3 0 0 110.9 0 997.9 0 0 0 5910.5
**********2022-05-30 16:56:40**********
24921.33 24936.44 0.061 28.312 84.676 
0 5 10
0 0.0 0.0 0.0 0.0 0.6 0.0 0.0 0.0 0.0 21266.4 0.0 0.0
0 4 9 7 11
0 0 0 0 268.2 0 0 240.5 0 2228.9 0 16208.2 0
0 6 2 3 8 1 12
0 1979.4 1875.3 2081.3 0 0 110.9 0 997.9 0 0 0 5910.5
**********2022-05-30 16:56:46**********
24921.33 24933.868 0.05 90.79 90.79 
0 5 10
0 0 0 0 0 0.6 0 0 0 0 21266.4 0 0
0 2 9 3 12
0 0 1875.3 2081.3 0 0 0 0 0 2228.9 0 0 5910.5
0 6 7 8 1 4 11
0 1979.4 0 0 268.2 0 110.9 240.5 997.9 0 0 16208.2 0
**********2022-05-30 16:56:54**********
24921.33 24933.868 0.05 90.79 98.666 
0 5 10
0 0 0 0 0 0.6 0 0 0 0 21266.4 0 0
0 2 9 3 12
0 0 1875.3 2081.3 0 0 0 0 0 2228.9 0 0 5910.5
0 6 7 8 1 4 11
0 1979.4 0 0 268.2 0 110.9 240.5 997.9 0 0 16208.2 0
**********2022-05-30 16:57:00**********
24921.33 24933.868 0.05 90.79 104.946 
0 5 10
0 0 0 0 0 0.6 0 0 0 0 21266.4 0 0
0 2 9 3 12
0 0 1875.3 2081.3 0 0 0 0 0 2228.9 0 0 5910.5
0 6 7 8 1 4 11
0 1979.4 0 0 268.2 0 110.9 240.5 997.9 0 0 16208.2 0
**********2022-05-30 16:57:08**********
24921.33 24933.868 0.05 90.79 112.56 
0 5 10
0 0 0 0 0 0.6 0 0 0 0 21266.4 0 0
0 2 9 3 12
0 0 1875.3 2081.3 0 0 0 0 0 2228.9 0 0 5910.5
0 6 7 8 1 4 11
0 1979.4 0 0 268.2 0 110.9 240.5 997.9 0 0 16208.2 0
**********2022-05-30 16:57:13**********
24921.33 24931.386 0.04 118.137 118.138 
0 5 10
0 0.0 0.0 0.0 0.0 0.6 0.0 0.0 0.0 0.0 21266.4 0.0 0.0
0 3 9 2 12 6
0 0 1875.3 2081.3 0 0 110.9 0 0 2228.9 0 0 5910.5
0 1 8 7 11 4
0 1979.4 0 0 268.2 0 0 240.5 997.9 0 0 16208.2 0
**********2022-05-30 16:57:19**********
24921.33 24931.386 0.04 118.137 124.119 
0 5 10
0 0.0 0.0 0.0 0.0 0.6 0.0 0.0 0.0 0.0 21266.4 0.0 0.0
0 3 9 2 12 6
0 0 1875.3 2081.3 0 0 110.9 0 0 2228.9 0 0 5910.5
0 1 8 7 11 4
0 1979.4 0 0 268.2 0 0 240.5 997.9 0 0 16208.2 0
**********2022-05-30 16:57:25**********
24921.33 24929.542 0.033 129.502 129.502 
0 5 10
0 0.0 0.0 0.0 0.0 0.6 0.0 0.0 0.0 0.0 21266.4 0.0 0.0
0 3 12 8 1 9 2
0 1979.4 1875.3 2081.3 0 0 0 0 997.9 2228.9 0 0 5910.5
0 4 7 6 11
0 0 0 0 268.2 0 110.9 240.5 0 0 0 16208.2 0
**********2022-05-30 16:57:31**********
24921.33 24929.542 0.033 129.502 136.0 
0 5 10
0 0.0 0.0 0.0 0.0 0.6 0.0 0.0 0.0 0.0 21266.4 0.0 0.0
0 3 12 8 1 9 2
0 1979.4 1875.3 2081.3 0 0 0 0 997.9 2228.9 0 0 5910.5
0 4 7 6 11
0 0 0 0 268.2 0 110.9 240.5 0 0 0 16208.2 0
**********2022-05-30 16:57:36**********
24921.33 24929.542 0.033 129.502 141.256 
0 5 10
0 0.0 0.0 0.0 0.0 0.6 0.0 0.0 0.0 0.0 21266.4 0.0 0.0
0 3 12 8 1 9 2
0 1979.4 1875.3 2081.3 0 0 0 0 997.9 2228.9 0 0 5910.5
0 4 7 6 11
0 0 0 0 268.2 0 110.9 240.5 0 0 0 16208.2 0
**********2022-05-30 16:57:42**********
24921.33 24929.542 0.033 129.502 147.312 
0 5 10
0 0.0 0.0 0.0 0.0 0.6 0.0 0.0 0.0 0.0 21266.4 0.0 0.0
0 3 12 8 1 9 2
0 1979.4 1875.3 2081.3 0 0 0 0 997.9 2228.9 0 0 5910.5
0 4 7 6 11
0 0 0 0 268.2 0 110.9 240.5 0 0 0 16208.2 0
**********2022-05-30 16:57:48**********
24921.33 24929.542 0.033 129.502 153.142 
0 5 10
0 0.0 0.0 0.0 0.0 0.6 0.0 0.0 0.0 0.0 21266.4 0.0 0.0
0 3 12 8 1 9 2
0 1979.4 1875.3 2081.3 0 0 0 0 997.9 2228.9 0 0 5910.5
0 4 7 6 11
0 0 0 0 268.2 0 110.9 240.5 0 0 0 16208.2 0
**********2022-05-30 16:57:53**********
24921.33 24929.542 0.033 129.502 157.937 
0 5 10
0 0.0 0.0 0.0 0.0 0.6 0.0 0.0 0.0 0.0 21266.4 0.0 0.0
0 3 12 8 1 9 2
0 1979.4 1875.3 2081.3 0 0 0 0 997.9 2228.9 0 0 5910.5
0 4 7 6 11
0 0 0 0 268.2 0 110.9 240.5 0 0 0 16208.2 0
**********2022-05-30 16:57:58**********
24921.33 24929.542 0.033 129.502 162.815 
0 5 10
0 0.0 0.0 0.0 0.0 0.6 0.0 0.0 0.0 0.0 21266.4 0.0 0.0
0 3 12 8 1 9 2
0 1979.4 1875.3 2081.3 0 0 0 0 997.9 2228.9 0 0 5910.5
0 4 7 6 11
0 0 0 0 268.2 0 110.9 240.5 0 0 0 16208.2 0
**********2022-05-30 16:58:03**********
24921.33 24929.542 0.033 129.502 168.312 
0 5 10
0 0.0 0.0 0.0 0.0 0.6 0.0 0.0 0.0 0.0 21266.4 0.0 0.0
0 3 12 8 1 9 2
0 1979.4 1875.3 2081.3 0 0 0 0 997.9 2228.9 0 0 5910.5
0 4 7 6 11
0 0 0 0 268.2 0 110.9 240.5 0 0 0 16208.2 0
**********2022-05-30 16:58:09**********
24921.33 24929.542 0.033 129.502 173.682 
0 5 10
0 0.0 0.0 0.0 0.0 0.6 0.0 0.0 0.0 0.0 21266.4 0.0 0.0
0 3 12 8 1 9 2
0 1979.4 1875.3 2081.3 0 0 0 0 997.9 2228.9 0 0 5910.5
0 4 7 6 11
0 0 0 0 268.2 0 110.9 240.5 0 0 0 16208.2 0
**********2022-05-30 16:58:14**********
24921.33 24929.542 0.033 129.502 179.326 
0 5 10
0 0.0 0.0 0.0 0.0 0.6 0.0 0.0 0.0 0.0 21266.4 0.0 0.0
0 3 12 8 1 9 2
0 1979.4 1875.3 2081.3 0 0 0 0 997.9 2228.9 0 0 5910.5
0 4 7 6 11
0 0 0 0 268.2 0 110.9 240.5 0 0 0 16208.2 0
**********2022-05-30 16:58:16**********
24921.33 24929.542 0.033 129.502 181.253 
0 5 10
0 0.0 0.0 0.0 0.0 0.6 0.0 0.0 0.0 0.0 21266.4 0.0 0.0
0 3 12 8 1 9 2
0 1979.4 1875.3 2081.3 0 0 0 0 997.9 2228.9 0 0 5910.5
0 4 7 6 11
0 0 0 0 268.2 0 110.9 240.5 0 0 0 16208.2 0
**********2022-05-30 16:58:21**********
24921.33 24929.542 0.033 129.502 185.92 
0 5 10
0 0.0 0.0 0.0 0.0 0.6 0.0 0.0 0.0 0.0 21266.4 0.0 0.0
0 3 12 8 1 9 2
0 1979.4 1875.3 2081.3 0 0 0 0 997.9 2228.9 0 0 5910.5
0 4 7 6 11
0 0 0 0 268.2 0 110.9 240.5 0 0 0 16208.2 0
**********2022-05-30 16:58:26**********
24921.33 24929.542 0.033 129.502 190.587 
0 5 10
0 0.0 0.0 0.0 0.0 0.6 0.0 0.0 0.0 0.0 21266.4 0.0 0.0
0 3 12 8 1 9 2
0 1979.4 1875.3 2081.3 0 0 0 0 997.9 2228.9 0 0 5910.5
0 4 7 6 11
0 0 0 0 268.2 0 110.9 240.5 0 0 0 16208.2 0
**********2022-05-30 16:58:30**********
24921.33 24929.542 0.033 129.502 195.153 
0 5 10
0 0.0 0.0 0.0 0.0 0.6 0.0 0.0 0.0 0.0 21266.4 0.0 0.0
0 3 12 8 1 9 2
0 1979.4 1875.3 2081.3 0 0 0 0 997.9 2228.9 0 0 5910.5
0 4 7 6 11
0 0 0 0 268.2 0 110.9 240.5 0 0 0 16208.2 0
**********2022-05-30 16:58:34**********
24921.33 24929.542 0.033 129.502 199.155 
0 5 10
0 0.0 0.0 0.0 0.0 0.6 0.0 0.0 0.0 0.0 21266.4 0.0 0.0
0 3 12 8 1 9 2
0 1979.4 1875.3 2081.3 0 0 0 0 997.9 2228.9 0 0 5910.5
0 4 7 6 11
0 0 0 0 268.2 0 110.9 240.5 0 0 0 16208.2 0
**********2022-05-30 16:58:39**********
24921.33 24929.542 0.033 129.502 203.408 
0 5 10
0 0.0 0.0 0.0 0.0 0.6 0.0 0.0 0.0 0.0 21266.4 0.0 0.0
0 3 12 8 1 9 2
0 1979.4 1875.3 2081.3 0 0 0 0 997.9 2228.9 0 0 5910.5
0 4 7 6 11
0 0 0 0 268.2 0 110.9 240.5 0 0 0 16208.2 0
**********2022-05-30 16:58:40**********
24921.33 24929.542 0.033 129.502 205.231 
0 5 10
0 0.0 0.0 0.0 0.0 0.6 0.0 0.0 0.0 0.0 21266.4 0.0 0.0
0 3 12 8 1 9 2
0 1979.4 1875.3 2081.3 0 0 0 0 997.9 2228.9 0 0 5910.5
0 4 7 6 11
0 0 0 0 268.2 0 110.9 240.5 0 0 0 16208.2 0
**********2022-05-30 16:58:45**********
24921.33 24929.542 0.033 129.502 209.388 
0 5 10
0 0.0 0.0 0.0 0.0 0.6 0.0 0.0 0.0 0.0 21266.4 0.0 0.0
0 3 12 8 1 9 2
0 1979.4 1875.3 2081.3 0 0 0 0 997.9 2228.9 0 0 5910.5
0 4 7 6 11
0 0 0 0 268.2 0 110.9 240.5 0 0 0 16208.2 0
**********2022-05-30 16:58:48**********
24921.33 24929.542 0.033 129.502 212.918 
0 5 10
0 0.0 0.0 0.0 0.0 0.6 0.0 0.0 0.0 0.0 21266.4 0.0 0.0
0 3 12 8 1 9 2
0 1979.4 1875.3 2081.3 0 0 0 0 997.9 2228.9 0 0 5910.5
0 4 7 6 11
0 0 0 0 268.2 0 110.9 240.5 0 0 0 16208.2 0
**********2022-05-30 16:58:52**********
24921.33 24929.542 0.033 129.502 217.185 
0 5 10
0 0.0 0.0 0.0 0.0 0.6 0.0 0.0 0.0 0.0 21266.4 0.0 0.0
0 3 12 8 1 9 2
0 1979.4 1875.3 2081.3 0 0 0 0 997.9 2228.9 0 0 5910.5
0 4 7 6 11
0 0 0 0 268.2 0 110.9 240.5 0 0 0 16208.2 0
**********2022-05-30 16:58:56**********
24921.33 24929.542 0.033 129.502 220.541 
0 5 10
0 0.0 0.0 0.0 0.0 0.6 0.0 0.0 0.0 0.0 21266.4 0.0 0.0
0 3 12 8 1 9 2
0 1979.4 1875.3 2081.3 0 0 0 0 997.9 2228.9 0 0 5910.5
0 4 7 6 11
0 0 0 0 268.2 0 110.9 240.5 0 0 0 16208.2 0
**********2022-05-30 16:58:57**********
24921.33 24929.542 0.033 129.502 222.297 
0 5 10
0 0.0 0.0 0.0 0.0 0.6 0.0 0.0 0.0 0.0 21266.4 0.0 0.0
0 3 12 8 1 9 2
0 1979.4 1875.3 2081.3 0 0 0 0 997.9 2228.9 0 0 5910.5
0 4 7 6 11
0 0 0 0 268.2 0 110.9 240.5 0 0 0 16208.2 0
**********2022-05-30 16:59:01**********
24921.33 24929.542 0.033 129.502 225.855 
0 5 10
0 0.0 0.0 0.0 0.0 0.6 0.0 0.0 0.0 0.0 21266.4 0.0 0.0
0 3 12 8 1 9 2
0 1979.4 1875.3 2081.3 0 0 0 0 997.9 2228.9 0 0 5910.5
0 4 7 6 11
0 0 0 0 268.2 0 110.9 240.5 0 0 0 16208.2 0
**********2022-05-30 16:59:04**********
24921.33 24929.542 0.033 129.502 229.04 
0 5 10
0 0.0 0.0 0.0 0.0 0.6 0.0 0.0 0.0 0.0 21266.4 0.0 0.0
0 3 12 8 1 9 2
0 1979.4 1875.3 2081.3 0 0 0 0 997.9 2228.9 0 0 5910.5
0 4 7 6 11
0 0 0 0 268.2 0 110.9 240.5 0 0 0 16208.2 0
**********2022-05-30 16:59:07**********
24921.33 24929.542 0.033 129.502 231.825 
0 5 10
0 0.0 0.0 0.0 0.0 0.6 0.0 0.0 0.0 0.0 21266.4 0.0 0.0
0 3 12 8 1 9 2
0 1979.4 1875.3 2081.3 0 0 0 0 997.9 2228.9 0 0 5910.5
0 4 7 6 11
0 0 0 0 268.2 0 110.9 240.5 0 0 0 16208.2 0
**********2022-05-30 16:59:10**********
24921.33 24929.542 0.033 129.502 234.511 
0 5 10
0 0.0 0.0 0.0 0.0 0.6 0.0 0.0 0.0 0.0 21266.4 0.0 0.0
0 3 12 8 1 9 2
0 1979.4 1875.3 2081.3 0 0 0 0 997.9 2228.9 0 0 5910.5
0 4 7 6 11
0 0 0 0 268.2 0 110.9 240.5 0 0 0 16208.2 0
**********2022-05-30 16:59:11**********
24921.33 24929.542 0.033 129.502 235.968 
0 5 10
0 0.0 0.0 0.0 0.0 0.6 0.0 0.0 0.0 0.0 21266.4 0.0 0.0
0 3 12 8 1 9 2
0 1979.4 1875.3 2081.3 0 0 0 0 997.9 2228.9 0 0 5910.5
0 4 7 6 11
0 0 0 0 268.2 0 110.9 240.5 0 0 0 16208.2 0
**********2022-05-30 16:59:14**********
24921.33 24929.542 0.033 129.502 238.987 
0 5 10
0 0.0 0.0 0.0 0.0 0.6 0.0 0.0 0.0 0.0 21266.4 0.0 0.0
0 3 12 8 1 9 2
0 1979.4 1875.3 2081.3 0 0 0 0 997.9 2228.9 0 0 5910.5
0 4 7 6 11
0 0 0 0 268.2 0 110.9 240.5 0 0 0 16208.2 0
**********2022-05-30 16:59:17**********
24921.33 24929.542 0.033 129.502 241.637 
0 5 10
0 0.0 0.0 0.0 0.0 0.6 0.0 0.0 0.0 0.0 21266.4 0.0 0.0
0 3 12 8 1 9 2
0 1979.4 1875.3 2081.3 0 0 0 0 997.9 2228.9 0 0 5910.5
0 4 7 6 11
0 0 0 0 268.2 0 110.9 240.5 0 0 0 16208.2 0
**********2022-05-30 16:59:18**********
24921.33 24929.542 0.033 129.502 243.051 
0 5 10
0 0.0 0.0 0.0 0.0 0.6 0.0 0.0 0.0 0.0 21266.4 0.0 0.0
0 3 12 8 1 9 2
0 1979.4 1875.3 2081.3 0 0 0 0 997.9 2228.9 0 0 5910.5
0 4 7 6 11
0 0 0 0 268.2 0 110.9 240.5 0 0 0 16208.2 0
**********2022-05-30 16:59:21**********
24921.33 24929.542 0.033 129.502 245.988 
0 5 10
0 0.0 0.0 0.0 0.0 0.6 0.0 0.0 0.0 0.0 21266.4 0.0 0.0
0 3 12 8 1 9 2
0 1979.4 1875.3 2081.3 0 0 0 0 997.9 2228.9 0 0 5910.5
0 4 7 6 11
0 0 0 0 268.2 0 110.9 240.5 0 0 0 16208.2 0
**********2022-05-30 16:59:24**********
24921.33 24929.542 0.033 129.502 248.711 
0 5 10
0 0.0 0.0 0.0 0.0 0.6 0.0 0.0 0.0 0.0 21266.4 0.0 0.0
0 3 12 8 1 9 2
0 1979.4 1875.3 2081.3 0 0 0 0 997.9 2228.9 0 0 5910.5
0 4 7 6 11
0 0 0 0 268.2 0 110.9 240.5 0 0 0 16208.2 0
**********2022-05-30 16:59:25**********
24921.33 24929.542 0.033 129.502 250.113 
0 5 10
0 0.0 0.0 0.0 0.0 0.6 0.0 0.0 0.0 0.0 21266.4 0.0 0.0
0 3 12 8 1 9 2
0 1979.4 1875.3 2081.3 0 0 0 0 997.9 2228.9 0 0 5910.5
0 4 7 6 11
0 0 0 0 268.2 0 110.9 240.5 0 0 0 16208.2 0
**********2022-05-30 16:59:27**********
24921.33 24929.542 0.033 129.502 251.539 
0 5 10
0 0.0 0.0 0.0 0.0 0.6 0.0 0.0 0.0 0.0 21266.4 0.0 0.0
0 3 12 8 1 9 2
0 1979.4 1875.3 2081.3 0 0 0 0 997.9 2228.9 0 0 5910.5
0 4 7 6 11
0 0 0 0 268.2 0 110.9 240.5 0 0 0 16208.2 0
**********2022-05-30 16:59:28**********
24921.33 24929.542 0.033 129.502 252.95 
0 5 10
0 0.0 0.0 0.0 0.0 0.6 0.0 0.0 0.0 0.0 21266.4 0.0 0.0
0 3 12 8 1 9 2
0 1979.4 1875.3 2081.3 0 0 0 0 997.9 2228.9 0 0 5910.5
0 4 7 6 11
0 0 0 0 268.2 0 110.9 240.5 0 0 0 16208.2 0
**********2022-05-30 16:59:29**********
24921.33 24929.542 0.033 129.502 254.373 
0 5 10
0 0.0 0.0 0.0 0.0 0.6 0.0 0.0 0.0 0.0 21266.4 0.0 0.0
0 3 12 8 1 9 2
0 1979.4 1875.3 2081.3 0 0 0 0 997.9 2228.9 0 0 5910.5
0 4 7 6 11
0 0 0 0 268.2 0 110.9 240.5 0 0 0 16208.2 0
**********2022-05-30 16:59:31**********
24921.33 24929.542 0.033 129.502 255.848 
0 5 10
0 0.0 0.0 0.0 0.0 0.6 0.0 0.0 0.0 0.0 21266.4 0.0 0.0
0 3 12 8 1 9 2
0 1979.4 1875.3 2081.3 0 0 0 0 997.9 2228.9 0 0 5910.5
0 4 7 6 11
0 0 0 0 268.2 0 110.9 240.5 0 0 0 16208.2 0
**********2022-05-30 16:59:34**********
24921.33 24925.718 0.018 258.544 258.544 
0 5 10
0 0 0 0 0 0.6 0 0 0 0 21266.4 0 0
0 1 8 7 6 11
0 1979.4 0 0 0 0 110.9 240.5 997.9 0 0 16208.2 0
0 2 9 3 12 4
0 0 1875.3 2081.3 268.2 0 0 0 0 2228.9 0 0 5910.5
**********2022-05-30 16:59:35**********
24921.33 24925.718 0.018 258.544 259.772 
0 5 10
0 0 0 0 0 0.6 0 0 0 0 21266.4 0 0
0 1 8 7 6 11
0 1979.4 0 0 0 0 110.9 240.5 997.9 0 0 16208.2 0
0 2 9 3 12 4
0 0 1875.3 2081.3 268.2 0 0 0 0 2228.9 0 0 5910.5
**********2022-05-30 16:59:36**********
24921.33 24925.718 0.018 258.544 260.978 
0 5 10
0 0 0 0 0 0.6 0 0 0 0 21266.4 0 0
0 1 8 7 6 11
0 1979.4 0 0 0 0 110.9 240.5 997.9 0 0 16208.2 0
0 2 9 3 12 4
0 0 1875.3 2081.3 268.2 0 0 0 0 2228.9 0 0 5910.5
**********2022-05-30 16:59:37**********
24921.33 24925.718 0.018 258.544 262.191 
0 5 10
0 0 0 0 0 0.6 0 0 0 0 21266.4 0 0
0 1 8 7 6 11
0 1979.4 0 0 0 0 110.9 240.5 997.9 0 0 16208.2 0
0 2 9 3 12 4
0 0 1875.3 2081.3 268.2 0 0 0 0 2228.9 0 0 5910.5
**********2022-05-30 16:59:39**********
24921.33 24925.718 0.018 258.544 263.417 
0 5 10
0 0 0 0 0 0.6 0 0 0 0 21266.4 0 0
0 1 8 7 6 11
0 1979.4 0 0 0 0 110.9 240.5 997.9 0 0 16208.2 0
0 2 9 3 12 4
0 0 1875.3 2081.3 268.2 0 0 0 0 2228.9 0 0 5910.5
**********2022-05-30 16:59:40**********
24921.33 24925.718 0.018 258.544 264.634 
0 5 10
0 0 0 0 0 0.6 0 0 0 0 21266.4 0 0
0 1 8 7 6 11
0 1979.4 0 0 0 0 110.9 240.5 997.9 0 0 16208.2 0
0 2 9 3 12 4
0 0 1875.3 2081.3 268.2 0 0 0 0 2228.9 0 0 5910.5
**********2022-05-30 16:59:41**********
24921.33 24925.718 0.018 258.544 265.853 
0 5 10
0 0 0 0 0 0.6 0 0 0 0 21266.4 0 0
0 1 8 7 6 11
0 1979.4 0 0 0 0 110.9 240.5 997.9 0 0 16208.2 0
0 2 9 3 12 4
0 0 1875.3 2081.3 268.2 0 0 0 0 2228.9 0 0 5910.5
**********2022-05-30 16:59:42**********
24921.33 24925.718 0.018 258.544 267.072 
0 5 10
0 0 0 0 0 0.6 0 0 0 0 21266.4 0 0
0 1 8 7 6 11
0 1979.4 0 0 0 0 110.9 240.5 997.9 0 0 16208.2 0
0 2 9 3 12 4
0 0 1875.3 2081.3 268.2 0 0 0 0 2228.9 0 0 5910.5
**********2022-05-30 16:59:43**********
24921.33 24925.718 0.018 258.544 268.284 
0 5 10
0 0 0 0 0 0.6 0 0 0 0 21266.4 0 0
0 1 8 7 6 11
0 1979.4 0 0 0 0 110.9 240.5 997.9 0 0 16208.2 0
0 2 9 3 12 4
0 0 1875.3 2081.3 268.2 0 0 0 0 2228.9 0 0 5910.5
**********2022-05-30 16:59:45**********
24921.33 24925.718 0.018 258.544 269.509 
0 5 10
0 0 0 0 0 0.6 0 0 0 0 21266.4 0 0
0 1 8 7 6 11
0 1979.4 0 0 0 0 110.9 240.5 997.9 0 0 16208.2 0
0 2 9 3 12 4
0 0 1875.3 2081.3 268.2 0 0 0 0 2228.9 0 0 5910.5
**********2022-05-30 16:59:46**********
24921.33 24925.718 0.018 258.544 270.728 
0 5 10
0 0 0 0 0 0.6 0 0 0 0 21266.4 0 0
0 1 8 7 6 11
0 1979.4 0 0 0 0 110.9 240.5 997.9 0 0 16208.2 0
0 2 9 3 12 4
0 0 1875.3 2081.3 268.2 0 0 0 0 2228.9 0 0 5910.5
**********2022-05-30 16:59:47**********
24921.33 24925.718 0.018 258.544 271.939 
0 5 10
0 0 0 0 0 0.6 0 0 0 0 21266.4 0 0
0 1 8 7 6 11
0 1979.4 0 0 0 0 110.9 240.5 997.9 0 0 16208.2 0
0 2 9 3 12 4
0 0 1875.3 2081.3 268.2 0 0 0 0 2228.9 0 0 5910.5
**********2022-05-30 17:00:09**********
24921.33 24925.718 0.018 258.544 294.166 
0 5 10
0 0 0 0 0 0.6 0 0 0 0 21266.4 0 0
0 1 8 7 6 11
0 1979.4 0 0 0 0 110.9 240.5 997.9 0 0 16208.2 0
0 2 9 3 12 4
0 0 1875.3 2081.3 268.2 0 0 0 0 2228.9 0 0 5910.5
**********2022-05-30 17:00:11**********
24921.33 24925.718 0.018 258.544 295.421 
0 5 10
0 0 0 0 0 0.6 0 0 0 0 21266.4 0 0
0 1 8 7 6 11
0 1979.4 0 0 0 0 110.9 240.5 997.9 0 0 16208.2 0
0 2 9 3 12 4
0 0 1875.3 2081.3 268.2 0 0 0 0 2228.9 0 0 5910.5
**********2022-05-30 17:00:12**********
24921.33 24925.718 0.018 258.544 296.642 
0 5 10
0 0 0 0 0 0.6 0 0 0 0 21266.4 0 0
0 1 8 7 6 11
0 1979.4 0 0 0 0 110.9 240.5 997.9 0 0 16208.2 0
0 2 9 3 12 4
0 0 1875.3 2081.3 268.2 0 0 0 0 2228.9 0 0 5910.5
**********2022-05-30 17:54:46**********
24929.997 24950.314 0.081 5.056 5.056 
0 10
0 0 0 0 0 0 0 0 0 0 21267.0 0 0
0 3 12 1 8 5 9 7
0 1979.3 0 2081.2 0 0.7 0 240.5 997.9 2228.8 0 0 5910.3
0 6 4 2 11
0 0 1875.2 0 268.2 0 110.9 0 0 0 0 16207.8 0
**********2022-05-30 17:55:11**********
24921.33 24934.278 0.052 30.566 30.566 
0 10
0 0 0 0 0 0 0 0 0 0 21267.0 0 0
0 6 7 9 3 12 2
0 0 1875.2 2081.2 0 0 110.9 240.5 0 2228.8 0 0 5910.3
0 1 5 4 8 11
0 1979.3 0 0 268.2 0.7 0 0 997.9 0 0 16207.8 0
**********2022-05-30 17:55:22**********
24921.33 24934.278 0.052 30.566 41.468 
0 10
0 0 0 0 0 0 0 0 0 0 21267.0 0 0
0 6 7 9 3 12 2
0 0 1875.2 2081.2 0 0 110.9 240.5 0 2228.8 0 0 5910.3
0 1 5 4 8 11
0 1979.3 0 0 268.2 0.7 0 0 997.9 0 0 16207.8 0
**********2022-05-30 17:55:31**********
24921.33 24934.278 0.052 30.566 50.294 
0 10
0 0 0 0 0 0 0 0 0 0 21267.0 0 0
0 6 7 9 3 12 2
0 0 1875.2 2081.2 0 0 110.9 240.5 0 2228.8 0 0 5910.3
0 1 5 4 8 11
0 1979.3 0 0 268.2 0.7 0 0 997.9 0 0 16207.8 0
**********2022-05-30 17:55:41**********
24921.33 24934.278 0.052 30.566 60.83 
0 10
0 0 0 0 0 0 0 0 0 0 21267.0 0 0
0 6 7 9 3 12 2
0 0 1875.2 2081.2 0 0 110.9 240.5 0 2228.8 0 0 5910.3
0 1 5 4 8 11
0 1979.3 0 0 268.2 0.7 0 0 997.9 0 0 16207.8 0
**********2022-05-30 17:55:49**********
24921.33 24934.278 0.052 30.566 68.477 
0 10
0 0 0 0 0 0 0 0 0 0 21267.0 0 0
0 6 7 9 3 12 2
0 0 1875.2 2081.2 0 0 110.9 240.5 0 2228.8 0 0 5910.3
0 1 5 4 8 11
0 1979.3 0 0 268.2 0.7 0 0 997.9 0 0 16207.8 0
**********2022-05-30 17:56:01**********
24921.33 24934.278 0.052 30.566 80.741 
0 10
0 0 0 0 0 0 0 0 0 0 21267.0 0 0
0 6 7 9 3 12 2
0 0 1875.2 2081.2 0 0 110.9 240.5 0 2228.8 0 0 5910.3
0 1 5 4 8 11
0 1979.3 0 0 268.2 0.7 0 0 997.9 0 0 16207.8 0
**********2022-05-30 17:56:09**********
24921.33 24931.928 0.043 88.642 88.642 
0 5 10
0 0.0 0.0 0.0 0.0 0.6 0.0 0.0 0.0 0.0 21266.4 0.0 0.0
0 3 9 2 1 12 4
0 1979.4 1875.3 2081.3 268.2 0 0 0 0 2228.9 0 0 5910.5
0 8 7 6 11
0 0 0 0 0 0 110.9 240.5 997.9 0 0 16208.2 0
**********2022-05-30 17:56:17**********
24921.33 24931.928 0.043 88.642 96.195 
0 5 10
0 0.0 0.0 0.0 0.0 0.6 0.0 0.0 0.0 0.0 21266.4 0.0 0.0
0 3 9 2 1 12 4
0 1979.4 1875.3 2081.3 268.2 0 0 0 0 2228.9 0 0 5910.5
0 8 7 6 11
0 0 0 0 0 0 110.9 240.5 997.9 0 0 16208.2 0
**********2022-05-30 17:56:24**********
24921.33 24931.928 0.043 88.642 103.567 
0 5 10
0 0.0 0.0 0.0 0.0 0.6 0.0 0.0 0.0 0.0 21266.4 0.0 0.0
0 3 9 2 1 12 4
0 1979.4 1875.3 2081.3 268.2 0 0 0 0 2228.9 0 0 5910.5
0 8 7 6 11
0 0 0 0 0 0 110.9 240.5 997.9 0 0 16208.2 0
**********2022-05-30 17:56:31**********
24921.33 24931.928 0.043 88.642 110.862 
0 5 10
0 0.0 0.0 0.0 0.0 0.6 0.0 0.0 0.0 0.0 21266.4 0.0 0.0
0 3 9 2 1 12 4
0 1979.4 1875.3 2081.3 268.2 0 0 0 0 2228.9 0 0 5910.5
0 8 7 6 11
0 0 0 0 0 0 110.9 240.5 997.9 0 0 16208.2 0
**********2022-05-30 17:56:39**********
24921.33 24931.928 0.043 88.642 118.54 
0 5 10
0 0.0 0.0 0.0 0.0 0.6 0.0 0.0 0.0 0.0 21266.4 0.0 0.0
0 3 9 2 1 12 4
0 1979.4 1875.3 2081.3 268.2 0 0 0 0 2228.9 0 0 5910.5
0 8 7 6 11
0 0 0 0 0 0 110.9 240.5 997.9 0 0 16208.2 0
**********2022-05-30 17:56:46**********
24921.33 24931.928 0.043 88.642 125.832 
0 5 10
0 0.0 0.0 0.0 0.0 0.6 0.0 0.0 0.0 0.0 21266.4 0.0 0.0
0 3 9 2 1 12 4
0 1979.4 1875.3 2081.3 268.2 0 0 0 0 2228.9 0 0 5910.5
0 8 7 6 11
0 0 0 0 0 0 110.9 240.5 997.9 0 0 16208.2 0
**********2022-05-30 17:56:53**********
24921.33 24931.928 0.043 88.642 132.495 
0 5 10
0 0.0 0.0 0.0 0.0 0.6 0.0 0.0 0.0 0.0 21266.4 0.0 0.0
0 3 9 2 1 12 4
0 1979.4 1875.3 2081.3 268.2 0 0 0 0 2228.9 0 0 5910.5
0 8 7 6 11
0 0 0 0 0 0 110.9 240.5 997.9 0 0 16208.2 0
**********2022-05-30 17:56:56**********
24921.33 24931.928 0.043 88.642 135.043 
0 5 10
0 0.0 0.0 0.0 0.0 0.6 0.0 0.0 0.0 0.0 21266.4 0.0 0.0
0 3 9 2 1 12 4
0 1979.4 1875.3 2081.3 268.2 0 0 0 0 2228.9 0 0 5910.5
0 8 7 6 11
0 0 0 0 0 0 110.9 240.5 997.9 0 0 16208.2 0
**********2022-05-30 17:57:02**********
24921.33 24931.928 0.043 88.642 141.292 
0 5 10
0 0.0 0.0 0.0 0.0 0.6 0.0 0.0 0.0 0.0 21266.4 0.0 0.0
0 3 9 2 1 12 4
0 1979.4 1875.3 2081.3 268.2 0 0 0 0 2228.9 0 0 5910.5
0 8 7 6 11
0 0 0 0 0 0 110.9 240.5 997.9 0 0 16208.2 0
**********2022-05-30 17:57:08**********
24921.33 24931.928 0.043 88.642 147.322 
0 5 10
0 0.0 0.0 0.0 0.0 0.6 0.0 0.0 0.0 0.0 21266.4 0.0 0.0
0 3 9 2 1 12 4
0 1979.4 1875.3 2081.3 268.2 0 0 0 0 2228.9 0 0 5910.5
0 8 7 6 11
0 0 0 0 0 0 110.9 240.5 997.9 0 0 16208.2 0
**********2022-05-30 17:57:13**********
24921.33 24931.928 0.043 88.642 152.803 
0 5 10
0 0.0 0.0 0.0 0.0 0.6 0.0 0.0 0.0 0.0 21266.4 0.0 0.0
0 3 9 2 1 12 4
0 1979.4 1875.3 2081.3 268.2 0 0 0 0 2228.9 0 0 5910.5
0 8 7 6 11
0 0 0 0 0 0 110.9 240.5 997.9 0 0 16208.2 0
**********2022-05-30 17:57:19**********
24921.33 24931.928 0.043 88.642 158.867 
0 5 10
0 0.0 0.0 0.0 0.0 0.6 0.0 0.0 0.0 0.0 21266.4 0.0 0.0
0 3 9 2 1 12 4
0 1979.4 1875.3 2081.3 268.2 0 0 0 0 2228.9 0 0 5910.5
0 8 7 6 11
0 0 0 0 0 0 110.9 240.5 997.9 0 0 16208.2 0
**********2022-05-30 17:57:24**********
24921.33 24931.928 0.043 88.642 163.54 
0 5 10
0 0.0 0.0 0.0 0.0 0.6 0.0 0.0 0.0 0.0 21266.4 0.0 0.0
0 3 9 2 1 12 4
0 1979.4 1875.3 2081.3 268.2 0 0 0 0 2228.9 0 0 5910.5
0 8 7 6 11
0 0 0 0 0 0 110.9 240.5 997.9 0 0 16208.2 0
**********2022-05-30 17:57:28**********
24921.33 24931.928 0.043 88.642 167.883 
0 5 10
0 0.0 0.0 0.0 0.0 0.6 0.0 0.0 0.0 0.0 21266.4 0.0 0.0
0 3 9 2 1 12 4
0 1979.4 1875.3 2081.3 268.2 0 0 0 0 2228.9 0 0 5910.5
0 8 7 6 11
0 0 0 0 0 0 110.9 240.5 997.9 0 0 16208.2 0
**********2022-05-30 17:57:33**********
24921.33 24931.928 0.043 88.642 172.589 
0 5 10
0 0.0 0.0 0.0 0.0 0.6 0.0 0.0 0.0 0.0 21266.4 0.0 0.0
0 3 9 2 1 12 4
0 1979.4 1875.3 2081.3 268.2 0 0 0 0 2228.9 0 0 5910.5
0 8 7 6 11
0 0 0 0 0 0 110.9 240.5 997.9 0 0 16208.2 0
**********2022-05-30 17:57:38**********
24921.33 24931.518 0.041 177.038 177.038 
0 5 10
0 0.0 0.0 0.0 0.0 0.6 0.0 0.0 0.0 0.0 21266.4 0.0 0.0
0 1 8 11 4
0 1979.4 0 0 268.2 0 0 0 997.9 0 0 16208.2 0
0 2 9 3 12 6 7
0 0 1875.2 2081.2 0 0 110.9 240.5 0 2228.8 0 0 5910.3
**********2022-05-30 17:57:42**********
24921.33 24931.254 0.04 181.953 181.953 
0 5 10
0 0 0 0 0 0.6 0 0 0 0 21266.4 0 0
0 1 8 11 4
0 1979.4 0 0 268.2 0 0 0 997.9 0 0 16208.2 0
0 2 9 3 12 6 7
0 0 1875.3 2081.3 0 0 110.9 240.5 0 2228.9 0 0 5910.5
**********2022-05-30 17:57:47**********
24921.33 24931.254 0.04 186.808 186.808 
0 5 10
0 0.0 0.0 0.0 0.0 0.6 0.0 0.0 0.0 0.0 21266.4 0.0 0.0
0 1 8 11 4
0 1979.4 0 0 268.2 0 0 0 997.9 0 0 16208.2 0
0 2 9 3 12 6 7
0 0 1875.3 2081.3 0 0 110.9 240.5 0 2228.9 0 0 5910.5
**********2022-05-30 17:57:52**********
24921.33 24931.254 0.04 186.808 191.229 
0 5 10
0 0.0 0.0 0.0 0.0 0.6 0.0 0.0 0.0 0.0 21266.4 0.0 0.0
0 1 8 11 4
0 1979.4 0 0 268.2 0 0 0 997.9 0 0 16208.2 0
0 2 9 3 12 6 7
0 0 1875.3 2081.3 0 0 110.9 240.5 0 2228.9 0 0 5910.5
**********2022-05-30 17:57:56**********
24921.33 24931.254 0.04 186.808 195.699 
0 5 10
0 0.0 0.0 0.0 0.0 0.6 0.0 0.0 0.0 0.0 21266.4 0.0 0.0
0 1 8 11 4
0 1979.4 0 0 268.2 0 0 0 997.9 0 0 16208.2 0
0 2 9 3 12 6 7
0 0 1875.3 2081.3 0 0 110.9 240.5 0 2228.9 0 0 5910.5
**********2022-05-30 17:58:01**********
24921.33 24929.916 0.034 200.227 200.227 
0 5 10
0 0.0 0.0 0.0 0.0 0.6 0.0 0.0 0.0 0.0 21266.4 0.0 0.0
0 2 9 3 12 4
0 0 1875.3 2081.3 268.2 0 0 0 0 2228.9 0 0 5910.5
0 1 8 11 6 7
0 1979.4 0 0 0 0 110.9 240.5 997.9 0 0 16208.2 0
**********2022-05-30 17:58:06**********
24921.33 24929.916 0.034 205.231 205.231 
0 5 10
0 0.0 0.0 0.0 0.0 0.6 0.0 0.0 0.0 0.0 21266.4 0.0 0.0
0 2 9 3 12 4
0 0 1875.3 2081.3 268.2 0 0 0 0 2228.9 0 0 5910.5
0 1 8 11 6 7
0 1979.4 0 0 0 0 110.9 240.5 997.9 0 0 16208.2 0
**********2022-05-30 17:58:08**********
24921.33 24929.916 0.034 205.231 207.365 
0 5 10
0 0.0 0.0 0.0 0.0 0.6 0.0 0.0 0.0 0.0 21266.4 0.0 0.0
0 2 9 3 12 4
0 0 1875.3 2081.3 268.2 0 0 0 0 2228.9 0 0 5910.5
0 1 8 11 6 7
0 1979.4 0 0 0 0 110.9 240.5 997.9 0 0 16208.2 0
**********2022-05-30 17:58:10**********
24921.33 24929.916 0.034 205.231 209.445 
0 5 10
0 0.0 0.0 0.0 0.0 0.6 0.0 0.0 0.0 0.0 21266.4 0.0 0.0
0 2 9 3 12 4
0 0 1875.3 2081.3 268.2 0 0 0 0 2228.9 0 0 5910.5
0 1 8 11 6 7
0 1979.4 0 0 0 0 110.9 240.5 997.9 0 0 16208.2 0
**********2022-05-30 17:58:12**********
24921.33 24929.916 0.034 205.231 211.554 
0 5 10
0 0.0 0.0 0.0 0.0 0.6 0.0 0.0 0.0 0.0 21266.4 0.0 0.0
0 2 9 3 12 4
0 0 1875.3 2081.3 268.2 0 0 0 0 2228.9 0 0 5910.5
0 1 8 11 6 7
0 1979.4 0 0 0 0 110.9 240.5 997.9 0 0 16208.2 0
**********2022-05-30 17:58:14**********
24921.33 24929.916 0.034 205.231 213.687 
0 5 10
0 0.0 0.0 0.0 0.0 0.6 0.0 0.0 0.0 0.0 21266.4 0.0 0.0
0 2 9 3 12 4
0 0 1875.3 2081.3 268.2 0 0 0 0 2228.9 0 0 5910.5
0 1 8 11 6 7
0 1979.4 0 0 0 0 110.9 240.5 997.9 0 0 16208.2 0
**********2022-05-30 17:58:16**********
24921.33 24929.916 0.034 205.231 215.786 
0 5 10
0 0.0 0.0 0.0 0.0 0.6 0.0 0.0 0.0 0.0 21266.4 0.0 0.0
0 2 9 3 12 4
0 0 1875.3 2081.3 268.2 0 0 0 0 2228.9 0 0 5910.5
0 1 8 11 6 7
0 1979.4 0 0 0 0 110.9 240.5 997.9 0 0 16208.2 0
**********2022-05-30 17:58:21**********
24921.33 24929.916 0.034 220.017 220.017 
0 5 10
0 0.0 0.0 0.0 0.0 0.6 0.0 0.0 0.0 0.0 21266.4 0.0 0.0
0 2 9 3 12 4
0 0 1875.3 2081.3 268.2 0 0 0 0 2228.9 0 0 5910.5
0 1 8 11 6 7
0 1979.4 0 0 0 0 110.9 240.5 997.9 0 0 16208.2 0
**********2022-05-30 17:58:25**********
24921.33 24929.916 0.034 220.017 224.028 
0 5 10
0 0.0 0.0 0.0 0.0 0.6 0.0 0.0 0.0 0.0 21266.4 0.0 0.0
0 2 9 3 12 4
0 0 1875.3 2081.3 268.2 0 0 0 0 2228.9 0 0 5910.5
0 1 8 11 6 7
0 1979.4 0 0 0 0 110.9 240.5 997.9 0 0 16208.2 0
**********2022-05-30 17:58:29**********
24921.33 24929.916 0.034 220.017 228.102 
0 5 10
0 0.0 0.0 0.0 0.0 0.6 0.0 0.0 0.0 0.0 21266.4 0.0 0.0
0 2 9 3 12 4
0 0 1875.3 2081.3 268.2 0 0 0 0 2228.9 0 0 5910.5
0 1 8 11 6 7
0 1979.4 0 0 0 0 110.9 240.5 997.9 0 0 16208.2 0
**********2022-05-30 17:58:30**********
24921.33 24929.916 0.034 220.017 229.83 
0 5 10
0 0.0 0.0 0.0 0.0 0.6 0.0 0.0 0.0 0.0 21266.4 0.0 0.0
0 2 9 3 12 4
0 0 1875.3 2081.3 268.2 0 0 0 0 2228.9 0 0 5910.5
0 1 8 11 6 7
0 1979.4 0 0 0 0 110.9 240.5 997.9 0 0 16208.2 0
**********2022-05-30 17:58:34**********
24921.33 24929.916 0.034 220.017 233.377 
0 5 10
0 0.0 0.0 0.0 0.0 0.6 0.0 0.0 0.0 0.0 21266.4 0.0 0.0
0 2 9 3 12 4
0 0 1875.3 2081.3 268.2 0 0 0 0 2228.9 0 0 5910.5
0 1 8 11 6 7
0 1979.4 0 0 0 0 110.9 240.5 997.9 0 0 16208.2 0
**********2022-05-30 17:58:36**********
24921.33 24929.916 0.034 220.017 235.263 
0 5 10
0 0.0 0.0 0.0 0.0 0.6 0.0 0.0 0.0 0.0 21266.4 0.0 0.0
0 2 9 3 12 4
0 0 1875.3 2081.3 268.2 0 0 0 0 2228.9 0 0 5910.5
0 1 8 11 6 7
0 1979.4 0 0 0 0 110.9 240.5 997.9 0 0 16208.2 0
**********2022-05-30 17:58:39**********
24921.33 24929.916 0.034 220.017 238.792 
0 5 10
0 0.0 0.0 0.0 0.0 0.6 0.0 0.0 0.0 0.0 21266.4 0.0 0.0
0 2 9 3 12 4
0 0 1875.3 2081.3 268.2 0 0 0 0 2228.9 0 0 5910.5
0 1 8 11 6 7
0 1979.4 0 0 0 0 110.9 240.5 997.9 0 0 16208.2 0
**********2022-05-30 17:58:43**********
24921.33 24929.916 0.034 220.017 242.205 
0 5 10
0 0.0 0.0 0.0 0.0 0.6 0.0 0.0 0.0 0.0 21266.4 0.0 0.0
0 2 9 3 12 4
0 0 1875.3 2081.3 268.2 0 0 0 0 2228.9 0 0 5910.5
0 1 8 11 6 7
0 1979.4 0 0 0 0 110.9 240.5 997.9 0 0 16208.2 0
**********2022-05-30 17:58:44**********
24921.33 24929.916 0.034 220.017 243.819 
0 5 10
0 0.0 0.0 0.0 0.0 0.6 0.0 0.0 0.0 0.0 21266.4 0.0 0.0
0 2 9 3 12 4
0 0 1875.3 2081.3 268.2 0 0 0 0 2228.9 0 0 5910.5
0 1 8 11 6 7
0 1979.4 0 0 0 0 110.9 240.5 997.9 0 0 16208.2 0
**********2022-05-30 17:58:47**********
24921.33 24929.916 0.034 220.017 246.85 
0 5 10
0 0.0 0.0 0.0 0.0 0.6 0.0 0.0 0.0 0.0 21266.4 0.0 0.0
0 2 9 3 12 4
0 0 1875.3 2081.3 268.2 0 0 0 0 2228.9 0 0 5910.5
0 1 8 11 6 7
0 1979.4 0 0 0 0 110.9 240.5 997.9 0 0 16208.2 0
**********2022-05-30 17:58:50**********
24921.33 24929.916 0.034 220.017 249.706 
0 5 10
0 0.0 0.0 0.0 0.0 0.6 0.0 0.0 0.0 0.0 21266.4 0.0 0.0
0 2 9 3 12 4
0 0 1875.3 2081.3 268.2 0 0 0 0 2228.9 0 0 5910.5
0 1 8 11 6 7
0 1979.4 0 0 0 0 110.9 240.5 997.9 0 0 16208.2 0
**********2022-05-30 17:58:52**********
24921.33 24929.916 0.034 220.017 251.183 
0 5 10
0 0.0 0.0 0.0 0.0 0.6 0.0 0.0 0.0 0.0 21266.4 0.0 0.0
0 2 9 3 12 4
0 0 1875.3 2081.3 268.2 0 0 0 0 2228.9 0 0 5910.5
0 1 8 11 6 7
0 1979.4 0 0 0 0 110.9 240.5 997.9 0 0 16208.2 0
**********2022-05-30 17:58:55**********
24921.33 24929.916 0.034 220.017 254.216 
0 5 10
0 0.0 0.0 0.0 0.0 0.6 0.0 0.0 0.0 0.0 21266.4 0.0 0.0
0 2 9 3 12 4
0 0 1875.3 2081.3 268.2 0 0 0 0 2228.9 0 0 5910.5
0 1 8 11 6 7
0 1979.4 0 0 0 0 110.9 240.5 997.9 0 0 16208.2 0
**********2022-05-30 17:58:57**********
24921.33 24929.916 0.034 220.017 256.943 
0 5 10
0 0.0 0.0 0.0 0.0 0.6 0.0 0.0 0.0 0.0 21266.4 0.0 0.0
0 2 9 3 12 4
0 0 1875.3 2081.3 268.2 0 0 0 0 2228.9 0 0 5910.5
0 1 8 11 6 7
0 1979.4 0 0 0 0 110.9 240.5 997.9 0 0 16208.2 0
**********2022-05-30 17:58:59**********
24921.33 24929.916 0.034 220.017 258.42 
0 5 10
0 0.0 0.0 0.0 0.0 0.6 0.0 0.0 0.0 0.0 21266.4 0.0 0.0
0 2 9 3 12 4
0 0 1875.3 2081.3 268.2 0 0 0 0 2228.9 0 0 5910.5
0 1 8 11 6 7
0 1979.4 0 0 0 0 110.9 240.5 997.9 0 0 16208.2 0
**********2022-05-30 17:59:00**********
24921.33 24929.916 0.034 220.017 259.94 
0 5 10
0 0.0 0.0 0.0 0.0 0.6 0.0 0.0 0.0 0.0 21266.4 0.0 0.0
0 2 9 3 12 4
0 0 1875.3 2081.3 268.2 0 0 0 0 2228.9 0 0 5910.5
0 1 8 11 6 7
0 1979.4 0 0 0 0 110.9 240.5 997.9 0 0 16208.2 0
**********2022-05-30 17:59:02**********
24921.33 24929.916 0.034 220.017 261.438 
0 5 10
0 0.0 0.0 0.0 0.0 0.6 0.0 0.0 0.0 0.0 21266.4 0.0 0.0
0 2 9 3 12 4
0 0 1875.3 2081.3 268.2 0 0 0 0 2228.9 0 0 5910.5
0 1 8 11 6 7
0 1979.4 0 0 0 0 110.9 240.5 997.9 0 0 16208.2 0
**********2022-05-30 17:59:03**********
24921.33 24929.916 0.034 220.017 262.932 
0 5 10
0 0.0 0.0 0.0 0.0 0.6 0.0 0.0 0.0 0.0 21266.4 0.0 0.0
0 2 9 3 12 4
0 0 1875.3 2081.3 268.2 0 0 0 0 2228.9 0 0 5910.5
0 1 8 11 6 7
0 1979.4 0 0 0 0 110.9 240.5 997.9 0 0 16208.2 0
**********2022-05-30 17:59:06**********
24921.33 24925.718 0.018 265.683 265.683 
0 5 10
0 0.0 0.0 0.0 0.0 0.6 0.0 0.0 0.0 0.0 21266.4 0.0 0.0
0 1 8 7 6 11
0 1979.4 0 0 0 0 110.9 240.5 997.9 0 0 16208.2 0
0 2 9 3 12 4
0 0 1875.3 2081.3 268.2 0 0 0 0 2228.9 0 0 5910.5
**********2022-05-30 17:59:07**********
24921.33 24925.718 0.018 265.683 266.964 
0 5 10
0 0.0 0.0 0.0 0.0 0.6 0.0 0.0 0.0 0.0 21266.4 0.0 0.0
0 1 8 7 6 11
0 1979.4 0 0 0 0 110.9 240.5 997.9 0 0 16208.2 0
0 2 9 3 12 4
0 0 1875.3 2081.3 268.2 0 0 0 0 2228.9 0 0 5910.5
**********2022-05-30 17:59:09**********
24921.33 24925.718 0.018 265.683 268.206 
0 5 10
0 0.0 0.0 0.0 0.0 0.6 0.0 0.0 0.0 0.0 21266.4 0.0 0.0
0 1 8 7 6 11
0 1979.4 0 0 0 0 110.9 240.5 997.9 0 0 16208.2 0
0 2 9 3 12 4
0 0 1875.3 2081.3 268.2 0 0 0 0 2228.9 0 0 5910.5
**********2022-05-30 17:59:10**********
24921.33 24925.718 0.018 265.683 269.497 
0 5 10
0 0.0 0.0 0.0 0.0 0.6 0.0 0.0 0.0 0.0 21266.4 0.0 0.0
0 1 8 7 6 11
0 1979.4 0 0 0 0 110.9 240.5 997.9 0 0 16208.2 0
0 2 9 3 12 4
0 0 1875.3 2081.3 268.2 0 0 0 0 2228.9 0 0 5910.5
**********2022-05-30 17:59:11**********
24921.33 24925.718 0.018 265.683 270.788 
0 5 10
0 0.0 0.0 0.0 0.0 0.6 0.0 0.0 0.0 0.0 21266.4 0.0 0.0
0 1 8 7 6 11
0 1979.4 0 0 0 0 110.9 240.5 997.9 0 0 16208.2 0
0 2 9 3 12 4
0 0 1875.3 2081.3 268.2 0 0 0 0 2228.9 0 0 5910.5
**********2022-05-30 17:59:13**********
24921.33 24925.718 0.018 265.683 272.069 
0 5 10
0 0.0 0.0 0.0 0.0 0.6 0.0 0.0 0.0 0.0 21266.4 0.0 0.0
0 1 8 7 6 11
0 1979.4 0 0 0 0 110.9 240.5 997.9 0 0 16208.2 0
0 2 9 3 12 4
0 0 1875.3 2081.3 268.2 0 0 0 0 2228.9 0 0 5910.5
**********2022-05-30 17:59:14**********
24921.33 24925.718 0.018 265.683 273.316 
0 5 10
0 0.0 0.0 0.0 0.0 0.6 0.0 0.0 0.0 0.0 21266.4 0.0 0.0
0 1 8 7 6 11
0 1979.4 0 0 0 0 110.9 240.5 997.9 0 0 16208.2 0
0 2 9 3 12 4
0 0 1875.3 2081.3 268.2 0 0 0 0 2228.9 0 0 5910.5
**********2022-05-30 17:59:15**********
24921.33 24925.718 0.018 265.683 274.598 
0 5 10
0 0.0 0.0 0.0 0.0 0.6 0.0 0.0 0.0 0.0 21266.4 0.0 0.0
0 1 8 7 6 11
0 1979.4 0 0 0 0 110.9 240.5 997.9 0 0 16208.2 0
0 2 9 3 12 4
0 0 1875.3 2081.3 268.2 0 0 0 0 2228.9 0 0 5910.5
**********2022-05-30 17:59:16**********
24921.33 24925.718 0.018 265.683 275.884 
0 5 10
0 0.0 0.0 0.0 0.0 0.6 0.0 0.0 0.0 0.0 21266.4 0.0 0.0
0 1 8 7 6 11
0 1979.4 0 0 0 0 110.9 240.5 997.9 0 0 16208.2 0
0 2 9 3 12 4
0 0 1875.3 2081.3 268.2 0 0 0 0 2228.9 0 0 5910.5
**********2022-05-30 17:59:18**********
24921.33 24925.718 0.018 265.683 277.175 
0 5 10
0 0.0 0.0 0.0 0.0 0.6 0.0 0.0 0.0 0.0 21266.4 0.0 0.0
0 1 8 7 6 11
0 1979.4 0 0 0 0 110.9 240.5 997.9 0 0 16208.2 0
0 2 9 3 12 4
0 0 1875.3 2081.3 268.2 0 0 0 0 2228.9 0 0 5910.5
**********2022-05-30 17:59:19**********
24921.33 24925.718 0.018 265.683 278.459 
0 5 10
0 0.0 0.0 0.0 0.0 0.6 0.0 0.0 0.0 0.0 21266.4 0.0 0.0
0 1 8 7 6 11
0 1979.4 0 0 0 0 110.9 240.5 997.9 0 0 16208.2 0
0 2 9 3 12 4
0 0 1875.3 2081.3 268.2 0 0 0 0 2228.9 0 0 5910.5
**********2022-05-30 17:59:20**********
24921.33 24925.718 0.018 265.683 279.741 
0 5 10
0 0.0 0.0 0.0 0.0 0.6 0.0 0.0 0.0 0.0 21266.4 0.0 0.0
0 1 8 7 6 11
0 1979.4 0 0 0 0 110.9 240.5 997.9 0 0 16208.2 0
0 2 9 3 12 4
0 0 1875.3 2081.3 268.2 0 0 0 0 2228.9 0 0 5910.5
