**********2022-05-25 20:40:59**********
38852.0 39018.876 0.428 2.808 2.808 
0 11 7 2 6 5
0 0 1.4 0 0 1468.1 142.8 71.5 0 0 0 423.2 0
0 4 8
0 0 0 0 1272.9 0 0 0 834.1 0 0 0 0
0 10 9 3 1 12
0 623.8 0 1199.0 0 0 0 0 0 107.7 45.6 0 130.9
**********2022-05-25 20:41:01**********
38852.0 38921.602 0.179 5.716 5.716 
0 2 10 3 8
0 0 1.4 1181.9 0 0 0 0 878.7 0 44.9 0 0
0 5 11 12 9
0 0 0 0 0 1450.0 0 0 0 107.9 0 418.0 131.2
0 7 1 4 6
0 598.7 0 0 1305.5 0 135.1 67.7 0 0 0 0 0
**********2022-05-25 20:41:05**********
38852.0 38919.801 0.174 8.731 8.731 
0 6 5 11 10 9 2
0 0 1.4 0 0 1411.8 137.3 0 0 105.1 44.5 407.0 0
0 12 4 1
0 621.4 0 0 1355.1 0 0 0 0 0 0 0 130.4
0 7 3 8
0 0 0 1169.1 0 0 0 68.8 869.1 0 0 0 0
**********2022-05-25 20:41:07**********
38852.0 38919.801 0.174 8.731 11.276 
0 6 5 11 10 9 2
0 0 1.4 0 0 1411.8 137.3 0 0 105.1 44.5 407.0 0
0 12 4 1
0 621.4 0 0 1355.1 0 0 0 0 0 0 0 130.4
0 7 3 8
0 0 0 1169.1 0 0 0 68.8 869.1 0 0 0 0
**********2022-05-25 20:41:10**********
38852.0 38873.032 0.054 14.287 14.287 
0 7 8 3
0 0 0 1169.1 0 0 0 68.8 869.1 0 0 0 0
0 10 9 2 1 4
0 614.5 1.4 0 1340.1 0 0 0 0 106.1 44.9 0 0
0 5 12 11 6
0 0.0 0.0 0.0 0.0 1427.5 138.8 0.0 0.0 0.0 0.0 411.5 129.1
**********2022-05-25 20:41:13**********
38852.0 38873.032 0.054 14.287 17.532 
0 7 8 3
0 0 0 1169.1 0 0 0 68.8 869.1 0 0 0 0
0 10 9 2 1 4
0 614.5 1.4 0 1340.1 0 0 0 0 106.1 44.9 0 0
0 5 12 11 6
0 0.0 0.0 0.0 0.0 1427.5 138.8 0.0 0.0 0.0 0.0 411.5 129.1
**********2022-05-25 20:41:16**********
38852.0 38873.032 0.054 14.287 20.349 
0 7 8 3
0 0 0 1169.1 0 0 0 68.8 869.1 0 0 0 0
0 10 9 2 1 4
0 614.5 1.4 0 1340.1 0 0 0 0 106.1 44.9 0 0
0 5 12 11 6
0 0.0 0.0 0.0 0.0 1427.5 138.8 0.0 0.0 0.0 0.0 411.5 129.1
**********2022-05-25 20:41:19**********
38852.0 38873.032 0.054 14.287 22.848 
0 7 8 3
0 0 0 1169.1 0 0 0 68.8 869.1 0 0 0 0
0 10 9 2 1 4
0 614.5 1.4 0 1340.1 0 0 0 0 106.1 44.9 0 0
0 5 12 11 6
0 0.0 0.0 0.0 0.0 1427.5 138.8 0.0 0.0 0.0 0.0 411.5 129.1
**********2022-05-25 20:41:21**********
38852.0 38873.032 0.054 14.287 25.404 
0 7 8 3
0 0 0 1169.1 0 0 0 68.8 869.1 0 0 0 0
0 10 9 2 1 4
0 614.5 1.4 0 1340.1 0 0 0 0 106.1 44.9 0 0
0 5 12 11 6
0 0.0 0.0 0.0 0.0 1427.5 138.8 0.0 0.0 0.0 0.0 411.5 129.1
**********2022-05-25 20:41:24**********
38852.0 38873.032 0.054 14.287 27.874 
0 7 8 3
0 0 0 1169.1 0 0 0 68.8 869.1 0 0 0 0
0 10 9 2 1 4
0 614.5 1.4 0 1340.1 0 0 0 0 106.1 44.9 0 0
0 5 12 11 6
0 0.0 0.0 0.0 0.0 1427.5 138.8 0.0 0.0 0.0 0.0 411.5 129.1
**********2022-05-25 20:41:26**********
38852.0 38873.032 0.054 14.287 30.185 
0 7 8 3
0 0 0 1169.1 0 0 0 68.8 869.1 0 0 0 0
0 10 9 2 1 4
0 614.5 1.4 0 1340.1 0 0 0 0 106.1 44.9 0 0
0 5 12 11 6
0 0.0 0.0 0.0 0.0 1427.5 138.8 0.0 0.0 0.0 0.0 411.5 129.1
**********2022-05-25 20:41:29**********
38852.0 38873.032 0.054 14.287 32.816 
0 7 8 3
0 0 0 1169.1 0 0 0 68.8 869.1 0 0 0 0
0 10 9 2 1 4
0 614.5 1.4 0 1340.1 0 0 0 0 106.1 44.9 0 0
0 5 12 11 6
0 0.0 0.0 0.0 0.0 1427.5 138.8 0.0 0.0 0.0 0.0 411.5 129.1
**********2022-05-25 20:41:30**********
38852.0 38873.032 0.054 14.287 33.862 
0 7 8 3
0 0 0 1169.1 0 0 0 68.8 869.1 0 0 0 0
0 10 9 2 1 4
0 614.5 1.4 0 1340.1 0 0 0 0 106.1 44.9 0 0
0 5 12 11 6
0 0.0 0.0 0.0 0.0 1427.5 138.8 0.0 0.0 0.0 0.0 411.5 129.1
**********2022-05-25 20:41:32**********
38852.0 38873.032 0.054 14.287 36.285 
0 7 8 3
0 0 0 1169.1 0 0 0 68.8 869.1 0 0 0 0
0 10 9 2 1 4
0 614.5 1.4 0 1340.1 0 0 0 0 106.1 44.9 0 0
0 5 12 11 6
0 0.0 0.0 0.0 0.0 1427.5 138.8 0.0 0.0 0.0 0.0 411.5 129.1
**********2022-05-25 20:41:35**********
38852.0 38873.032 0.054 14.287 38.855 
0 7 8 3
0 0 0 1169.1 0 0 0 68.8 869.1 0 0 0 0
0 10 9 2 1 4
0 614.5 1.4 0 1340.1 0 0 0 0 106.1 44.9 0 0
0 5 12 11 6
0 0.0 0.0 0.0 0.0 1427.5 138.8 0.0 0.0 0.0 0.0 411.5 129.1
**********2022-05-25 20:41:37**********
38852.0 38873.032 0.054 14.287 41.159 
0 7 8 3
0 0 0 1169.1 0 0 0 68.8 869.1 0 0 0 0
0 10 9 2 1 4
0 614.5 1.4 0 1340.1 0 0 0 0 106.1 44.9 0 0
0 5 12 11 6
0 0.0 0.0 0.0 0.0 1427.5 138.8 0.0 0.0 0.0 0.0 411.5 129.1
**********2022-05-25 20:41:41**********
38852.0 38873.032 0.054 14.287 44.792 
0 7 8 3
0 0 0 1169.1 0 0 0 68.8 869.1 0 0 0 0
0 10 9 2 1 4
0 614.5 1.4 0 1340.1 0 0 0 0 106.1 44.9 0 0
0 5 12 11 6
0 0.0 0.0 0.0 0.0 1427.5 138.8 0.0 0.0 0.0 0.0 411.5 129.1
**********2022-05-25 20:41:43**********
38852.0 38873.032 0.054 14.287 47.012 
0 7 8 3
0 0 0 1169.1 0 0 0 68.8 869.1 0 0 0 0
0 10 9 2 1 4
0 614.5 1.4 0 1340.1 0 0 0 0 106.1 44.9 0 0
0 5 12 11 6
0 0.0 0.0 0.0 0.0 1427.5 138.8 0.0 0.0 0.0 0.0 411.5 129.1
**********2022-05-25 20:41:45**********
38852.0 38873.032 0.054 14.287 49.26 
0 7 8 3
0 0 0 1169.1 0 0 0 68.8 869.1 0 0 0 0
0 10 9 2 1 4
0 614.5 1.4 0 1340.1 0 0 0 0 106.1 44.9 0 0
0 5 12 11 6
0 0.0 0.0 0.0 0.0 1427.5 138.8 0.0 0.0 0.0 0.0 411.5 129.1
**********2022-05-25 20:41:48**********
38852.0 38873.032 0.054 14.287 51.749 
0 7 8 3
0 0 0 1169.1 0 0 0 68.8 869.1 0 0 0 0
0 10 9 2 1 4
0 614.5 1.4 0 1340.1 0 0 0 0 106.1 44.9 0 0
0 5 12 11 6
0 0.0 0.0 0.0 0.0 1427.5 138.8 0.0 0.0 0.0 0.0 411.5 129.1
**********2022-05-25 20:41:51**********
38852.0 38873.032 0.054 14.287 55.629 
0 7 8 3
0 0 0 1169.1 0 0 0 68.8 869.1 0 0 0 0
0 10 9 2 1 4
0 614.5 1.4 0 1340.1 0 0 0 0 106.1 44.9 0 0
0 5 12 11 6
0 0.0 0.0 0.0 0.0 1427.5 138.8 0.0 0.0 0.0 0.0 411.5 129.1
**********2022-05-25 20:41:54**********
38852.0 38873.032 0.054 14.287 58.141 
0 7 8 3
0 0 0 1169.1 0 0 0 68.8 869.1 0 0 0 0
0 10 9 2 1 4
0 614.5 1.4 0 1340.1 0 0 0 0 106.1 44.9 0 0
0 5 12 11 6
0 0.0 0.0 0.0 0.0 1427.5 138.8 0.0 0.0 0.0 0.0 411.5 129.1
**********2022-05-25 20:41:57**********
38852.0 38873.032 0.054 14.287 61.094 
0 7 8 3
0 0 0 1169.1 0 0 0 68.8 869.1 0 0 0 0
0 10 9 2 1 4
0 614.5 1.4 0 1340.1 0 0 0 0 106.1 44.9 0 0
0 5 12 11 6
0 0.0 0.0 0.0 0.0 1427.5 138.8 0.0 0.0 0.0 0.0 411.5 129.1
**********2022-05-25 20:42:07**********
38852.0 38873.032 0.054 14.287 71.231 
0 7 8 3
0 0 0 1169.1 0 0 0 68.8 869.1 0 0 0 0
0 10 9 2 1 4
0 614.5 1.4 0 1340.1 0 0 0 0 106.1 44.9 0 0
0 5 12 11 6
0 0.0 0.0 0.0 0.0 1427.5 138.8 0.0 0.0 0.0 0.0 411.5 129.1
**********2022-05-25 20:42:10**********
38852.0 38873.032 0.054 14.287 73.816 
0 7 8 3
0 0 0 1169.1 0 0 0 68.8 869.1 0 0 0 0
0 10 9 2 1 4
0 614.5 1.4 0 1340.1 0 0 0 0 106.1 44.9 0 0
0 5 12 11 6
0 0.0 0.0 0.0 0.0 1427.5 138.8 0.0 0.0 0.0 0.0 411.5 129.1
**********2022-05-25 20:42:12**********
38852.0 38873.032 0.054 14.287 76.073 
0 7 8 3
0 0 0 1169.1 0 0 0 68.8 869.1 0 0 0 0
0 10 9 2 1 4
0 614.5 1.4 0 1340.1 0 0 0 0 106.1 44.9 0 0
0 5 12 11 6
0 0.0 0.0 0.0 0.0 1427.5 138.8 0.0 0.0 0.0 0.0 411.5 129.1
**********2022-05-25 20:42:14**********
38852.0 38873.032 0.054 14.287 78.247 
0 7 8 3
0 0 0 1169.1 0 0 0 68.8 869.1 0 0 0 0
0 10 9 2 1 4
0 614.5 1.4 0 1340.1 0 0 0 0 106.1 44.9 0 0
0 5 12 11 6
0 0.0 0.0 0.0 0.0 1427.5 138.8 0.0 0.0 0.0 0.0 411.5 129.1
**********2022-05-25 20:42:16**********
38852.0 38873.032 0.054 14.287 80.113 
0 7 8 3
0 0 0 1169.1 0 0 0 68.8 869.1 0 0 0 0
0 10 9 2 1 4
0 614.5 1.4 0 1340.1 0 0 0 0 106.1 44.9 0 0
0 5 12 11 6
0 0.0 0.0 0.0 0.0 1427.5 138.8 0.0 0.0 0.0 0.0 411.5 129.1
**********2022-05-25 20:42:18**********
38852.0 38873.032 0.054 14.287 82.698 
0 7 8 3
0 0 0 1169.1 0 0 0 68.8 869.1 0 0 0 0
0 10 9 2 1 4
0 614.5 1.4 0 1340.1 0 0 0 0 106.1 44.9 0 0
0 5 12 11 6
0 0.0 0.0 0.0 0.0 1427.5 138.8 0.0 0.0 0.0 0.0 411.5 129.1
**********2022-05-25 20:42:20**********
38852.0 38873.032 0.054 14.287 84.67 
0 7 8 3
0 0 0 1169.1 0 0 0 68.8 869.1 0 0 0 0
0 10 9 2 1 4
0 614.5 1.4 0 1340.1 0 0 0 0 106.1 44.9 0 0
0 5 12 11 6
0 0.0 0.0 0.0 0.0 1427.5 138.8 0.0 0.0 0.0 0.0 411.5 129.1
**********2022-05-25 20:42:23**********
38852.0 38873.032 0.054 14.287 86.737 
0 7 8 3
0 0 0 1169.1 0 0 0 68.8 869.1 0 0 0 0
0 10 9 2 1 4
0 614.5 1.4 0 1340.1 0 0 0 0 106.1 44.9 0 0
0 5 12 11 6
0 0.0 0.0 0.0 0.0 1427.5 138.8 0.0 0.0 0.0 0.0 411.5 129.1
**********2022-05-25 20:42:24**********
38852.0 38873.032 0.054 14.287 88.684 
0 7 8 3
0 0 0 1169.1 0 0 0 68.8 869.1 0 0 0 0
0 10 9 2 1 4
0 614.5 1.4 0 1340.1 0 0 0 0 106.1 44.9 0 0
0 5 12 11 6
0 0.0 0.0 0.0 0.0 1427.5 138.8 0.0 0.0 0.0 0.0 411.5 129.1
**********2022-05-25 20:42:26**********
38852.0 38873.032 0.054 14.287 90.654 
0 7 8 3
0 0 0 1169.1 0 0 0 68.8 869.1 0 0 0 0
0 10 9 2 1 4
0 614.5 1.4 0 1340.1 0 0 0 0 106.1 44.9 0 0
0 5 12 11 6
0 0.0 0.0 0.0 0.0 1427.5 138.8 0.0 0.0 0.0 0.0 411.5 129.1
**********2022-05-25 20:42:28**********
38852.0 38873.032 0.054 14.287 92.187 
0 7 8 3
0 0 0 1169.1 0 0 0 68.8 869.1 0 0 0 0
0 10 9 2 1 4
0 614.5 1.4 0 1340.1 0 0 0 0 106.1 44.9 0 0
0 5 12 11 6
0 0.0 0.0 0.0 0.0 1427.5 138.8 0.0 0.0 0.0 0.0 411.5 129.1
**********2022-05-25 20:42:29**********
38852.0 38873.032 0.054 14.287 92.967 
0 7 8 3
0 0 0 1169.1 0 0 0 68.8 869.1 0 0 0 0
0 10 9 2 1 4
0 614.5 1.4 0 1340.1 0 0 0 0 106.1 44.9 0 0
0 5 12 11 6
0 0.0 0.0 0.0 0.0 1427.5 138.8 0.0 0.0 0.0 0.0 411.5 129.1
**********2022-05-25 20:42:30**********
38852.0 38873.032 0.054 14.287 93.766 
0 7 8 3
0 0 0 1169.1 0 0 0 68.8 869.1 0 0 0 0
0 10 9 2 1 4
0 614.5 1.4 0 1340.1 0 0 0 0 106.1 44.9 0 0
0 5 12 11 6
0 0.0 0.0 0.0 0.0 1427.5 138.8 0.0 0.0 0.0 0.0 411.5 129.1
**********2022-05-25 20:42:30**********
38852.0 38873.032 0.054 14.287 94.534 
0 7 8 3
0 0 0 1169.1 0 0 0 68.8 869.1 0 0 0 0
0 10 9 2 1 4
0 614.5 1.4 0 1340.1 0 0 0 0 106.1 44.9 0 0
0 5 12 11 6
0 0.0 0.0 0.0 0.0 1427.5 138.8 0.0 0.0 0.0 0.0 411.5 129.1
**********2022-05-25 20:42:32**********
38852.0 38873.032 0.054 14.287 95.944 
0 7 8 3
0 0 0 1169.1 0 0 0 68.8 869.1 0 0 0 0
0 10 9 2 1 4
0 614.5 1.4 0 1340.1 0 0 0 0 106.1 44.9 0 0
0 5 12 11 6
0 0.0 0.0 0.0 0.0 1427.5 138.8 0.0 0.0 0.0 0.0 411.5 129.1
**********2022-05-25 20:42:34**********
38852.0 38873.032 0.054 14.287 97.921 
0 7 8 3
0 0 0 1169.1 0 0 0 68.8 869.1 0 0 0 0
0 10 9 2 1 4
0 614.5 1.4 0 1340.1 0 0 0 0 106.1 44.9 0 0
0 5 12 11 6
0 0.0 0.0 0.0 0.0 1427.5 138.8 0.0 0.0 0.0 0.0 411.5 129.1
**********2022-05-25 20:42:36**********
38852.0 38873.032 0.054 14.287 99.885 
0 7 8 3
0 0 0 1169.1 0 0 0 68.8 869.1 0 0 0 0
0 10 9 2 1 4
0 614.5 1.4 0 1340.1 0 0 0 0 106.1 44.9 0 0
0 5 12 11 6
0 0.0 0.0 0.0 0.0 1427.5 138.8 0.0 0.0 0.0 0.0 411.5 129.1
**********2022-05-25 20:42:38**********
38852.0 38873.032 0.054 14.287 101.928 
0 7 8 3
0 0 0 1169.1 0 0 0 68.8 869.1 0 0 0 0
0 10 9 2 1 4
0 614.5 1.4 0 1340.1 0 0 0 0 106.1 44.9 0 0
0 5 12 11 6
0 0.0 0.0 0.0 0.0 1427.5 138.8 0.0 0.0 0.0 0.0 411.5 129.1
**********2022-05-25 20:42:41**********
38852.0 38873.032 0.054 14.287 104.962 
0 7 8 3
0 0 0 1169.1 0 0 0 68.8 869.1 0 0 0 0
0 10 9 2 1 4
0 614.5 1.4 0 1340.1 0 0 0 0 106.1 44.9 0 0
0 5 12 11 6
0 0.0 0.0 0.0 0.0 1427.5 138.8 0.0 0.0 0.0 0.0 411.5 129.1
**********2022-05-25 20:42:44**********
38852.0 38873.032 0.054 14.287 108.497 
0 7 8 3
0 0 0 1169.1 0 0 0 68.8 869.1 0 0 0 0
0 10 9 2 1 4
0 614.5 1.4 0 1340.1 0 0 0 0 106.1 44.9 0 0
0 5 12 11 6
0 0.0 0.0 0.0 0.0 1427.5 138.8 0.0 0.0 0.0 0.0 411.5 129.1
**********2022-05-25 20:42:48**********
38852.0 38873.032 0.054 14.287 111.843 
0 7 8 3
0 0 0 1169.1 0 0 0 68.8 869.1 0 0 0 0
0 10 9 2 1 4
0 614.5 1.4 0 1340.1 0 0 0 0 106.1 44.9 0 0
0 5 12 11 6
0 0.0 0.0 0.0 0.0 1427.5 138.8 0.0 0.0 0.0 0.0 411.5 129.1
**********2022-05-25 20:42:51**********
38852.0 38873.032 0.054 14.287 115.549 
0 7 8 3
0 0 0 1169.1 0 0 0 68.8 869.1 0 0 0 0
0 10 9 2 1 4
0 614.5 1.4 0 1340.1 0 0 0 0 106.1 44.9 0 0
0 5 12 11 6
0 0.0 0.0 0.0 0.0 1427.5 138.8 0.0 0.0 0.0 0.0 411.5 129.1
**********2022-05-25 20:42:54**********
38852.0 38873.032 0.054 14.287 117.957 
0 7 8 3
0 0 0 1169.1 0 0 0 68.8 869.1 0 0 0 0
0 10 9 2 1 4
0 614.5 1.4 0 1340.1 0 0 0 0 106.1 44.9 0 0
0 5 12 11 6
0 0.0 0.0 0.0 0.0 1427.5 138.8 0.0 0.0 0.0 0.0 411.5 129.1
**********2022-05-25 20:42:56**********
38852.0 38873.032 0.054 14.287 120.438 
0 7 8 3
0 0 0 1169.1 0 0 0 68.8 869.1 0 0 0 0
0 10 9 2 1 4
0 614.5 1.4 0 1340.1 0 0 0 0 106.1 44.9 0 0
0 5 12 11 6
0 0.0 0.0 0.0 0.0 1427.5 138.8 0.0 0.0 0.0 0.0 411.5 129.1
**********2022-05-25 20:42:59**********
38852.0 38871.852 0.051 123.25 123.25 
0 7 5 1
0 613.6 0 0 0 1424.0 0 69.4 0 0 0 0 0
0 4 6 9 11 12
0 0 0 0 1328.7 0 137.5 0 0 105.2 0 407.6 127.9
0 10 2 3 8
0 0 1.4 1181.9 0 0 0 0 878.7 0 44.9 0 0
**********2022-05-25 20:43:02**********
38852.0 38871.852 0.051 123.25 125.78 
0 7 5 1
0 613.6 0 0 0 1424.0 0 69.4 0 0 0 0 0
0 4 6 9 11 12
0 0 0 0 1328.7 0 137.5 0 0 105.2 0 407.6 127.9
0 10 2 3 8
0 0 1.4 1181.9 0 0 0 0 878.7 0 44.9 0 0
**********2022-05-25 20:43:04**********
38852.0 38871.852 0.051 123.25 128.354 
0 7 5 1
0 613.6 0 0 0 1424.0 0 69.4 0 0 0 0 0
0 4 6 9 11 12
0 0 0 0 1328.7 0 137.5 0 0 105.2 0 407.6 127.9
0 10 2 3 8
0 0 1.4 1181.9 0 0 0 0 878.7 0 44.9 0 0
**********2022-05-25 20:43:06**********
38852.0 38871.852 0.051 123.25 130.486 
0 7 5 1
0 613.6 0 0 0 1424.0 0 69.4 0 0 0 0 0
0 4 6 9 11 12
0 0 0 0 1328.7 0 137.5 0 0 105.2 0 407.6 127.9
0 10 2 3 8
0 0 1.4 1181.9 0 0 0 0 878.7 0 44.9 0 0
**********2022-05-25 20:43:08**********
38852.0 38871.852 0.051 123.25 132.389 
0 7 5 1
0 613.6 0 0 0 1424.0 0 69.4 0 0 0 0 0
0 4 6 9 11 12
0 0 0 0 1328.7 0 137.5 0 0 105.2 0 407.6 127.9
0 10 2 3 8
0 0 1.4 1181.9 0 0 0 0 878.7 0 44.9 0 0
**********2022-05-25 20:43:10**********
38852.0 38871.852 0.051 123.25 134.617 
0 7 5 1
0 613.6 0 0 0 1424.0 0 69.4 0 0 0 0 0
0 4 6 9 11 12
0 0 0 0 1328.7 0 137.5 0 0 105.2 0 407.6 127.9
0 10 2 3 8
0 0 1.4 1181.9 0 0 0 0 878.7 0 44.9 0 0
**********2022-05-25 20:43:12**********
38852.0 38871.852 0.051 123.25 136.663 
0 7 5 1
0 613.6 0 0 0 1424.0 0 69.4 0 0 0 0 0
0 4 6 9 11 12
0 0 0 0 1328.7 0 137.5 0 0 105.2 0 407.6 127.9
0 10 2 3 8
0 0 1.4 1181.9 0 0 0 0 878.7 0 44.9 0 0
**********2022-05-25 20:43:15**********
38852.0 38871.852 0.051 123.25 139.215 
0 7 5 1
0 613.6 0 0 0 1424.0 0 69.4 0 0 0 0 0
0 4 6 9 11 12
0 0 0 0 1328.7 0 137.5 0 0 105.2 0 407.6 127.9
0 10 2 3 8
0 0 1.4 1181.9 0 0 0 0 878.7 0 44.9 0 0
**********2022-05-25 20:43:18**********
38852.0 38871.852 0.051 123.25 141.883 
0 7 5 1
0 613.6 0 0 0 1424.0 0 69.4 0 0 0 0 0
0 4 6 9 11 12
0 0 0 0 1328.7 0 137.5 0 0 105.2 0 407.6 127.9
0 10 2 3 8
0 0 1.4 1181.9 0 0 0 0 878.7 0 44.9 0 0
**********2022-05-25 20:43:20**********
38852.0 38871.852 0.051 123.25 144.123 
0 7 5 1
0 613.6 0 0 0 1424.0 0 69.4 0 0 0 0 0
0 4 6 9 11 12
0 0 0 0 1328.7 0 137.5 0 0 105.2 0 407.6 127.9
0 10 2 3 8
0 0 1.4 1181.9 0 0 0 0 878.7 0 44.9 0 0
**********2022-05-25 20:43:23**********
38852.0 38871.852 0.051 123.25 146.919 
0 7 5 1
0 613.6 0 0 0 1424.0 0 69.4 0 0 0 0 0
0 4 6 9 11 12
0 0 0 0 1328.7 0 137.5 0 0 105.2 0 407.6 127.9
0 10 2 3 8
0 0 1.4 1181.9 0 0 0 0 878.7 0 44.9 0 0
**********2022-05-25 20:43:25**********
38852.0 38871.852 0.051 123.25 149.209 
0 7 5 1
0 613.6 0 0 0 1424.0 0 69.4 0 0 0 0 0
0 4 6 9 11 12
0 0 0 0 1328.7 0 137.5 0 0 105.2 0 407.6 127.9
0 10 2 3 8
0 0 1.4 1181.9 0 0 0 0 878.7 0 44.9 0 0
**********2022-05-25 20:43:27**********
38852.0 38871.852 0.051 123.25 151.459 
0 7 5 1
0 613.6 0 0 0 1424.0 0 69.4 0 0 0 0 0
0 4 6 9 11 12
0 0 0 0 1328.7 0 137.5 0 0 105.2 0 407.6 127.9
0 10 2 3 8
0 0 1.4 1181.9 0 0 0 0 878.7 0 44.9 0 0
**********2022-05-25 20:43:29**********
38852.0 38871.852 0.051 123.25 153.49 
0 7 5 1
0 613.6 0 0 0 1424.0 0 69.4 0 0 0 0 0
0 4 6 9 11 12
0 0 0 0 1328.7 0 137.5 0 0 105.2 0 407.6 127.9
0 10 2 3 8
0 0 1.4 1181.9 0 0 0 0 878.7 0 44.9 0 0
**********2022-05-25 20:43:32**********
38852.0 38871.852 0.051 123.25 156.017 
0 7 5 1
0 613.6 0 0 0 1424.0 0 69.4 0 0 0 0 0
0 4 6 9 11 12
0 0 0 0 1328.7 0 137.5 0 0 105.2 0 407.6 127.9
0 10 2 3 8
0 0 1.4 1181.9 0 0 0 0 878.7 0 44.9 0 0
**********2022-05-25 20:43:36**********
38852.0 38871.852 0.051 123.25 159.793 
0 7 5 1
0 613.6 0 0 0 1424.0 0 69.4 0 0 0 0 0
0 4 6 9 11 12
0 0 0 0 1328.7 0 137.5 0 0 105.2 0 407.6 127.9
0 10 2 3 8
0 0 1.4 1181.9 0 0 0 0 878.7 0 44.9 0 0
**********2022-05-25 20:43:39**********
38852.0 38871.852 0.051 123.25 162.924 
0 7 5 1
0 613.6 0 0 0 1424.0 0 69.4 0 0 0 0 0
0 4 6 9 11 12
0 0 0 0 1328.7 0 137.5 0 0 105.2 0 407.6 127.9
0 10 2 3 8
0 0 1.4 1181.9 0 0 0 0 878.7 0 44.9 0 0
**********2022-05-25 20:43:41**********
38852.0 38871.852 0.051 123.25 165.57 
0 7 5 1
0 613.6 0 0 0 1424.0 0 69.4 0 0 0 0 0
0 4 6 9 11 12
0 0 0 0 1328.7 0 137.5 0 0 105.2 0 407.6 127.9
0 10 2 3 8
0 0 1.4 1181.9 0 0 0 0 878.7 0 44.9 0 0
**********2022-05-25 20:43:44**********
38852.0 38871.852 0.051 123.25 167.955 
0 7 5 1
0 613.6 0 0 0 1424.0 0 69.4 0 0 0 0 0
0 4 6 9 11 12
0 0 0 0 1328.7 0 137.5 0 0 105.2 0 407.6 127.9
0 10 2 3 8
0 0 1.4 1181.9 0 0 0 0 878.7 0 44.9 0 0
**********2022-05-25 20:43:46**********
38852.0 38871.852 0.051 123.25 170.289 
0 7 5 1
0 613.6 0 0 0 1424.0 0 69.4 0 0 0 0 0
0 4 6 9 11 12
0 0 0 0 1328.7 0 137.5 0 0 105.2 0 407.6 127.9
0 10 2 3 8
0 0 1.4 1181.9 0 0 0 0 878.7 0 44.9 0 0
**********2022-05-25 20:43:48**********
38852.0 38871.852 0.051 123.25 172.248 
0 7 5 1
0 613.6 0 0 0 1424.0 0 69.4 0 0 0 0 0
0 4 6 9 11 12
0 0 0 0 1328.7 0 137.5 0 0 105.2 0 407.6 127.9
0 10 2 3 8
0 0 1.4 1181.9 0 0 0 0 878.7 0 44.9 0 0
**********2022-05-25 20:43:51**********
38852.0 38871.852 0.051 123.25 174.95 
0 7 5 1
0 613.6 0 0 0 1424.0 0 69.4 0 0 0 0 0
0 4 6 9 11 12
0 0 0 0 1328.7 0 137.5 0 0 105.2 0 407.6 127.9
0 10 2 3 8
0 0 1.4 1181.9 0 0 0 0 878.7 0 44.9 0 0
**********2022-05-25 20:43:53**********
38852.0 38871.852 0.051 123.25 177.109 
0 7 5 1
0 613.6 0 0 0 1424.0 0 69.4 0 0 0 0 0
0 4 6 9 11 12
0 0 0 0 1328.7 0 137.5 0 0 105.2 0 407.6 127.9
0 10 2 3 8
0 0 1.4 1181.9 0 0 0 0 878.7 0 44.9 0 0
**********2022-05-25 20:43:55**********
38852.0 38871.852 0.051 123.25 179.43 
0 7 5 1
0 613.6 0 0 0 1424.0 0 69.4 0 0 0 0 0
0 4 6 9 11 12
0 0 0 0 1328.7 0 137.5 0 0 105.2 0 407.6 127.9
0 10 2 3 8
0 0 1.4 1181.9 0 0 0 0 878.7 0 44.9 0 0
**********2022-05-25 20:43:58**********
38852.0 38871.852 0.051 123.25 181.93 
0 7 5 1
0 613.6 0 0 0 1424.0 0 69.4 0 0 0 0 0
0 4 6 9 11 12
0 0 0 0 1328.7 0 137.5 0 0 105.2 0 407.6 127.9
0 10 2 3 8
0 0 1.4 1181.9 0 0 0 0 878.7 0 44.9 0 0
**********2022-05-25 20:44:00**********
38852.0 38871.852 0.051 123.25 184.285 
0 7 5 1
0 613.6 0 0 0 1424.0 0 69.4 0 0 0 0 0
0 4 6 9 11 12
0 0 0 0 1328.7 0 137.5 0 0 105.2 0 407.6 127.9
0 10 2 3 8
0 0 1.4 1181.9 0 0 0 0 878.7 0 44.9 0 0
**********2022-05-25 20:44:02**********
38852.0 38871.852 0.051 123.25 186.179 
0 7 5 1
0 613.6 0 0 0 1424.0 0 69.4 0 0 0 0 0
0 4 6 9 11 12
0 0 0 0 1328.7 0 137.5 0 0 105.2 0 407.6 127.9
0 10 2 3 8
0 0 1.4 1181.9 0 0 0 0 878.7 0 44.9 0 0
**********2022-05-25 20:44:04**********
38852.0 38871.852 0.051 123.25 188.593 
0 7 5 1
0 613.6 0 0 0 1424.0 0 69.4 0 0 0 0 0
0 4 6 9 11 12
0 0 0 0 1328.7 0 137.5 0 0 105.2 0 407.6 127.9
0 10 2 3 8
0 0 1.4 1181.9 0 0 0 0 878.7 0 44.9 0 0
**********2022-05-25 20:44:07**********
38852.0 38871.852 0.051 123.25 191.582 
0 7 5 1
0 613.6 0 0 0 1424.0 0 69.4 0 0 0 0 0
0 4 6 9 11 12
0 0 0 0 1328.7 0 137.5 0 0 105.2 0 407.6 127.9
0 10 2 3 8
0 0 1.4 1181.9 0 0 0 0 878.7 0 44.9 0 0
**********2022-05-25 20:44:09**********
38852.0 38871.852 0.051 123.25 193.615 
0 7 5 1
0 613.6 0 0 0 1424.0 0 69.4 0 0 0 0 0
0 4 6 9 11 12
0 0 0 0 1328.7 0 137.5 0 0 105.2 0 407.6 127.9
0 10 2 3 8
0 0 1.4 1181.9 0 0 0 0 878.7 0 44.9 0 0
**********2022-05-25 20:44:11**********
38852.0 38871.852 0.051 123.25 195.436 
0 7 5 1
0 613.6 0 0 0 1424.0 0 69.4 0 0 0 0 0
0 4 6 9 11 12
0 0 0 0 1328.7 0 137.5 0 0 105.2 0 407.6 127.9
0 10 2 3 8
0 0 1.4 1181.9 0 0 0 0 878.7 0 44.9 0 0
**********2022-05-25 20:44:13**********
38852.0 38871.852 0.051 123.25 197.104 
0 7 5 1
0 613.6 0 0 0 1424.0 0 69.4 0 0 0 0 0
0 4 6 9 11 12
0 0 0 0 1328.7 0 137.5 0 0 105.2 0 407.6 127.9
0 10 2 3 8
0 0 1.4 1181.9 0 0 0 0 878.7 0 44.9 0 0
**********2022-05-25 20:44:15**********
38852.0 38871.852 0.051 123.25 198.808 
0 7 5 1
0 613.6 0 0 0 1424.0 0 69.4 0 0 0 0 0
0 4 6 9 11 12
0 0 0 0 1328.7 0 137.5 0 0 105.2 0 407.6 127.9
0 10 2 3 8
0 0 1.4 1181.9 0 0 0 0 878.7 0 44.9 0 0
**********2022-05-25 20:44:17**********
38852.0 38871.852 0.051 123.25 201.036 
0 7 5 1
0 613.6 0 0 0 1424.0 0 69.4 0 0 0 0 0
0 4 6 9 11 12
0 0 0 0 1328.7 0 137.5 0 0 105.2 0 407.6 127.9
0 10 2 3 8
0 0 1.4 1181.9 0 0 0 0 878.7 0 44.9 0 0
**********2022-05-25 20:44:19**********
38852.0 38871.852 0.051 123.25 203.378 
0 7 5 1
0 613.6 0 0 0 1424.0 0 69.4 0 0 0 0 0
0 4 6 9 11 12
0 0 0 0 1328.7 0 137.5 0 0 105.2 0 407.6 127.9
0 10 2 3 8
0 0 1.4 1181.9 0 0 0 0 878.7 0 44.9 0 0
**********2022-05-25 20:44:21**********
38852.0 38871.852 0.051 123.25 205.603 
0 7 5 1
0 613.6 0 0 0 1424.0 0 69.4 0 0 0 0 0
0 4 6 9 11 12
0 0 0 0 1328.7 0 137.5 0 0 105.2 0 407.6 127.9
0 10 2 3 8
0 0 1.4 1181.9 0 0 0 0 878.7 0 44.9 0 0
**********2022-05-25 20:44:24**********
38852.0 38871.852 0.051 123.25 207.946 
0 7 5 1
0 613.6 0 0 0 1424.0 0 69.4 0 0 0 0 0
0 4 6 9 11 12
0 0 0 0 1328.7 0 137.5 0 0 105.2 0 407.6 127.9
0 10 2 3 8
0 0 1.4 1181.9 0 0 0 0 878.7 0 44.9 0 0
**********2022-05-25 20:44:26**********
38852.0 38871.852 0.051 123.25 210.444 
0 7 5 1
0 613.6 0 0 0 1424.0 0 69.4 0 0 0 0 0
0 4 6 9 11 12
0 0 0 0 1328.7 0 137.5 0 0 105.2 0 407.6 127.9
0 10 2 3 8
0 0 1.4 1181.9 0 0 0 0 878.7 0 44.9 0 0
**********2022-05-25 20:44:28**********
38852.0 38871.852 0.051 123.25 212.468 
0 7 5 1
0 613.6 0 0 0 1424.0 0 69.4 0 0 0 0 0
0 4 6 9 11 12
0 0 0 0 1328.7 0 137.5 0 0 105.2 0 407.6 127.9
0 10 2 3 8
0 0 1.4 1181.9 0 0 0 0 878.7 0 44.9 0 0
**********2022-05-25 20:44:30**********
38852.0 38871.852 0.051 123.25 214.672 
0 7 5 1
0 613.6 0 0 0 1424.0 0 69.4 0 0 0 0 0
0 4 6 9 11 12
0 0 0 0 1328.7 0 137.5 0 0 105.2 0 407.6 127.9
0 10 2 3 8
0 0 1.4 1181.9 0 0 0 0 878.7 0 44.9 0 0
**********2022-05-25 20:44:33**********
38852.0 38871.852 0.051 123.25 217.655 
0 7 5 1
0 613.6 0 0 0 1424.0 0 69.4 0 0 0 0 0
0 4 6 9 11 12
0 0 0 0 1328.7 0 137.5 0 0 105.2 0 407.6 127.9
0 10 2 3 8
0 0 1.4 1181.9 0 0 0 0 878.7 0 44.9 0 0
**********2022-05-25 20:44:36**********
38852.0 38871.852 0.051 123.25 220.083 
0 7 5 1
0 613.6 0 0 0 1424.0 0 69.4 0 0 0 0 0
0 4 6 9 11 12
0 0 0 0 1328.7 0 137.5 0 0 105.2 0 407.6 127.9
0 10 2 3 8
0 0 1.4 1181.9 0 0 0 0 878.7 0 44.9 0 0
**********2022-05-25 20:44:38**********
38852.0 38871.852 0.051 123.25 221.93 
0 7 5 1
0 613.6 0 0 0 1424.0 0 69.4 0 0 0 0 0
0 4 6 9 11 12
0 0 0 0 1328.7 0 137.5 0 0 105.2 0 407.6 127.9
0 10 2 3 8
0 0 1.4 1181.9 0 0 0 0 878.7 0 44.9 0 0
**********2022-05-25 20:44:40**********
38852.0 38871.852 0.051 123.25 224.397 
0 7 5 1
0 613.6 0 0 0 1424.0 0 69.4 0 0 0 0 0
0 4 6 9 11 12
0 0 0 0 1328.7 0 137.5 0 0 105.2 0 407.6 127.9
0 10 2 3 8
0 0 1.4 1181.9 0 0 0 0 878.7 0 44.9 0 0
**********2022-05-25 20:44:42**********
38852.0 38871.852 0.051 123.25 226.542 
0 7 5 1
0 613.6 0 0 0 1424.0 0 69.4 0 0 0 0 0
0 4 6 9 11 12
0 0 0 0 1328.7 0 137.5 0 0 105.2 0 407.6 127.9
0 10 2 3 8
0 0 1.4 1181.9 0 0 0 0 878.7 0 44.9 0 0
**********2022-05-25 20:44:44**********
38852.0 38871.852 0.051 123.25 228.672 
0 7 5 1
0 613.6 0 0 0 1424.0 0 69.4 0 0 0 0 0
0 4 6 9 11 12
0 0 0 0 1328.7 0 137.5 0 0 105.2 0 407.6 127.9
0 10 2 3 8
0 0 1.4 1181.9 0 0 0 0 878.7 0 44.9 0 0
**********2022-05-25 20:44:47**********
38852.0 38871.852 0.051 123.25 230.827 
0 7 5 1
0 613.6 0 0 0 1424.0 0 69.4 0 0 0 0 0
0 4 6 9 11 12
0 0 0 0 1328.7 0 137.5 0 0 105.2 0 407.6 127.9
0 10 2 3 8
0 0 1.4 1181.9 0 0 0 0 878.7 0 44.9 0 0
**********2022-05-25 20:44:49**********
38852.0 38871.852 0.051 123.25 233.329 
0 7 5 1
0 613.6 0 0 0 1424.0 0 69.4 0 0 0 0 0
0 4 6 9 11 12
0 0 0 0 1328.7 0 137.5 0 0 105.2 0 407.6 127.9
0 10 2 3 8
0 0 1.4 1181.9 0 0 0 0 878.7 0 44.9 0 0
**********2022-05-25 20:44:51**********
38852.0 38871.852 0.051 123.25 235.188 
0 7 5 1
0 613.6 0 0 0 1424.0 0 69.4 0 0 0 0 0
0 4 6 9 11 12
0 0 0 0 1328.7 0 137.5 0 0 105.2 0 407.6 127.9
0 10 2 3 8
0 0 1.4 1181.9 0 0 0 0 878.7 0 44.9 0 0
**********2022-06-06 12:59:12**********
38852.0 39057.552 0.526 4.974 4.974 
0 10 11 7 6 5
0 0 0 0 0 1437.5 139.8 70.0 0 0 45.3 414.4 0
0 12 9 1 3
0 637.6 0 1225.5 0 0 0 0 0 110.1 0 0 133.8
0 8 2 4
0 0 1.3 0 1272.1 0 0 0 833.6 0 0 0 0
**********2022-06-06 12:59:18**********
38852.0 38934.558 0.212 10.52 10.52 
0 7 4 6 9 11
0 0 0 0 1367.0 0 141.5 70.9 0 108.2 0 419.4 0
0 5 1 10
0 620.8 0 0 0 1440.8 0 0 0 0 45.4 0 0
0 12 3 8 2
0 0 1.4 1136.6 0 0 0 0 845.0 0 0 0 124.1
**********2022-06-06 12:59:22**********
38852.0 38933.29 0.209 15.029 15.029 
0 1 5 9
0 603.1 0 0 0 1399.7 0 0 0 104.2 0 0 0
0 10 3 8
0 0 0 1182.7 0 0 0 0 879.3 0 45.0 0 0
0 12 11 7 2 4 6
0 0 1.4 0 1351.1 0 139.8 70.1 0 0 0 414.5 130.1
**********2022-06-06 12:59:27**********
38852.0 38923.386 0.183 19.727 19.727 
0 9 5 2 1
0 602.7 1.4 0 0 1398.8 0 0 0 104.1 0 0 0
0 10 3 8
0 0 0 1182.7 0 0 0 0 879.3 0 45.0 0 0
0 7 4 6 11 12
0 0 0 0 1352.0 0 139.9 70.1 0 0 0 414.8 130.1
**********2022-06-06 12:59:31**********
38852.0 38923.386 0.183 19.727 24.039 
0 9 5 2 1
0 602.7 1.4 0 0 1398.8 0 0 0 104.1 0 0 0
0 10 3 8
0 0 0 1182.7 0 0 0 0 879.3 0 45.0 0 0
0 7 4 6 11 12
0 0 0 0 1352.0 0 139.9 70.1 0 0 0 414.8 130.1
**********2022-06-06 12:59:35**********
38852.0 38898.527 0.12 27.761 27.761 
0 7 4 6 11 12
0 0 0 0 1352.0 0 139.9 70.1 0 0 0 414.8 130.1
0 8 3 10
0 0 0 1182.7 0 0 0 0 879.3 0 45.0 0 0
0 1 2 5 9
0 602.7 1.4 0 0 1398.8 0 0 0 104.1 0 0 0
**********2022-06-06 12:59:39**********
38852.0 38898.527 0.12 27.761 31.446 
0 7 4 6 11 12
0 0 0 0 1352.0 0 139.9 70.1 0 0 0 414.8 130.1
0 8 3 10
0 0 0 1182.7 0 0 0 0 879.3 0 45.0 0 0
0 1 2 5 9
0 602.7 1.4 0 0 1398.8 0 0 0 104.1 0 0 0
**********2022-06-06 12:59:43**********
38852.0 38898.527 0.12 27.761 35.37 
0 7 4 6 11 12
0 0 0 0 1352.0 0 139.9 70.1 0 0 0 414.8 130.1
0 8 3 10
0 0 0 1182.7 0 0 0 0 879.3 0 45.0 0 0
0 1 2 5 9
0 602.7 1.4 0 0 1398.8 0 0 0 104.1 0 0 0
**********2022-06-06 12:59:46**********
38852.0 38898.527 0.12 27.761 39.074 
0 7 4 6 11 12
0 0 0 0 1352.0 0 139.9 70.1 0 0 0 414.8 130.1
0 8 3 10
0 0 0 1182.7 0 0 0 0 879.3 0 45.0 0 0
0 1 2 5 9
0 602.7 1.4 0 0 1398.8 0 0 0 104.1 0 0 0
**********2022-06-06 12:59:48**********
38852.0 38898.527 0.12 27.761 40.705 
0 7 4 6 11 12
0 0 0 0 1352.0 0 139.9 70.1 0 0 0 414.8 130.1
0 8 3 10
0 0 0 1182.7 0 0 0 0 879.3 0 45.0 0 0
0 1 2 5 9
0 602.7 1.4 0 0 1398.8 0 0 0 104.1 0 0 0
**********2022-06-06 12:59:51**********
38852.0 38898.527 0.12 27.761 43.942 
0 7 4 6 11 12
0 0 0 0 1352.0 0 139.9 70.1 0 0 0 414.8 130.1
0 8 3 10
0 0 0 1182.7 0 0 0 0 879.3 0 45.0 0 0
0 1 2 5 9
0 602.7 1.4 0 0 1398.8 0 0 0 104.1 0 0 0
**********2022-06-06 12:59:53**********
38852.0 38898.527 0.12 27.761 45.432 
0 7 4 6 11 12
0 0 0 0 1352.0 0 139.9 70.1 0 0 0 414.8 130.1
0 8 3 10
0 0 0 1182.7 0 0 0 0 879.3 0 45.0 0 0
0 1 2 5 9
0 602.7 1.4 0 0 1398.8 0 0 0 104.1 0 0 0
**********2022-06-06 12:59:56**********
38852.0 38898.527 0.12 27.761 48.852 
0 7 4 6 11 12
0 0 0 0 1352.0 0 139.9 70.1 0 0 0 414.8 130.1
0 8 3 10
0 0 0 1182.7 0 0 0 0 879.3 0 45.0 0 0
0 1 2 5 9
0 602.7 1.4 0 0 1398.8 0 0 0 104.1 0 0 0
**********2022-06-06 13:00:00**********
38852.0 38895.191 0.111 52.91 52.91 
0 12 11 6 4 7 2
0 0 1.4 0 1351.1 0 139.8 70.1 0 0 0 414.5 130.1
0 1 9 5
0 603.1 0 0 0 1399.7 0 0 0 104.2 0 0 0
0 3 8 10
0 0 0 1182.7 0 0 0 0 879.3 0 45.0 0 0
**********2022-06-06 13:00:05**********
38852.0 38895.191 0.111 52.91 57.153 
0 12 11 6 4 7 2
0 0 1.4 0 1351.1 0 139.8 70.1 0 0 0 414.5 130.1
0 1 9 5
0 603.1 0 0 0 1399.7 0 0 0 104.2 0 0 0
0 3 8 10
0 0 0 1182.7 0 0 0 0 879.3 0 45.0 0 0
**********2022-06-06 13:00:09**********
38852.0 38895.191 0.111 52.91 61.167 
0 12 11 6 4 7 2
0 0 1.4 0 1351.1 0 139.8 70.1 0 0 0 414.5 130.1
0 1 9 5
0 603.1 0 0 0 1399.7 0 0 0 104.2 0 0 0
0 3 8 10
0 0 0 1182.7 0 0 0 0 879.3 0 45.0 0 0
**********2022-06-06 13:00:12**********
38852.0 38895.191 0.111 52.91 64.903 
0 12 11 6 4 7 2
0 0 1.4 0 1351.1 0 139.8 70.1 0 0 0 414.5 130.1
0 1 9 5
0 603.1 0 0 0 1399.7 0 0 0 104.2 0 0 0
0 3 8 10
0 0 0 1182.7 0 0 0 0 879.3 0 45.0 0 0
**********2022-06-06 13:00:14**********
38852.0 38895.191 0.111 52.91 66.466 
0 12 11 6 4 7 2
0 0 1.4 0 1351.1 0 139.8 70.1 0 0 0 414.5 130.1
0 1 9 5
0 603.1 0 0 0 1399.7 0 0 0 104.2 0 0 0
0 3 8 10
0 0 0 1182.7 0 0 0 0 879.3 0 45.0 0 0
**********2022-06-06 13:00:17**********
38852.0 38895.191 0.111 52.91 69.784 
0 12 11 6 4 7 2
0 0 1.4 0 1351.1 0 139.8 70.1 0 0 0 414.5 130.1
0 1 9 5
0 603.1 0 0 0 1399.7 0 0 0 104.2 0 0 0
0 3 8 10
0 0 0 1182.7 0 0 0 0 879.3 0 45.0 0 0
**********2022-06-06 13:00:20**********
38852.0 38895.191 0.111 52.91 72.891 
0 12 11 6 4 7 2
0 0 1.4 0 1351.1 0 139.8 70.1 0 0 0 414.5 130.1
0 1 9 5
0 603.1 0 0 0 1399.7 0 0 0 104.2 0 0 0
0 3 8 10
0 0 0 1182.7 0 0 0 0 879.3 0 45.0 0 0
**********2022-06-06 13:00:23**********
38852.0 38895.191 0.111 52.91 75.898 
0 12 11 6 4 7 2
0 0 1.4 0 1351.1 0 139.8 70.1 0 0 0 414.5 130.1
0 1 9 5
0 603.1 0 0 0 1399.7 0 0 0 104.2 0 0 0
0 3 8 10
0 0 0 1182.7 0 0 0 0 879.3 0 45.0 0 0
**********2022-06-06 13:00:25**********
38852.0 38895.191 0.111 52.91 77.164 
0 12 11 6 4 7 2
0 0 1.4 0 1351.1 0 139.8 70.1 0 0 0 414.5 130.1
0 1 9 5
0 603.1 0 0 0 1399.7 0 0 0 104.2 0 0 0
0 3 8 10
0 0 0 1182.7 0 0 0 0 879.3 0 45.0 0 0
**********2022-06-06 13:00:27**********
38852.0 38895.191 0.111 52.91 80.135 
0 12 11 6 4 7 2
0 0 1.4 0 1351.1 0 139.8 70.1 0 0 0 414.5 130.1
0 1 9 5
0 603.1 0 0 0 1399.7 0 0 0 104.2 0 0 0
0 3 8 10
0 0 0 1182.7 0 0 0 0 879.3 0 45.0 0 0
**********2022-06-06 13:00:31**********
38852.0 38895.191 0.111 52.91 83.271 
0 12 11 6 4 7 2
0 0 1.4 0 1351.1 0 139.8 70.1 0 0 0 414.5 130.1
0 1 9 5
0 603.1 0 0 0 1399.7 0 0 0 104.2 0 0 0
0 3 8 10
0 0 0 1182.7 0 0 0 0 879.3 0 45.0 0 0
**********2022-06-06 13:00:34**********
38852.0 38895.191 0.111 52.91 86.555 
0 12 11 6 4 7 2
0 0 1.4 0 1351.1 0 139.8 70.1 0 0 0 414.5 130.1
0 1 9 5
0 603.1 0 0 0 1399.7 0 0 0 104.2 0 0 0
0 3 8 10
0 0 0 1182.7 0 0 0 0 879.3 0 45.0 0 0
**********2022-06-06 13:00:37**********
38852.0 38895.191 0.111 52.91 89.295 
0 12 11 6 4 7 2
0 0 1.4 0 1351.1 0 139.8 70.1 0 0 0 414.5 130.1
0 1 9 5
0 603.1 0 0 0 1399.7 0 0 0 104.2 0 0 0
0 3 8 10
0 0 0 1182.7 0 0 0 0 879.3 0 45.0 0 0
**********2022-06-06 13:00:39**********
38852.0 38895.191 0.111 52.91 92.071 
0 12 11 6 4 7 2
0 0 1.4 0 1351.1 0 139.8 70.1 0 0 0 414.5 130.1
0 1 9 5
0 603.1 0 0 0 1399.7 0 0 0 104.2 0 0 0
0 3 8 10
0 0 0 1182.7 0 0 0 0 879.3 0 45.0 0 0
**********2022-06-06 13:00:42**********
38852.0 38895.191 0.111 52.91 95.047 
0 12 11 6 4 7 2
0 0 1.4 0 1351.1 0 139.8 70.1 0 0 0 414.5 130.1
0 1 9 5
0 603.1 0 0 0 1399.7 0 0 0 104.2 0 0 0
0 3 8 10
0 0 0 1182.7 0 0 0 0 879.3 0 45.0 0 0
**********2022-06-06 13:00:45**********
38852.0 38895.191 0.111 52.91 98.053 
0 12 11 6 4 7 2
0 0 1.4 0 1351.1 0 139.8 70.1 0 0 0 414.5 130.1
0 1 9 5
0 603.1 0 0 0 1399.7 0 0 0 104.2 0 0 0
0 3 8 10
0 0 0 1182.7 0 0 0 0 879.3 0 45.0 0 0
**********2022-06-06 13:00:49**********
38852.0 38895.191 0.111 52.91 101.285 
0 12 11 6 4 7 2
0 0 1.4 0 1351.1 0 139.8 70.1 0 0 0 414.5 130.1
0 1 9 5
0 603.1 0 0 0 1399.7 0 0 0 104.2 0 0 0
0 3 8 10
0 0 0 1182.7 0 0 0 0 879.3 0 45.0 0 0
**********2022-06-06 13:00:51**********
38852.0 38895.191 0.111 52.91 103.963 
0 12 11 6 4 7 2
0 0 1.4 0 1351.1 0 139.8 70.1 0 0 0 414.5 130.1
0 1 9 5
0 603.1 0 0 0 1399.7 0 0 0 104.2 0 0 0
0 3 8 10
0 0 0 1182.7 0 0 0 0 879.3 0 45.0 0 0
**********2022-06-06 13:00:54**********
38852.0 38895.191 0.111 52.91 106.781 
0 12 11 6 4 7 2
0 0 1.4 0 1351.1 0 139.8 70.1 0 0 0 414.5 130.1
0 1 9 5
0 603.1 0 0 0 1399.7 0 0 0 104.2 0 0 0
0 3 8 10
0 0 0 1182.7 0 0 0 0 879.3 0 45.0 0 0
**********2022-06-06 13:00:57**********
38852.0 38895.191 0.111 52.91 109.548 
0 12 11 6 4 7 2
0 0 1.4 0 1351.1 0 139.8 70.1 0 0 0 414.5 130.1
0 1 9 5
0 603.1 0 0 0 1399.7 0 0 0 104.2 0 0 0
0 3 8 10
0 0 0 1182.7 0 0 0 0 879.3 0 45.0 0 0
**********2022-06-06 13:01:00**********
38852.0 38895.191 0.111 52.91 113.044 
0 12 11 6 4 7 2
0 0 1.4 0 1351.1 0 139.8 70.1 0 0 0 414.5 130.1
0 1 9 5
0 603.1 0 0 0 1399.7 0 0 0 104.2 0 0 0
0 3 8 10
0 0 0 1182.7 0 0 0 0 879.3 0 45.0 0 0
**********2022-06-06 13:01:02**********
38852.0 38895.191 0.111 52.91 115.036 
0 12 11 6 4 7 2
0 0 1.4 0 1351.1 0 139.8 70.1 0 0 0 414.5 130.1
0 1 9 5
0 603.1 0 0 0 1399.7 0 0 0 104.2 0 0 0
0 3 8 10
0 0 0 1182.7 0 0 0 0 879.3 0 45.0 0 0
**********2022-06-06 13:01:05**********
38852.0 38895.191 0.111 52.91 117.488 
0 12 11 6 4 7 2
0 0 1.4 0 1351.1 0 139.8 70.1 0 0 0 414.5 130.1
0 1 9 5
0 603.1 0 0 0 1399.7 0 0 0 104.2 0 0 0
0 3 8 10
0 0 0 1182.7 0 0 0 0 879.3 0 45.0 0 0
**********2022-06-06 13:01:07**********
38852.0 38895.191 0.111 52.91 119.657 
0 12 11 6 4 7 2
0 0 1.4 0 1351.1 0 139.8 70.1 0 0 0 414.5 130.1
0 1 9 5
0 603.1 0 0 0 1399.7 0 0 0 104.2 0 0 0
0 3 8 10
0 0 0 1182.7 0 0 0 0 879.3 0 45.0 0 0
**********2022-06-06 13:01:10**********
38852.0 38895.191 0.111 52.91 123.13 
0 12 11 6 4 7 2
0 0 1.4 0 1351.1 0 139.8 70.1 0 0 0 414.5 130.1
0 1 9 5
0 603.1 0 0 0 1399.7 0 0 0 104.2 0 0 0
0 3 8 10
0 0 0 1182.7 0 0 0 0 879.3 0 45.0 0 0
**********2022-06-06 13:01:14**********
38852.0 38895.191 0.111 52.91 126.728 
0 12 11 6 4 7 2
0 0 1.4 0 1351.1 0 139.8 70.1 0 0 0 414.5 130.1
0 1 9 5
0 603.1 0 0 0 1399.7 0 0 0 104.2 0 0 0
0 3 8 10
0 0 0 1182.7 0 0 0 0 879.3 0 45.0 0 0
**********2022-06-06 13:01:18**********
38852.0 38895.191 0.111 52.91 130.708 
0 12 11 6 4 7 2
0 0 1.4 0 1351.1 0 139.8 70.1 0 0 0 414.5 130.1
0 1 9 5
0 603.1 0 0 0 1399.7 0 0 0 104.2 0 0 0
0 3 8 10
0 0 0 1182.7 0 0 0 0 879.3 0 45.0 0 0
**********2022-06-06 13:01:21**********
38852.0 38895.191 0.111 52.91 133.488 
0 12 11 6 4 7 2
0 0 1.4 0 1351.1 0 139.8 70.1 0 0 0 414.5 130.1
0 1 9 5
0 603.1 0 0 0 1399.7 0 0 0 104.2 0 0 0
0 3 8 10
0 0 0 1182.7 0 0 0 0 879.3 0 45.0 0 0
**********2022-06-06 13:01:24**********
38852.0 38895.191 0.111 52.91 136.55 
0 12 11 6 4 7 2
0 0 1.4 0 1351.1 0 139.8 70.1 0 0 0 414.5 130.1
0 1 9 5
0 603.1 0 0 0 1399.7 0 0 0 104.2 0 0 0
0 3 8 10
0 0 0 1182.7 0 0 0 0 879.3 0 45.0 0 0
**********2022-06-06 13:01:26**********
38852.0 38895.191 0.111 52.91 138.758 
0 12 11 6 4 7 2
0 0 1.4 0 1351.1 0 139.8 70.1 0 0 0 414.5 130.1
0 1 9 5
0 603.1 0 0 0 1399.7 0 0 0 104.2 0 0 0
0 3 8 10
0 0 0 1182.7 0 0 0 0 879.3 0 45.0 0 0
**********2022-06-06 13:01:29**********
38852.0 38895.191 0.111 52.91 141.723 
0 12 11 6 4 7 2
0 0 1.4 0 1351.1 0 139.8 70.1 0 0 0 414.5 130.1
0 1 9 5
0 603.1 0 0 0 1399.7 0 0 0 104.2 0 0 0
0 3 8 10
0 0 0 1182.7 0 0 0 0 879.3 0 45.0 0 0
**********2022-06-06 13:01:33**********
38852.0 38895.191 0.111 52.91 145.211 
0 12 11 6 4 7 2
0 0 1.4 0 1351.1 0 139.8 70.1 0 0 0 414.5 130.1
0 1 9 5
0 603.1 0 0 0 1399.7 0 0 0 104.2 0 0 0
0 3 8 10
0 0 0 1182.7 0 0 0 0 879.3 0 45.0 0 0
**********2022-06-06 13:01:35**********
38852.0 38895.191 0.111 52.91 148.111 
0 12 11 6 4 7 2
0 0 1.4 0 1351.1 0 139.8 70.1 0 0 0 414.5 130.1
0 1 9 5
0 603.1 0 0 0 1399.7 0 0 0 104.2 0 0 0
0 3 8 10
0 0 0 1182.7 0 0 0 0 879.3 0 45.0 0 0
**********2022-06-06 13:01:39**********
38852.0 38895.191 0.111 52.91 151.235 
0 12 11 6 4 7 2
0 0 1.4 0 1351.1 0 139.8 70.1 0 0 0 414.5 130.1
0 1 9 5
0 603.1 0 0 0 1399.7 0 0 0 104.2 0 0 0
0 3 8 10
0 0 0 1182.7 0 0 0 0 879.3 0 45.0 0 0
**********2022-06-06 13:01:40**********
38852.0 38895.191 0.111 52.91 152.78 
0 12 11 6 4 7 2
0 0 1.4 0 1351.1 0 139.8 70.1 0 0 0 414.5 130.1
0 1 9 5
0 603.1 0 0 0 1399.7 0 0 0 104.2 0 0 0
0 3 8 10
0 0 0 1182.7 0 0 0 0 879.3 0 45.0 0 0
**********2022-06-06 13:01:43**********
38852.0 38895.191 0.111 52.91 155.688 
0 12 11 6 4 7 2
0 0 1.4 0 1351.1 0 139.8 70.1 0 0 0 414.5 130.1
0 1 9 5
0 603.1 0 0 0 1399.7 0 0 0 104.2 0 0 0
0 3 8 10
0 0 0 1182.7 0 0 0 0 879.3 0 45.0 0 0
**********2022-06-06 13:01:44**********
38852.0 38895.191 0.111 52.91 157.034 
0 12 11 6 4 7 2
0 0 1.4 0 1351.1 0 139.8 70.1 0 0 0 414.5 130.1
0 1 9 5
0 603.1 0 0 0 1399.7 0 0 0 104.2 0 0 0
0 3 8 10
0 0 0 1182.7 0 0 0 0 879.3 0 45.0 0 0
**********2022-06-06 13:01:47**********
38852.0 38895.191 0.111 52.91 159.727 
0 12 11 6 4 7 2
0 0 1.4 0 1351.1 0 139.8 70.1 0 0 0 414.5 130.1
0 1 9 5
0 603.1 0 0 0 1399.7 0 0 0 104.2 0 0 0
0 3 8 10
0 0 0 1182.7 0 0 0 0 879.3 0 45.0 0 0
**********2022-06-06 13:01:50**********
38852.0 38895.191 0.111 52.91 162.907 
0 12 11 6 4 7 2
0 0 1.4 0 1351.1 0 139.8 70.1 0 0 0 414.5 130.1
0 1 9 5
0 603.1 0 0 0 1399.7 0 0 0 104.2 0 0 0
0 3 8 10
0 0 0 1182.7 0 0 0 0 879.3 0 45.0 0 0
**********2022-06-06 13:01:53**********
38852.0 38895.191 0.111 52.91 165.579 
0 12 11 6 4 7 2
0 0 1.4 0 1351.1 0 139.8 70.1 0 0 0 414.5 130.1
0 1 9 5
0 603.1 0 0 0 1399.7 0 0 0 104.2 0 0 0
0 3 8 10
0 0 0 1182.7 0 0 0 0 879.3 0 45.0 0 0
**********2022-06-06 13:01:56**********
38852.0 38895.191 0.111 52.91 168.438 
0 12 11 6 4 7 2
0 0 1.4 0 1351.1 0 139.8 70.1 0 0 0 414.5 130.1
0 1 9 5
0 603.1 0 0 0 1399.7 0 0 0 104.2 0 0 0
0 3 8 10
0 0 0 1182.7 0 0 0 0 879.3 0 45.0 0 0
**********2022-06-06 13:01:58**********
38852.0 38895.191 0.111 52.91 170.921 
0 12 11 6 4 7 2
0 0 1.4 0 1351.1 0 139.8 70.1 0 0 0 414.5 130.1
0 1 9 5
0 603.1 0 0 0 1399.7 0 0 0 104.2 0 0 0
0 3 8 10
0 0 0 1182.7 0 0 0 0 879.3 0 45.0 0 0
**********2022-06-06 13:02:00**********
38852.0 38895.191 0.111 52.91 172.239 
0 12 11 6 4 7 2
0 0 1.4 0 1351.1 0 139.8 70.1 0 0 0 414.5 130.1
0 1 9 5
0 603.1 0 0 0 1399.7 0 0 0 104.2 0 0 0
0 3 8 10
0 0 0 1182.7 0 0 0 0 879.3 0 45.0 0 0
**********2022-06-06 13:02:02**********
38852.0 38895.191 0.111 52.91 174.942 
0 12 11 6 4 7 2
0 0 1.4 0 1351.1 0 139.8 70.1 0 0 0 414.5 130.1
0 1 9 5
0 603.1 0 0 0 1399.7 0 0 0 104.2 0 0 0
0 3 8 10
0 0 0 1182.7 0 0 0 0 879.3 0 45.0 0 0
**********2022-06-06 13:02:05**********
38852.0 38895.191 0.111 52.91 177.862 
0 12 11 6 4 7 2
0 0 1.4 0 1351.1 0 139.8 70.1 0 0 0 414.5 130.1
0 1 9 5
0 603.1 0 0 0 1399.7 0 0 0 104.2 0 0 0
0 3 8 10
0 0 0 1182.7 0 0 0 0 879.3 0 45.0 0 0
**********2022-06-06 13:02:08**********
38852.0 38895.191 0.111 52.91 180.532 
0 12 11 6 4 7 2
0 0 1.4 0 1351.1 0 139.8 70.1 0 0 0 414.5 130.1
0 1 9 5
0 603.1 0 0 0 1399.7 0 0 0 104.2 0 0 0
0 3 8 10
0 0 0 1182.7 0 0 0 0 879.3 0 45.0 0 0
**********2022-06-06 13:02:11**********
38852.0 38895.191 0.111 52.91 183.728 
0 12 11 6 4 7 2
0 0 1.4 0 1351.1 0 139.8 70.1 0 0 0 414.5 130.1
0 1 9 5
0 603.1 0 0 0 1399.7 0 0 0 104.2 0 0 0
0 3 8 10
0 0 0 1182.7 0 0 0 0 879.3 0 45.0 0 0
**********2022-06-06 13:02:14**********
38852.0 38895.191 0.111 52.91 186.353 
0 12 11 6 4 7 2
0 0 1.4 0 1351.1 0 139.8 70.1 0 0 0 414.5 130.1
0 1 9 5
0 603.1 0 0 0 1399.7 0 0 0 104.2 0 0 0
0 3 8 10
0 0 0 1182.7 0 0 0 0 879.3 0 45.0 0 0
**********2022-06-06 13:02:15**********
38852.0 38895.191 0.111 52.91 187.815 
0 12 11 6 4 7 2
0 0 1.4 0 1351.1 0 139.8 70.1 0 0 0 414.5 130.1
0 1 9 5
0 603.1 0 0 0 1399.7 0 0 0 104.2 0 0 0
0 3 8 10
0 0 0 1182.7 0 0 0 0 879.3 0 45.0 0 0
**********2022-06-06 13:02:19**********
38852.0 38895.191 0.111 52.91 191.274 
0 12 11 6 4 7 2
0 0 1.4 0 1351.1 0 139.8 70.1 0 0 0 414.5 130.1
0 1 9 5
0 603.1 0 0 0 1399.7 0 0 0 104.2 0 0 0
0 3 8 10
0 0 0 1182.7 0 0 0 0 879.3 0 45.0 0 0
**********2022-06-06 13:02:21**********
38852.0 38895.191 0.111 52.91 193.669 
0 12 11 6 4 7 2
0 0 1.4 0 1351.1 0 139.8 70.1 0 0 0 414.5 130.1
0 1 9 5
0 603.1 0 0 0 1399.7 0 0 0 104.2 0 0 0
0 3 8 10
0 0 0 1182.7 0 0 0 0 879.3 0 45.0 0 0
**********2022-06-06 13:02:24**********
38852.0 38895.191 0.111 52.91 196.152 
0 12 11 6 4 7 2
0 0 1.4 0 1351.1 0 139.8 70.1 0 0 0 414.5 130.1
0 1 9 5
0 603.1 0 0 0 1399.7 0 0 0 104.2 0 0 0
0 3 8 10
0 0 0 1182.7 0 0 0 0 879.3 0 45.0 0 0
**********2022-06-06 13:02:26**********
38852.0 38895.191 0.111 52.91 198.542 
0 12 11 6 4 7 2
0 0 1.4 0 1351.1 0 139.8 70.1 0 0 0 414.5 130.1
0 1 9 5
0 603.1 0 0 0 1399.7 0 0 0 104.2 0 0 0
0 3 8 10
0 0 0 1182.7 0 0 0 0 879.3 0 45.0 0 0
**********2022-06-06 13:02:28**********
38852.0 38895.191 0.111 52.91 200.292 
0 12 11 6 4 7 2
0 0 1.4 0 1351.1 0 139.8 70.1 0 0 0 414.5 130.1
0 1 9 5
0 603.1 0 0 0 1399.7 0 0 0 104.2 0 0 0
0 3 8 10
0 0 0 1182.7 0 0 0 0 879.3 0 45.0 0 0
**********2022-06-06 13:02:32**********
38852.0 38895.191 0.111 52.91 204.544 
0 12 11 6 4 7 2
0 0 1.4 0 1351.1 0 139.8 70.1 0 0 0 414.5 130.1
0 1 9 5
0 603.1 0 0 0 1399.7 0 0 0 104.2 0 0 0
0 3 8 10
0 0 0 1182.7 0 0 0 0 879.3 0 45.0 0 0
**********2022-06-06 13:02:36**********
38852.0 38893.156 0.106 208.883 208.883 
0 1 7 5
0 613.6 0 0 0 1424.0 0 69.4 0 0 0 0 0
0 9 12 11 4 6
0 0 0 0 1328.7 0 137.5 0 0 105.2 0 407.6 127.9
0 10 2 3 8
0 0 1.4 1181.9 0 0 0 0 878.7 0 44.9 0 0
**********2022-06-06 13:02:40**********
38852.0 38879.333 0.07 212.934 212.934 
0 3 8 7
0 0.0 0.0 1169.1 0.0 0.0 0.0 68.8 869.1 0.0 0.0 0.0 0.0
0 4 6 1
0 618.6 0 0 1348.9 0 139.6 0 0 0 0 0 0
0 11 12 10 2 5 9
0 0 1.4 0 0 1418.3 0 0 0 105.5 44.7 408.9 128.3
**********2022-06-06 13:02:44**********
38852.0 38879.104 0.07 216.938 216.938 
0 4 6 1
0 618.6 0 0 1348.9 0 139.6 0 0 0 0 0 0
0 3 7 8
0 0 0 1169.1 0 0 0 68.8 869.1 0 0 0 0
0 10 2 11 12 5 9
0 0 1.4 0 0 1418.3 0 0 0 105.5 44.7 408.9 128.3
**********2022-06-06 13:02:48**********
38852.0 38879.104 0.07 216.938 220.638 
0 4 6 1
0 618.6 0 0 1348.9 0 139.6 0 0 0 0 0 0
0 3 7 8
0 0 0 1169.1 0 0 0 68.8 869.1 0 0 0 0
0 10 2 11 12 5 9
0 0 1.4 0 0 1418.3 0 0 0 105.5 44.7 408.9 128.3
**********2022-06-06 13:02:52**********
38852.0 38879.104 0.07 216.938 224.343 
0 4 6 1
0 618.6 0 0 1348.9 0 139.6 0 0 0 0 0 0
0 3 7 8
0 0 0 1169.1 0 0 0 68.8 869.1 0 0 0 0
0 10 2 11 12 5 9
0 0 1.4 0 0 1418.3 0 0 0 105.5 44.7 408.9 128.3
**********2022-06-06 13:02:56**********
38852.0 38879.104 0.07 216.938 228.372 
0 4 6 1
0 618.6 0 0 1348.9 0 139.6 0 0 0 0 0 0
0 3 7 8
0 0 0 1169.1 0 0 0 68.8 869.1 0 0 0 0
0 10 2 11 12 5 9
0 0 1.4 0 0 1418.3 0 0 0 105.5 44.7 408.9 128.3
**********2022-06-06 13:02:59**********
38852.0 38879.104 0.07 216.938 231.69 
0 4 6 1
0 618.6 0 0 1348.9 0 139.6 0 0 0 0 0 0
0 3 7 8
0 0 0 1169.1 0 0 0 68.8 869.1 0 0 0 0
0 10 2 11 12 5 9
0 0 1.4 0 0 1418.3 0 0 0 105.5 44.7 408.9 128.3
**********2022-06-06 13:03:02**********
38852.0 38876.198 0.062 235.095 235.095 
0 3 8 7
0 0.0 0.0 1169.1 0.0 0.0 0.0 68.8 869.1 0.0 0.0 0.0 0.0
0 4 6 1
0 618.6 0 0 1348.9 0 139.6 0 0 0 0 0 0
0 11 2 5 9 10 12
0 0 1.4 0 0 1418.3 0 0 0 105.5 44.7 408.9 128.3
**********2022-06-06 13:03:06**********
38852.0 38876.198 0.062 235.095 238.86 
0 3 8 7
0 0.0 0.0 1169.1 0.0 0.0 0.0 68.8 869.1 0.0 0.0 0.0 0.0
0 4 6 1
0 618.6 0 0 1348.9 0 139.6 0 0 0 0 0 0
0 11 2 5 9 10 12
0 0 1.4 0 0 1418.3 0 0 0 105.5 44.7 408.9 128.3
**********2022-06-06 13:03:09**********
38852.0 38876.198 0.062 235.095 242.001 
0 3 8 7
0 0.0 0.0 1169.1 0.0 0.0 0.0 68.8 869.1 0.0 0.0 0.0 0.0
0 4 6 1
0 618.6 0 0 1348.9 0 139.6 0 0 0 0 0 0
0 11 2 5 9 10 12
0 0 1.4 0 0 1418.3 0 0 0 105.5 44.7 408.9 128.3
**********2022-06-06 13:03:12**********
38852.0 38876.198 0.062 235.095 244.688 
0 3 8 7
0 0.0 0.0 1169.1 0.0 0.0 0.0 68.8 869.1 0.0 0.0 0.0 0.0
0 4 6 1
0 618.6 0 0 1348.9 0 139.6 0 0 0 0 0 0
0 11 2 5 9 10 12
0 0 1.4 0 0 1418.3 0 0 0 105.5 44.7 408.9 128.3
**********2022-06-06 13:03:16**********
38852.0 38876.198 0.062 235.095 248.649 
0 3 8 7
0 0.0 0.0 1169.1 0.0 0.0 0.0 68.8 869.1 0.0 0.0 0.0 0.0
0 4 6 1
0 618.6 0 0 1348.9 0 139.6 0 0 0 0 0 0
0 11 2 5 9 10 12
0 0 1.4 0 0 1418.3 0 0 0 105.5 44.7 408.9 128.3
**********2022-06-06 13:03:19**********
38852.0 38876.198 0.062 235.095 251.406 
0 3 8 7
0 0.0 0.0 1169.1 0.0 0.0 0.0 68.8 869.1 0.0 0.0 0.0 0.0
0 4 6 1
0 618.6 0 0 1348.9 0 139.6 0 0 0 0 0 0
0 11 2 5 9 10 12
0 0 1.4 0 0 1418.3 0 0 0 105.5 44.7 408.9 128.3
**********2022-06-06 13:03:22**********
38852.0 38876.198 0.062 235.095 254.476 
0 3 8 7
0 0.0 0.0 1169.1 0.0 0.0 0.0 68.8 869.1 0.0 0.0 0.0 0.0
0 4 6 1
0 618.6 0 0 1348.9 0 139.6 0 0 0 0 0 0
0 11 2 5 9 10 12
0 0 1.4 0 0 1418.3 0 0 0 105.5 44.7 408.9 128.3
**********2022-06-06 13:03:25**********
38852.0 38876.198 0.062 235.095 257.516 
0 3 8 7
0 0.0 0.0 1169.1 0.0 0.0 0.0 68.8 869.1 0.0 0.0 0.0 0.0
0 4 6 1
0 618.6 0 0 1348.9 0 139.6 0 0 0 0 0 0
0 11 2 5 9 10 12
0 0 1.4 0 0 1418.3 0 0 0 105.5 44.7 408.9 128.3
**********2022-06-06 13:03:28**********
38852.0 38876.198 0.062 235.095 260.927 
0 3 8 7
0 0.0 0.0 1169.1 0.0 0.0 0.0 68.8 869.1 0.0 0.0 0.0 0.0
0 4 6 1
0 618.6 0 0 1348.9 0 139.6 0 0 0 0 0 0
0 11 2 5 9 10 12
0 0 1.4 0 0 1418.3 0 0 0 105.5 44.7 408.9 128.3
**********2022-06-06 13:03:31**********
38852.0 38876.198 0.062 235.095 263.591 
0 3 8 7
0 0.0 0.0 1169.1 0.0 0.0 0.0 68.8 869.1 0.0 0.0 0.0 0.0
0 4 6 1
0 618.6 0 0 1348.9 0 139.6 0 0 0 0 0 0
0 11 2 5 9 10 12
0 0 1.4 0 0 1418.3 0 0 0 105.5 44.7 408.9 128.3
**********2022-06-06 13:03:33**********
38852.0 38876.198 0.062 235.095 265.992 
0 3 8 7
0 0.0 0.0 1169.1 0.0 0.0 0.0 68.8 869.1 0.0 0.0 0.0 0.0
0 4 6 1
0 618.6 0 0 1348.9 0 139.6 0 0 0 0 0 0
0 11 2 5 9 10 12
0 0 1.4 0 0 1418.3 0 0 0 105.5 44.7 408.9 128.3
**********2022-06-06 13:03:35**********
38852.0 38876.198 0.062 235.095 268.051 
0 3 8 7
0 0.0 0.0 1169.1 0.0 0.0 0.0 68.8 869.1 0.0 0.0 0.0 0.0
0 4 6 1
0 618.6 0 0 1348.9 0 139.6 0 0 0 0 0 0
0 11 2 5 9 10 12
0 0 1.4 0 0 1418.3 0 0 0 105.5 44.7 408.9 128.3
**********2022-06-06 13:03:37**********
38852.0 38876.198 0.062 235.095 269.902 
0 3 8 7
0 0.0 0.0 1169.1 0.0 0.0 0.0 68.8 869.1 0.0 0.0 0.0 0.0
0 4 6 1
0 618.6 0 0 1348.9 0 139.6 0 0 0 0 0 0
0 11 2 5 9 10 12
0 0 1.4 0 0 1418.3 0 0 0 105.5 44.7 408.9 128.3
**********2022-06-06 13:03:39**********
38852.0 38876.198 0.062 235.095 271.547 
0 3 8 7
0 0.0 0.0 1169.1 0.0 0.0 0.0 68.8 869.1 0.0 0.0 0.0 0.0
0 4 6 1
0 618.6 0 0 1348.9 0 139.6 0 0 0 0 0 0
0 11 2 5 9 10 12
0 0 1.4 0 0 1418.3 0 0 0 105.5 44.7 408.9 128.3
**********2022-06-06 13:03:40**********
38852.0 38876.198 0.062 235.095 272.378 
0 3 8 7
0 0.0 0.0 1169.1 0.0 0.0 0.0 68.8 869.1 0.0 0.0 0.0 0.0
0 4 6 1
0 618.6 0 0 1348.9 0 139.6 0 0 0 0 0 0
0 11 2 5 9 10 12
0 0 1.4 0 0 1418.3 0 0 0 105.5 44.7 408.9 128.3
**********2022-06-06 13:03:42**********
38852.0 38876.198 0.062 235.095 274.169 
0 3 8 7
0 0.0 0.0 1169.1 0.0 0.0 0.0 68.8 869.1 0.0 0.0 0.0 0.0
0 4 6 1
0 618.6 0 0 1348.9 0 139.6 0 0 0 0 0 0
0 11 2 5 9 10 12
0 0 1.4 0 0 1418.3 0 0 0 105.5 44.7 408.9 128.3
**********2022-06-06 13:03:47**********
38852.0 38876.198 0.062 235.095 279.708 
0 3 8 7
0 0.0 0.0 1169.1 0.0 0.0 0.0 68.8 869.1 0.0 0.0 0.0 0.0
0 4 6 1
0 618.6 0 0 1348.9 0 139.6 0 0 0 0 0 0
0 11 2 5 9 10 12
0 0 1.4 0 0 1418.3 0 0 0 105.5 44.7 408.9 128.3
**********2022-06-06 13:03:50**********
38852.0 38876.198 0.062 235.095 282.282 
0 3 8 7
0 0.0 0.0 1169.1 0.0 0.0 0.0 68.8 869.1 0.0 0.0 0.0 0.0
0 4 6 1
0 618.6 0 0 1348.9 0 139.6 0 0 0 0 0 0
0 11 2 5 9 10 12
0 0 1.4 0 0 1418.3 0 0 0 105.5 44.7 408.9 128.3
**********2022-06-06 13:03:52**********
38852.0 38876.198 0.062 235.095 284.694 
0 3 8 7
0 0.0 0.0 1169.1 0.0 0.0 0.0 68.8 869.1 0.0 0.0 0.0 0.0
0 4 6 1
0 618.6 0 0 1348.9 0 139.6 0 0 0 0 0 0
0 11 2 5 9 10 12
0 0 1.4 0 0 1418.3 0 0 0 105.5 44.7 408.9 128.3
**********2022-06-06 13:03:56**********
38852.0 38876.198 0.062 235.095 288.175 
0 3 8 7
0 0.0 0.0 1169.1 0.0 0.0 0.0 68.8 869.1 0.0 0.0 0.0 0.0
0 4 6 1
0 618.6 0 0 1348.9 0 139.6 0 0 0 0 0 0
0 11 2 5 9 10 12
0 0 1.4 0 0 1418.3 0 0 0 105.5 44.7 408.9 128.3
**********2022-06-06 13:03:58**********
38852.0 38876.198 0.062 235.095 290.872 
0 3 8 7
0 0.0 0.0 1169.1 0.0 0.0 0.0 68.8 869.1 0.0 0.0 0.0 0.0
0 4 6 1
0 618.6 0 0 1348.9 0 139.6 0 0 0 0 0 0
0 11 2 5 9 10 12
0 0 1.4 0 0 1418.3 0 0 0 105.5 44.7 408.9 128.3
**********2022-06-06 13:03:59**********
38852.0 38876.198 0.062 235.095 291.961 
0 3 8 7
0 0.0 0.0 1169.1 0.0 0.0 0.0 68.8 869.1 0.0 0.0 0.0 0.0
0 4 6 1
0 618.6 0 0 1348.9 0 139.6 0 0 0 0 0 0
0 11 2 5 9 10 12
0 0 1.4 0 0 1418.3 0 0 0 105.5 44.7 408.9 128.3
**********2022-06-06 13:04:02**********
38852.0 38876.198 0.062 235.095 294.506 
0 3 8 7
0 0.0 0.0 1169.1 0.0 0.0 0.0 68.8 869.1 0.0 0.0 0.0 0.0
0 4 6 1
0 618.6 0 0 1348.9 0 139.6 0 0 0 0 0 0
0 11 2 5 9 10 12
0 0 1.4 0 0 1418.3 0 0 0 105.5 44.7 408.9 128.3
**********2022-06-06 13:04:04**********
38852.0 38876.198 0.062 235.095 296.989 
0 3 8 7
0 0.0 0.0 1169.1 0.0 0.0 0.0 68.8 869.1 0.0 0.0 0.0 0.0
0 4 6 1
0 618.6 0 0 1348.9 0 139.6 0 0 0 0 0 0
0 11 2 5 9 10 12
0 0 1.4 0 0 1418.3 0 0 0 105.5 44.7 408.9 128.3
**********2022-06-06 13:04:06**********
38852.0 38876.198 0.062 235.095 299.042 
0 3 8 7
0 0.0 0.0 1169.1 0.0 0.0 0.0 68.8 869.1 0.0 0.0 0.0 0.0
0 4 6 1
0 618.6 0 0 1348.9 0 139.6 0 0 0 0 0 0
0 11 2 5 9 10 12
0 0 1.4 0 0 1418.3 0 0 0 105.5 44.7 408.9 128.3
**********2022-06-06 13:04:08**********
38852.0 38876.198 0.062 235.095 300.996 
0 3 8 7
0 0.0 0.0 1169.1 0.0 0.0 0.0 68.8 869.1 0.0 0.0 0.0 0.0
0 4 6 1
0 618.6 0 0 1348.9 0 139.6 0 0 0 0 0 0
0 11 2 5 9 10 12
0 0 1.4 0 0 1418.3 0 0 0 105.5 44.7 408.9 128.3
**********2022-06-06 13:04:09**********
38852.0 38876.198 0.062 235.095 301.984 
0 3 8 7
0 0.0 0.0 1169.1 0.0 0.0 0.0 68.8 869.1 0.0 0.0 0.0 0.0
0 4 6 1
0 618.6 0 0 1348.9 0 139.6 0 0 0 0 0 0
0 11 2 5 9 10 12
0 0 1.4 0 0 1418.3 0 0 0 105.5 44.7 408.9 128.3
**********2022-06-06 13:04:11**********
38852.0 38876.198 0.062 235.095 304.074 
0 3 8 7
0 0.0 0.0 1169.1 0.0 0.0 0.0 68.8 869.1 0.0 0.0 0.0 0.0
0 4 6 1
0 618.6 0 0 1348.9 0 139.6 0 0 0 0 0 0
0 11 2 5 9 10 12
0 0 1.4 0 0 1418.3 0 0 0 105.5 44.7 408.9 128.3
**********2022-06-06 13:04:14**********
38852.0 38876.198 0.062 235.095 306.487 
0 3 8 7
0 0.0 0.0 1169.1 0.0 0.0 0.0 68.8 869.1 0.0 0.0 0.0 0.0
0 4 6 1
0 618.6 0 0 1348.9 0 139.6 0 0 0 0 0 0
0 11 2 5 9 10 12
0 0 1.4 0 0 1418.3 0 0 0 105.5 44.7 408.9 128.3
**********2022-06-06 13:04:16**********
38852.0 38876.198 0.062 235.095 308.2 
0 3 8 7
0 0.0 0.0 1169.1 0.0 0.0 0.0 68.8 869.1 0.0 0.0 0.0 0.0
0 4 6 1
0 618.6 0 0 1348.9 0 139.6 0 0 0 0 0 0
0 11 2 5 9 10 12
0 0 1.4 0 0 1418.3 0 0 0 105.5 44.7 408.9 128.3
**********2022-06-06 13:04:18**********
38852.0 38876.198 0.062 235.095 310.792 
0 3 8 7
0 0.0 0.0 1169.1 0.0 0.0 0.0 68.8 869.1 0.0 0.0 0.0 0.0
0 4 6 1
0 618.6 0 0 1348.9 0 139.6 0 0 0 0 0 0
0 11 2 5 9 10 12
0 0 1.4 0 0 1418.3 0 0 0 105.5 44.7 408.9 128.3
**********2022-06-06 13:04:21**********
38852.0 38876.198 0.062 235.095 313.398 
0 3 8 7
0 0.0 0.0 1169.1 0.0 0.0 0.0 68.8 869.1 0.0 0.0 0.0 0.0
0 4 6 1
0 618.6 0 0 1348.9 0 139.6 0 0 0 0 0 0
0 11 2 5 9 10 12
0 0 1.4 0 0 1418.3 0 0 0 105.5 44.7 408.9 128.3
**********2022-06-06 13:04:24**********
38852.0 38876.198 0.062 235.095 316.32 
0 3 8 7
0 0.0 0.0 1169.1 0.0 0.0 0.0 68.8 869.1 0.0 0.0 0.0 0.0
0 4 6 1
0 618.6 0 0 1348.9 0 139.6 0 0 0 0 0 0
0 11 2 5 9 10 12
0 0 1.4 0 0 1418.3 0 0 0 105.5 44.7 408.9 128.3
**********2022-06-06 13:04:26**********
38852.0 38876.198 0.062 235.095 318.826 
0 3 8 7
0 0.0 0.0 1169.1 0.0 0.0 0.0 68.8 869.1 0.0 0.0 0.0 0.0
0 4 6 1
0 618.6 0 0 1348.9 0 139.6 0 0 0 0 0 0
0 11 2 5 9 10 12
0 0 1.4 0 0 1418.3 0 0 0 105.5 44.7 408.9 128.3
**********2022-06-06 13:04:29**********
38852.0 38876.198 0.062 235.095 321.682 
0 3 8 7
0 0.0 0.0 1169.1 0.0 0.0 0.0 68.8 869.1 0.0 0.0 0.0 0.0
0 4 6 1
0 618.6 0 0 1348.9 0 139.6 0 0 0 0 0 0
0 11 2 5 9 10 12
0 0 1.4 0 0 1418.3 0 0 0 105.5 44.7 408.9 128.3
**********2022-06-06 13:04:32**********
38852.0 38876.198 0.062 235.095 324.768 
0 3 8 7
0 0.0 0.0 1169.1 0.0 0.0 0.0 68.8 869.1 0.0 0.0 0.0 0.0
0 4 6 1
0 618.6 0 0 1348.9 0 139.6 0 0 0 0 0 0
0 11 2 5 9 10 12
0 0 1.4 0 0 1418.3 0 0 0 105.5 44.7 408.9 128.3
**********2022-06-06 13:04:35**********
38852.0 38868.754 0.043 327.505 327.505 
0 1 2 5 7
0 613.2 1.4 0 0 1423.1 0 69.3 0 0 0 0 0
0 12 11 9 4 6
0 0 0 0 1328.7 0 137.5 0 0 105.2 0 407.6 127.9
0 3 10 8
0 0 0 1182.7 0 0 0 0 879.3 0 45.0 0 0
**********2022-06-06 13:04:37**********
38852.0 38868.754 0.043 327.505 330.06 
0 1 2 5 7
0 613.2 1.4 0 0 1423.1 0 69.3 0 0 0 0 0
0 12 11 9 4 6
0 0 0 0 1328.7 0 137.5 0 0 105.2 0 407.6 127.9
0 3 10 8
0 0 0 1182.7 0 0 0 0 879.3 0 45.0 0 0
**********2022-06-06 13:04:40**********
38852.0 38868.754 0.043 327.505 332.758 
0 1 2 5 7
0 613.2 1.4 0 0 1423.1 0 69.3 0 0 0 0 0
0 12 11 9 4 6
0 0 0 0 1328.7 0 137.5 0 0 105.2 0 407.6 127.9
0 3 10 8
0 0 0 1182.7 0 0 0 0 879.3 0 45.0 0 0
**********2022-06-06 13:04:43**********
38852.0 38868.754 0.043 327.505 335.602 
0 1 2 5 7
0 613.2 1.4 0 0 1423.1 0 69.3 0 0 0 0 0
0 12 11 9 4 6
0 0 0 0 1328.7 0 137.5 0 0 105.2 0 407.6 127.9
0 3 10 8
0 0 0 1182.7 0 0 0 0 879.3 0 45.0 0 0
**********2022-06-06 13:04:46**********
38852.0 38868.754 0.043 327.505 338.26 
0 1 2 5 7
0 613.2 1.4 0 0 1423.1 0 69.3 0 0 0 0 0
0 12 11 9 4 6
0 0 0 0 1328.7 0 137.5 0 0 105.2 0 407.6 127.9
0 3 10 8
0 0 0 1182.7 0 0 0 0 879.3 0 45.0 0 0
**********2022-06-06 13:04:48**********
38852.0 38868.754 0.043 327.505 341.092 
0 1 2 5 7
0 613.2 1.4 0 0 1423.1 0 69.3 0 0 0 0 0
0 12 11 9 4 6
0 0 0 0 1328.7 0 137.5 0 0 105.2 0 407.6 127.9
0 3 10 8
0 0 0 1182.7 0 0 0 0 879.3 0 45.0 0 0
**********2022-06-06 13:04:50**********
38852.0 38868.754 0.043 327.505 342.189 
0 1 2 5 7
0 613.2 1.4 0 0 1423.1 0 69.3 0 0 0 0 0
0 12 11 9 4 6
0 0 0 0 1328.7 0 137.5 0 0 105.2 0 407.6 127.9
0 3 10 8
0 0 0 1182.7 0 0 0 0 879.3 0 45.0 0 0
**********2022-06-06 13:04:52**********
38852.0 38868.754 0.043 327.505 344.156 
0 1 2 5 7
0 613.2 1.4 0 0 1423.1 0 69.3 0 0 0 0 0
0 12 11 9 4 6
0 0 0 0 1328.7 0 137.5 0 0 105.2 0 407.6 127.9
0 3 10 8
0 0 0 1182.7 0 0 0 0 879.3 0 45.0 0 0
**********2022-06-06 13:04:54**********
38852.0 38868.754 0.043 327.505 346.742 
0 1 2 5 7
0 613.2 1.4 0 0 1423.1 0 69.3 0 0 0 0 0
0 12 11 9 4 6
0 0 0 0 1328.7 0 137.5 0 0 105.2 0 407.6 127.9
0 3 10 8
0 0 0 1182.7 0 0 0 0 879.3 0 45.0 0 0
**********2022-06-06 13:04:56**********
38852.0 38868.754 0.043 327.505 349.022 
0 1 2 5 7
0 613.2 1.4 0 0 1423.1 0 69.3 0 0 0 0 0
0 12 11 9 4 6
0 0 0 0 1328.7 0 137.5 0 0 105.2 0 407.6 127.9
0 3 10 8
0 0 0 1182.7 0 0 0 0 879.3 0 45.0 0 0
**********2022-06-13 18:18:36**********
45763.669 45819.373 0.122 41.29 41.29 
0 8 2
0 0 0.1 0 0 0 0 0 2417.9 0 0 0 0
0 10 3 1 5
0 1100.5 0 378.6 0 514.8 0 0 0 0 424.1 0 0
0 12 11 9 6 4 7
0 0 0 0 723.4 0 178.3 109.4 0 66.1 0 901.7 439.1
**********2022-06-13 18:19:01**********
45763.688 45804.823 0.09 66.042 66.043 
0 12 10 9 1 3
0 1108.7 0 381.4 0 0 0 0 0 65.5 427.3 0 435.1
0 2 8
0 0 0.1 0 0 0 0 0 2417.9 0 0 0 0
0 7 4 11 6 5
0 0 0 0 718.0 519.5 176.9 108.6 0 0 0 894.9 0
**********2022-06-13 18:19:24**********
45763.716 45780.553 0.037 89.293 89.293 
0 8 2
0 0.0 0.1 0.0 0.0 0.0 0.0 0.0 2417.9 0.0 0.0 0.0 0.0
0 11 10 7 12 5
0 0.0 0.0 0.0 0.0 526.3 0.0 110.0 0.0 0.0 433.6 906.6 441.5
0 4 1 3 9 6
0 1094.7 0.0 376.6 707.7 0.0 174.4 0.0 0.0 64.7 0.0 0.0 0.0
**********2022-06-13 18:19:43**********
45763.716 45780.553 0.037 89.293 108.259 
0 8 2
0 0.0 0.1 0.0 0.0 0.0 0.0 0.0 2417.9 0.0 0.0 0.0 0.0
0 11 10 7 12 5
0 0.0 0.0 0.0 0.0 526.3 0.0 110.0 0.0 0.0 433.6 906.6 441.5
0 4 1 3 9 6
0 1094.7 0.0 376.6 707.7 0.0 174.4 0.0 0.0 64.7 0.0 0.0 0.0
**********2022-06-13 18:20:04**********
45763.721 45780.553 0.037 89.293 128.505 
0 8 2
0 0.0 0.1 0.0 0.0 0.0 0.0 0.0 2417.9 0.0 0.0 0.0 0.0
0 11 10 7 12 5
0 0.0 0.0 0.0 0.0 526.3 0.0 110.0 0.0 0.0 433.6 906.6 441.5
0 4 1 3 9 6
0 1094.7 0.0 376.6 707.7 0.0 174.4 0.0 0.0 64.7 0.0 0.0 0.0
**********2022-06-13 18:20:17**********
45763.721 45780.553 0.037 89.293 141.761 
0 8 2
0 0.0 0.1 0.0 0.0 0.0 0.0 0.0 2417.9 0.0 0.0 0.0 0.0
0 11 10 7 12 5
0 0.0 0.0 0.0 0.0 526.3 0.0 110.0 0.0 0.0 433.6 906.6 441.5
0 4 1 3 9 6
0 1094.7 0.0 376.6 707.7 0.0 174.4 0.0 0.0 64.7 0.0 0.0 0.0
**********2022-06-13 18:20:36**********
45763.736 45780.553 0.037 89.293 161.232 
0 8 2
0 0.0 0.1 0.0 0.0 0.0 0.0 0.0 2417.9 0.0 0.0 0.0 0.0
0 11 10 7 12 5
0 0.0 0.0 0.0 0.0 526.3 0.0 110.0 0.0 0.0 433.6 906.6 441.5
0 4 1 3 9 6
0 1094.7 0.0 376.6 707.7 0.0 174.4 0.0 0.0 64.7 0.0 0.0 0.0
**********2022-06-13 18:20:50**********
45763.743 45771.359 0.017 175.148 175.148 
0 8 2
0 0.0 0.1 0.0 0.0 0.0 0.0 0.0 2417.9 0.0 0.0 0.0 0.0
0 7 4 11 6 5
0 0 0 0 718.0 519.5 176.9 108.6 0 0 0 894.9 0
0 9 10 3 1 12
0 1108.7 0.0 381.4 0.0 0.0 0.0 0.0 0.0 65.5 427.3 0.0 435.1
**********2022-06-13 18:21:08**********
45763.793 45771.359 0.017 175.148 192.377 
0 8 2
0 0.0 0.1 0.0 0.0 0.0 0.0 0.0 2417.9 0.0 0.0 0.0 0.0
0 7 4 11 6 5
0 0 0 0 718.0 519.5 176.9 108.6 0 0 0 894.9 0
0 9 10 3 1 12
0 1108.7 0.0 381.4 0.0 0.0 0.0 0.0 0.0 65.5 427.3 0.0 435.1
**********2022-06-13 18:21:22**********
45763.798 45771.359 0.017 175.148 206.77 
0 8 2
0 0.0 0.1 0.0 0.0 0.0 0.0 0.0 2417.9 0.0 0.0 0.0 0.0
0 7 4 11 6 5
0 0 0 0 718.0 519.5 176.9 108.6 0 0 0 894.9 0
0 9 10 3 1 12
0 1108.7 0.0 381.4 0.0 0.0 0.0 0.0 0.0 65.5 427.3 0.0 435.1
**********2022-06-13 18:21:32**********
45763.801 45771.359 0.017 175.148 216.57 
0 8 2
0 0.0 0.1 0.0 0.0 0.0 0.0 0.0 2417.9 0.0 0.0 0.0 0.0
0 7 4 11 6 5
0 0 0 0 718.0 519.5 176.9 108.6 0 0 0 894.9 0
0 9 10 3 1 12
0 1108.7 0.0 381.4 0.0 0.0 0.0 0.0 0.0 65.5 427.3 0.0 435.1
**********2022-06-13 18:21:44**********
45763.82 45771.359 0.016 175.148 229.126 
0 8 2
0 0.0 0.1 0.0 0.0 0.0 0.0 0.0 2417.9 0.0 0.0 0.0 0.0
0 7 4 11 6 5
0 0 0 0 718.0 519.5 176.9 108.6 0 0 0 894.9 0
0 9 10 3 1 12
0 1108.7 0.0 381.4 0.0 0.0 0.0 0.0 0.0 65.5 427.3 0.0 435.1
**********2022-06-13 18:21:54**********
45763.821 45771.359 0.016 175.148 238.782 
0 8 2
0 0.0 0.1 0.0 0.0 0.0 0.0 0.0 2417.9 0.0 0.0 0.0 0.0
0 7 4 11 6 5
0 0 0 0 718.0 519.5 176.9 108.6 0 0 0 894.9 0
0 9 10 3 1 12
0 1108.7 0.0 381.4 0.0 0.0 0.0 0.0 0.0 65.5 427.3 0.0 435.1
**********2022-06-13 18:22:09**********
45763.824 45771.359 0.016 175.148 253.971 
0 8 2
0 0.0 0.1 0.0 0.0 0.0 0.0 0.0 2417.9 0.0 0.0 0.0 0.0
0 7 4 11 6 5
0 0 0 0 718.0 519.5 176.9 108.6 0 0 0 894.9 0
0 9 10 3 1 12
0 1108.7 0.0 381.4 0.0 0.0 0.0 0.0 0.0 65.5 427.3 0.0 435.1
**********2022-06-13 18:22:20**********
45763.824 45771.359 0.016 175.148 265.041 
0 8 2
0 0.0 0.1 0.0 0.0 0.0 0.0 0.0 2417.9 0.0 0.0 0.0 0.0
0 7 4 11 6 5
0 0 0 0 718.0 519.5 176.9 108.6 0 0 0 894.9 0
0 9 10 3 1 12
0 1108.7 0.0 381.4 0.0 0.0 0.0 0.0 0.0 65.5 427.3 0.0 435.1
**********2022-06-13 18:22:32**********
45763.833 45771.359 0.016 175.148 276.867 
0 8 2
0 0.0 0.1 0.0 0.0 0.0 0.0 0.0 2417.9 0.0 0.0 0.0 0.0
0 7 4 11 6 5
0 0 0 0 718.0 519.5 176.9 108.6 0 0 0 894.9 0
0 9 10 3 1 12
0 1108.7 0.0 381.4 0.0 0.0 0.0 0.0 0.0 65.5 427.3 0.0 435.1
**********2022-06-13 18:22:49**********
45763.84 45771.359 0.016 175.148 294.161 
0 8 2
0 0.0 0.1 0.0 0.0 0.0 0.0 0.0 2417.9 0.0 0.0 0.0 0.0
0 7 4 11 6 5
0 0 0 0 718.0 519.5 176.9 108.6 0 0 0 894.9 0
0 9 10 3 1 12
0 1108.7 0.0 381.4 0.0 0.0 0.0 0.0 0.0 65.5 427.3 0.0 435.1
**********2022-06-13 18:22:59**********
45763.842 45771.359 0.016 175.148 303.901 
0 8 2
0 0.0 0.1 0.0 0.0 0.0 0.0 0.0 2417.9 0.0 0.0 0.0 0.0
0 7 4 11 6 5
0 0 0 0 718.0 519.5 176.9 108.6 0 0 0 894.9 0
0 9 10 3 1 12
0 1108.7 0.0 381.4 0.0 0.0 0.0 0.0 0.0 65.5 427.3 0.0 435.1
**********2022-06-13 18:23:09**********
45763.849 45771.359 0.016 175.148 314.189 
0 8 2
0 0.0 0.1 0.0 0.0 0.0 0.0 0.0 2417.9 0.0 0.0 0.0 0.0
0 7 4 11 6 5
0 0 0 0 718.0 519.5 176.9 108.6 0 0 0 894.9 0
0 9 10 3 1 12
0 1108.7 0.0 381.4 0.0 0.0 0.0 0.0 0.0 65.5 427.3 0.0 435.1
**********2022-06-13 18:23:17**********
45763.849 45771.359 0.016 175.148 321.698 
0 8 2
0 0.0 0.1 0.0 0.0 0.0 0.0 0.0 2417.9 0.0 0.0 0.0 0.0
0 7 4 11 6 5
0 0 0 0 718.0 519.5 176.9 108.6 0 0 0 894.9 0
0 9 10 3 1 12
0 1108.7 0.0 381.4 0.0 0.0 0.0 0.0 0.0 65.5 427.3 0.0 435.1
**********2022-06-13 18:23:25**********
45763.849 45771.359 0.016 175.148 329.743 
0 8 2
0 0.0 0.1 0.0 0.0 0.0 0.0 0.0 2417.9 0.0 0.0 0.0 0.0
0 7 4 11 6 5
0 0 0 0 718.0 519.5 176.9 108.6 0 0 0 894.9 0
0 9 10 3 1 12
0 1108.7 0.0 381.4 0.0 0.0 0.0 0.0 0.0 65.5 427.3 0.0 435.1
**********2022-06-13 18:23:34**********
45763.865 45771.359 0.016 175.148 339.13 
0 8 2
0 0.0 0.1 0.0 0.0 0.0 0.0 0.0 2417.9 0.0 0.0 0.0 0.0
0 7 4 11 6 5
0 0 0 0 718.0 519.5 176.9 108.6 0 0 0 894.9 0
0 9 10 3 1 12
0 1108.7 0.0 381.4 0.0 0.0 0.0 0.0 0.0 65.5 427.3 0.0 435.1
**********2022-06-13 18:23:50**********
45763.887 45771.359 0.016 175.148 355.175 
0 8 2
0 0.0 0.1 0.0 0.0 0.0 0.0 0.0 2417.9 0.0 0.0 0.0 0.0
0 7 4 11 6 5
0 0 0 0 718.0 519.5 176.9 108.6 0 0 0 894.9 0
0 9 10 3 1 12
0 1108.7 0.0 381.4 0.0 0.0 0.0 0.0 0.0 65.5 427.3 0.0 435.1
**********2022-06-13 18:24:00**********
45763.887 45771.359 0.016 175.148 364.719 
0 8 2
0 0.0 0.1 0.0 0.0 0.0 0.0 0.0 2417.9 0.0 0.0 0.0 0.0
0 7 4 11 6 5
0 0 0 0 718.0 519.5 176.9 108.6 0 0 0 894.9 0
0 9 10 3 1 12
0 1108.7 0.0 381.4 0.0 0.0 0.0 0.0 0.0 65.5 427.3 0.0 435.1
**********2022-06-13 18:24:10**********
45763.887 45771.359 0.016 175.148 374.519 
0 8 2
0 0.0 0.1 0.0 0.0 0.0 0.0 0.0 2417.9 0.0 0.0 0.0 0.0
0 7 4 11 6 5
0 0 0 0 718.0 519.5 176.9 108.6 0 0 0 894.9 0
0 9 10 3 1 12
0 1108.7 0.0 381.4 0.0 0.0 0.0 0.0 0.0 65.5 427.3 0.0 435.1
**********2022-06-13 18:24:24**********
45763.899 45771.359 0.016 175.148 388.625 
0 8 2
0 0.0 0.1 0.0 0.0 0.0 0.0 0.0 2417.9 0.0 0.0 0.0 0.0
0 7 4 11 6 5
0 0 0 0 718.0 519.5 176.9 108.6 0 0 0 894.9 0
0 9 10 3 1 12
0 1108.7 0.0 381.4 0.0 0.0 0.0 0.0 0.0 65.5 427.3 0.0 435.1
**********2022-06-13 18:24:35**********
45763.899 45771.359 0.016 175.148 399.7 
0 8 2
0 0.0 0.1 0.0 0.0 0.0 0.0 0.0 2417.9 0.0 0.0 0.0 0.0
0 7 4 11 6 5
0 0 0 0 718.0 519.5 176.9 108.6 0 0 0 894.9 0
0 9 10 3 1 12
0 1108.7 0.0 381.4 0.0 0.0 0.0 0.0 0.0 65.5 427.3 0.0 435.1
**********2022-06-13 18:24:50**********
45763.906 45769.91 0.013 414.677 414.677 
0 8 2
0 0.0 0.1 0.0 0.0 0.0 0.0 0.0 2417.9 0.0 0.0 0.0 0.0
0 3 1 9 10 12
0 1108.7 0 381.4 0 0 0 0 0 65.5 427.3 0 435.1
0 5 6 11 4 7
0 0.0 0.0 0.0 718.0 519.5 176.9 108.6 0.0 0.0 0.0 894.9 0.0
**********2022-06-13 18:24:57**********
45763.906 45769.91 0.013 414.677 422.263 
0 8 2
0 0.0 0.1 0.0 0.0 0.0 0.0 0.0 2417.9 0.0 0.0 0.0 0.0
0 3 1 9 10 12
0 1108.7 0 381.4 0 0 0 0 0 65.5 427.3 0 435.1
0 5 6 11 4 7
0 0.0 0.0 0.0 718.0 519.5 176.9 108.6 0.0 0.0 0.0 894.9 0.0
**********2022-06-13 18:25:05**********
45763.906 45769.91 0.013 414.677 430.28 
0 8 2
0 0.0 0.1 0.0 0.0 0.0 0.0 0.0 2417.9 0.0 0.0 0.0 0.0
0 3 1 9 10 12
0 1108.7 0 381.4 0 0 0 0 0 65.5 427.3 0 435.1
0 5 6 11 4 7
0 0.0 0.0 0.0 718.0 519.5 176.9 108.6 0.0 0.0 0.0 894.9 0.0
**********2022-06-13 18:25:14**********
45763.909 45769.91 0.013 414.677 438.832 
0 8 2
0 0.0 0.1 0.0 0.0 0.0 0.0 0.0 2417.9 0.0 0.0 0.0 0.0
0 3 1 9 10 12
0 1108.7 0 381.4 0 0 0 0 0 65.5 427.3 0 435.1
0 5 6 11 4 7
0 0.0 0.0 0.0 718.0 519.5 176.9 108.6 0.0 0.0 0.0 894.9 0.0
**********2022-06-13 18:25:25**********
45763.909 45769.91 0.013 414.677 450.27 
0 8 2
0 0.0 0.1 0.0 0.0 0.0 0.0 0.0 2417.9 0.0 0.0 0.0 0.0
0 3 1 9 10 12
0 1108.7 0 381.4 0 0 0 0 0 65.5 427.3 0 435.1
0 5 6 11 4 7
0 0.0 0.0 0.0 718.0 519.5 176.9 108.6 0.0 0.0 0.0 894.9 0.0
**********2022-06-13 18:25:34**********
45763.916 45769.91 0.013 414.677 459.118 
0 8 2
0 0.0 0.1 0.0 0.0 0.0 0.0 0.0 2417.9 0.0 0.0 0.0 0.0
0 3 1 9 10 12
0 1108.7 0 381.4 0 0 0 0 0 65.5 427.3 0 435.1
0 5 6 11 4 7
0 0.0 0.0 0.0 718.0 519.5 176.9 108.6 0.0 0.0 0.0 894.9 0.0
**********2022-06-13 18:25:42**********
45763.918 45769.91 0.013 414.677 466.989 
0 8 2
0 0.0 0.1 0.0 0.0 0.0 0.0 0.0 2417.9 0.0 0.0 0.0 0.0
0 3 1 9 10 12
0 1108.7 0 381.4 0 0 0 0 0 65.5 427.3 0 435.1
0 5 6 11 4 7
0 0.0 0.0 0.0 718.0 519.5 176.9 108.6 0.0 0.0 0.0 894.9 0.0
**********2022-06-13 18:25:55**********
45763.919 45769.91 0.013 414.677 479.815 
0 8 2
0 0.0 0.1 0.0 0.0 0.0 0.0 0.0 2417.9 0.0 0.0 0.0 0.0
0 3 1 9 10 12
0 1108.7 0 381.4 0 0 0 0 0 65.5 427.3 0 435.1
0 5 6 11 4 7
0 0.0 0.0 0.0 718.0 519.5 176.9 108.6 0.0 0.0 0.0 894.9 0.0
**********2022-06-13 18:26:05**********
45763.924 45769.91 0.013 414.677 489.502 
0 8 2
0 0.0 0.1 0.0 0.0 0.0 0.0 0.0 2417.9 0.0 0.0 0.0 0.0
0 3 1 9 10 12
0 1108.7 0 381.4 0 0 0 0 0 65.5 427.3 0 435.1
0 5 6 11 4 7
0 0.0 0.0 0.0 718.0 519.5 176.9 108.6 0.0 0.0 0.0 894.9 0.0
**********2022-06-13 18:26:13**********
45763.943 45769.91 0.013 414.677 498.329 
0 8 2
0 0.0 0.1 0.0 0.0 0.0 0.0 0.0 2417.9 0.0 0.0 0.0 0.0
0 3 1 9 10 12
0 1108.7 0 381.4 0 0 0 0 0 65.5 427.3 0 435.1
0 5 6 11 4 7
0 0.0 0.0 0.0 718.0 519.5 176.9 108.6 0.0 0.0 0.0 894.9 0.0
**********2022-06-13 18:26:28**********
45763.969 45769.91 0.013 414.677 513.14 
0 8 2
0 0.0 0.1 0.0 0.0 0.0 0.0 0.0 2417.9 0.0 0.0 0.0 0.0
0 3 1 9 10 12
0 1108.7 0 381.4 0 0 0 0 0 65.5 427.3 0 435.1
0 5 6 11 4 7
0 0.0 0.0 0.0 718.0 519.5 176.9 108.6 0.0 0.0 0.0 894.9 0.0
**********2022-06-13 18:26:38**********
45763.969 45769.91 0.013 414.677 523.198 
0 8 2
0 0.0 0.1 0.0 0.0 0.0 0.0 0.0 2417.9 0.0 0.0 0.0 0.0
0 3 1 9 10 12
0 1108.7 0 381.4 0 0 0 0 0 65.5 427.3 0 435.1
0 5 6 11 4 7
0 0.0 0.0 0.0 718.0 519.5 176.9 108.6 0.0 0.0 0.0 894.9 0.0
**********2022-06-13 18:26:54**********
45763.976 45769.91 0.013 414.677 538.899 
0 8 2
0 0.0 0.1 0.0 0.0 0.0 0.0 0.0 2417.9 0.0 0.0 0.0 0.0
0 3 1 9 10 12
0 1108.7 0 381.4 0 0 0 0 0 65.5 427.3 0 435.1
0 5 6 11 4 7
0 0.0 0.0 0.0 718.0 519.5 176.9 108.6 0.0 0.0 0.0 894.9 0.0
**********2022-06-13 18:27:03**********
45763.988 45769.91 0.013 414.677 547.534 
0 8 2
0 0.0 0.1 0.0 0.0 0.0 0.0 0.0 2417.9 0.0 0.0 0.0 0.0
0 3 1 9 10 12
0 1108.7 0 381.4 0 0 0 0 0 65.5 427.3 0 435.1
0 5 6 11 4 7
0 0.0 0.0 0.0 718.0 519.5 176.9 108.6 0.0 0.0 0.0 894.9 0.0
**********2022-06-13 18:27:11**********
45763.99 45769.91 0.013 414.677 555.863 
0 8 2
0 0.0 0.1 0.0 0.0 0.0 0.0 0.0 2417.9 0.0 0.0 0.0 0.0
0 3 1 9 10 12
0 1108.7 0 381.4 0 0 0 0 0 65.5 427.3 0 435.1
0 5 6 11 4 7
0 0.0 0.0 0.0 718.0 519.5 176.9 108.6 0.0 0.0 0.0 894.9 0.0
**********2022-06-13 18:27:21**********
45764.001 45769.91 0.013 414.677 565.452 
0 8 2
0 0.0 0.1 0.0 0.0 0.0 0.0 0.0 2417.9 0.0 0.0 0.0 0.0
0 3 1 9 10 12
0 1108.7 0 381.4 0 0 0 0 0 65.5 427.3 0 435.1
0 5 6 11 4 7
0 0.0 0.0 0.0 718.0 519.5 176.9 108.6 0.0 0.0 0.0 894.9 0.0
**********2022-06-13 18:27:32**********
45764.03 45769.91 0.013 414.677 576.989 
0 8 2
0 0.0 0.1 0.0 0.0 0.0 0.0 0.0 2417.9 0.0 0.0 0.0 0.0
0 3 1 9 10 12
0 1108.7 0 381.4 0 0 0 0 0 65.5 427.3 0 435.1
0 5 6 11 4 7
0 0.0 0.0 0.0 718.0 519.5 176.9 108.6 0.0 0.0 0.0 894.9 0.0
**********2022-06-13 18:27:43**********
45764.031 45769.91 0.013 414.677 587.464 
0 8 2
0 0.0 0.1 0.0 0.0 0.0 0.0 0.0 2417.9 0.0 0.0 0.0 0.0
0 3 1 9 10 12
0 1108.7 0 381.4 0 0 0 0 0 65.5 427.3 0 435.1
0 5 6 11 4 7
0 0.0 0.0 0.0 718.0 519.5 176.9 108.6 0.0 0.0 0.0 894.9 0.0
**********2022-06-13 18:27:51**********
45764.035 45769.91 0.013 414.677 595.601 
0 8 2
0 0.0 0.1 0.0 0.0 0.0 0.0 0.0 2417.9 0.0 0.0 0.0 0.0
0 3 1 9 10 12
0 1108.7 0 381.4 0 0 0 0 0 65.5 427.3 0 435.1
0 5 6 11 4 7
0 0.0 0.0 0.0 718.0 519.5 176.9 108.6 0.0 0.0 0.0 894.9 0.0
**********2022-06-13 18:28:00**********
45764.041 45769.91 0.013 414.677 604.546 
0 8 2
0 0.0 0.1 0.0 0.0 0.0 0.0 0.0 2417.9 0.0 0.0 0.0 0.0
0 3 1 9 10 12
0 1108.7 0 381.4 0 0 0 0 0 65.5 427.3 0 435.1
0 5 6 11 4 7
0 0.0 0.0 0.0 718.0 519.5 176.9 108.6 0.0 0.0 0.0 894.9 0.0
**********2022-06-13 18:28:10**********
45764.044 45769.91 0.013 414.677 614.442 
0 8 2
0 0.0 0.1 0.0 0.0 0.0 0.0 0.0 2417.9 0.0 0.0 0.0 0.0
0 3 1 9 10 12
0 1108.7 0 381.4 0 0 0 0 0 65.5 427.3 0 435.1
0 5 6 11 4 7
0 0.0 0.0 0.0 718.0 519.5 176.9 108.6 0.0 0.0 0.0 894.9 0.0
**********2022-06-13 18:28:19**********
45764.048 45769.91 0.013 414.677 624.188 
0 8 2
0 0.0 0.1 0.0 0.0 0.0 0.0 0.0 2417.9 0.0 0.0 0.0 0.0
0 3 1 9 10 12
0 1108.7 0 381.4 0 0 0 0 0 65.5 427.3 0 435.1
0 5 6 11 4 7
0 0.0 0.0 0.0 718.0 519.5 176.9 108.6 0.0 0.0 0.0 894.9 0.0
**********2022-06-13 18:28:28**********
45764.051 45769.91 0.013 414.677 632.66 
0 8 2
0 0.0 0.1 0.0 0.0 0.0 0.0 0.0 2417.9 0.0 0.0 0.0 0.0
0 3 1 9 10 12
0 1108.7 0 381.4 0 0 0 0 0 65.5 427.3 0 435.1
0 5 6 11 4 7
0 0.0 0.0 0.0 718.0 519.5 176.9 108.6 0.0 0.0 0.0 894.9 0.0
**********2022-06-13 18:28:38**********
45764.089 45769.91 0.013 414.677 643.059 
0 8 2
0 0.0 0.1 0.0 0.0 0.0 0.0 0.0 2417.9 0.0 0.0 0.0 0.0
0 3 1 9 10 12
0 1108.7 0 381.4 0 0 0 0 0 65.5 427.3 0 435.1
0 5 6 11 4 7
0 0.0 0.0 0.0 718.0 519.5 176.9 108.6 0.0 0.0 0.0 894.9 0.0
**********2022-06-13 18:28:47**********
45764.1 45769.91 0.013 414.677 652.126 
0 8 2
0 0.0 0.1 0.0 0.0 0.0 0.0 0.0 2417.9 0.0 0.0 0.0 0.0
0 3 1 9 10 12
0 1108.7 0 381.4 0 0 0 0 0 65.5 427.3 0 435.1
0 5 6 11 4 7
0 0.0 0.0 0.0 718.0 519.5 176.9 108.6 0.0 0.0 0.0 894.9 0.0
**********2022-06-13 18:28:56**********
45764.104 45769.91 0.013 414.677 660.856 
0 8 2
0 0.0 0.1 0.0 0.0 0.0 0.0 0.0 2417.9 0.0 0.0 0.0 0.0
0 3 1 9 10 12
0 1108.7 0 381.4 0 0 0 0 0 65.5 427.3 0 435.1
0 5 6 11 4 7
0 0.0 0.0 0.0 718.0 519.5 176.9 108.6 0.0 0.0 0.0 894.9 0.0
**********2022-06-13 18:29:05**********
45764.105 45769.91 0.013 414.677 669.612 
0 8 2
0 0.0 0.1 0.0 0.0 0.0 0.0 0.0 2417.9 0.0 0.0 0.0 0.0
0 3 1 9 10 12
0 1108.7 0 381.4 0 0 0 0 0 65.5 427.3 0 435.1
0 5 6 11 4 7
0 0.0 0.0 0.0 718.0 519.5 176.9 108.6 0.0 0.0 0.0 894.9 0.0
**********2022-06-13 18:29:15**********
45764.111 45769.895 0.013 679.453 679.453 
0 8 2
0 0.0 0.1 0.0 0.0 0.0 0.0 0.0 2417.9 0.0 0.0 0.0 0.0
0 6 5 3 12 11
0 0.0 0.0 383.4 0.0 521.4 177.6 0.0 0.0 0.0 0.0 898.2 437.4
0 4 1 7 9 10
0 1104.8 0.0 0.0 714.2 0.0 0.0 108.0 0.0 65.2 425.8 0.0 0.0
**********2022-06-13 18:29:25**********
45764.118 45769.895 0.013 679.453 689.585 
0 8 2
0 0.0 0.1 0.0 0.0 0.0 0.0 0.0 2417.9 0.0 0.0 0.0 0.0
0 6 5 3 12 11
0 0.0 0.0 383.4 0.0 521.4 177.6 0.0 0.0 0.0 0.0 898.2 437.4
0 4 1 7 9 10
0 1104.8 0.0 0.0 714.2 0.0 0.0 108.0 0.0 65.2 425.8 0.0 0.0
**********2022-06-13 18:29:34**********
45764.124 45769.895 0.013 679.453 698.643 
0 8 2
0 0.0 0.1 0.0 0.0 0.0 0.0 0.0 2417.9 0.0 0.0 0.0 0.0
0 6 5 3 12 11
0 0.0 0.0 383.4 0.0 521.4 177.6 0.0 0.0 0.0 0.0 898.2 437.4
0 4 1 7 9 10
0 1104.8 0.0 0.0 714.2 0.0 0.0 108.0 0.0 65.2 425.8 0.0 0.0
**********2022-06-13 18:29:41**********
45764.124 45769.895 0.013 679.453 705.757 
0 8 2
0 0.0 0.1 0.0 0.0 0.0 0.0 0.0 2417.9 0.0 0.0 0.0 0.0
0 6 5 3 12 11
0 0.0 0.0 383.4 0.0 521.4 177.6 0.0 0.0 0.0 0.0 898.2 437.4
0 4 1 7 9 10
0 1104.8 0.0 0.0 714.2 0.0 0.0 108.0 0.0 65.2 425.8 0.0 0.0
**********2022-06-13 18:29:48**********
45764.138 45769.895 0.013 679.453 712.369 
0 8 2
0 0.0 0.1 0.0 0.0 0.0 0.0 0.0 2417.9 0.0 0.0 0.0 0.0
0 6 5 3 12 11
0 0.0 0.0 383.4 0.0 521.4 177.6 0.0 0.0 0.0 0.0 898.2 437.4
0 4 1 7 9 10
0 1104.8 0.0 0.0 714.2 0.0 0.0 108.0 0.0 65.2 425.8 0.0 0.0
**********2022-06-13 18:29:58**********
45764.157 45769.895 0.013 679.453 723.248 
0 8 2
0 0.0 0.1 0.0 0.0 0.0 0.0 0.0 2417.9 0.0 0.0 0.0 0.0
0 6 5 3 12 11
0 0.0 0.0 383.4 0.0 521.4 177.6 0.0 0.0 0.0 0.0 898.2 437.4
0 4 1 7 9 10
0 1104.8 0.0 0.0 714.2 0.0 0.0 108.0 0.0 65.2 425.8 0.0 0.0
**********2022-06-13 18:30:07**********
45764.157 45769.895 0.013 679.453 732.039 
0 8 2
0 0.0 0.1 0.0 0.0 0.0 0.0 0.0 2417.9 0.0 0.0 0.0 0.0
0 6 5 3 12 11
0 0.0 0.0 383.4 0.0 521.4 177.6 0.0 0.0 0.0 0.0 898.2 437.4
0 4 1 7 9 10
0 1104.8 0.0 0.0 714.2 0.0 0.0 108.0 0.0 65.2 425.8 0.0 0.0
**********2022-06-13 18:30:19**********
45764.168 45769.895 0.013 679.453 743.802 
0 8 2
0 0.0 0.1 0.0 0.0 0.0 0.0 0.0 2417.9 0.0 0.0 0.0 0.0
0 6 5 3 12 11
0 0.0 0.0 383.4 0.0 521.4 177.6 0.0 0.0 0.0 0.0 898.2 437.4
0 4 1 7 9 10
0 1104.8 0.0 0.0 714.2 0.0 0.0 108.0 0.0 65.2 425.8 0.0 0.0
**********2022-06-13 18:30:27**********
45764.168 45769.895 0.013 679.453 751.488 
0 8 2
0 0.0 0.1 0.0 0.0 0.0 0.0 0.0 2417.9 0.0 0.0 0.0 0.0
0 6 5 3 12 11
0 0.0 0.0 383.4 0.0 521.4 177.6 0.0 0.0 0.0 0.0 898.2 437.4
0 4 1 7 9 10
0 1104.8 0.0 0.0 714.2 0.0 0.0 108.0 0.0 65.2 425.8 0.0 0.0
**********2022-06-13 18:30:39**********
45764.172 45769.895 0.013 679.453 763.94 
0 8 2
0 0.0 0.1 0.0 0.0 0.0 0.0 0.0 2417.9 0.0 0.0 0.0 0.0
0 6 5 3 12 11
0 0.0 0.0 383.4 0.0 521.4 177.6 0.0 0.0 0.0 0.0 898.2 437.4
0 4 1 7 9 10
0 1104.8 0.0 0.0 714.2 0.0 0.0 108.0 0.0 65.2 425.8 0.0 0.0
**********2022-06-13 18:30:47**********
45764.176 45769.895 0.012 679.453 772.2 
0 8 2
0 0.0 0.1 0.0 0.0 0.0 0.0 0.0 2417.9 0.0 0.0 0.0 0.0
0 6 5 3 12 11
0 0.0 0.0 383.4 0.0 521.4 177.6 0.0 0.0 0.0 0.0 898.2 437.4
0 4 1 7 9 10
0 1104.8 0.0 0.0 714.2 0.0 0.0 108.0 0.0 65.2 425.8 0.0 0.0
**********2022-06-13 18:30:55**********
45764.182 45769.895 0.012 679.453 779.447 
0 8 2
0 0.0 0.1 0.0 0.0 0.0 0.0 0.0 2417.9 0.0 0.0 0.0 0.0
0 6 5 3 12 11
0 0.0 0.0 383.4 0.0 521.4 177.6 0.0 0.0 0.0 0.0 898.2 437.4
0 4 1 7 9 10
0 1104.8 0.0 0.0 714.2 0.0 0.0 108.0 0.0 65.2 425.8 0.0 0.0
**********2022-06-13 18:31:06**********
45764.191 45769.895 0.012 679.453 790.51 
0 8 2
0 0.0 0.1 0.0 0.0 0.0 0.0 0.0 2417.9 0.0 0.0 0.0 0.0
0 6 5 3 12 11
0 0.0 0.0 383.4 0.0 521.4 177.6 0.0 0.0 0.0 0.0 898.2 437.4
0 4 1 7 9 10
0 1104.8 0.0 0.0 714.2 0.0 0.0 108.0 0.0 65.2 425.8 0.0 0.0
**********2022-06-13 18:31:14**********
45764.192 45769.895 0.012 679.453 798.987 
0 8 2
0 0.0 0.1 0.0 0.0 0.0 0.0 0.0 2417.9 0.0 0.0 0.0 0.0
0 6 5 3 12 11
0 0.0 0.0 383.4 0.0 521.4 177.6 0.0 0.0 0.0 0.0 898.2 437.4
0 4 1 7 9 10
0 1104.8 0.0 0.0 714.2 0.0 0.0 108.0 0.0 65.2 425.8 0.0 0.0
**********2022-06-13 18:31:21**********
45764.199 45769.895 0.012 679.453 806.014 
0 8 2
0 0.0 0.1 0.0 0.0 0.0 0.0 0.0 2417.9 0.0 0.0 0.0 0.0
0 6 5 3 12 11
0 0.0 0.0 383.4 0.0 521.4 177.6 0.0 0.0 0.0 0.0 898.2 437.4
0 4 1 7 9 10
0 1104.8 0.0 0.0 714.2 0.0 0.0 108.0 0.0 65.2 425.8 0.0 0.0
**********2022-06-13 18:31:29**********
45764.201 45769.895 0.012 679.453 813.546 
0 8 2
0 0.0 0.1 0.0 0.0 0.0 0.0 0.0 2417.9 0.0 0.0 0.0 0.0
0 6 5 3 12 11
0 0.0 0.0 383.4 0.0 521.4 177.6 0.0 0.0 0.0 0.0 898.2 437.4
0 4 1 7 9 10
0 1104.8 0.0 0.0 714.2 0.0 0.0 108.0 0.0 65.2 425.8 0.0 0.0
**********2022-06-13 18:31:36**********
45764.203 45769.895 0.012 679.453 821.18 
0 8 2
0 0.0 0.1 0.0 0.0 0.0 0.0 0.0 2417.9 0.0 0.0 0.0 0.0
0 6 5 3 12 11
0 0.0 0.0 383.4 0.0 521.4 177.6 0.0 0.0 0.0 0.0 898.2 437.4
0 4 1 7 9 10
0 1104.8 0.0 0.0 714.2 0.0 0.0 108.0 0.0 65.2 425.8 0.0 0.0
**********2022-06-13 18:31:44**********
45764.208 45769.895 0.012 679.453 829.198 
0 8 2
0 0.0 0.1 0.0 0.0 0.0 0.0 0.0 2417.9 0.0 0.0 0.0 0.0
0 6 5 3 12 11
0 0.0 0.0 383.4 0.0 521.4 177.6 0.0 0.0 0.0 0.0 898.2 437.4
0 4 1 7 9 10
0 1104.8 0.0 0.0 714.2 0.0 0.0 108.0 0.0 65.2 425.8 0.0 0.0
**********2022-06-13 18:31:53**********
45764.21 45769.895 0.012 679.453 837.659 
0 8 2
0 0.0 0.1 0.0 0.0 0.0 0.0 0.0 2417.9 0.0 0.0 0.0 0.0
0 6 5 3 12 11
0 0.0 0.0 383.4 0.0 521.4 177.6 0.0 0.0 0.0 0.0 898.2 437.4
0 4 1 7 9 10
0 1104.8 0.0 0.0 714.2 0.0 0.0 108.0 0.0 65.2 425.8 0.0 0.0
**********2022-06-13 18:32:03**********
45764.211 45769.895 0.012 679.453 847.848 
0 8 2
0 0.0 0.1 0.0 0.0 0.0 0.0 0.0 2417.9 0.0 0.0 0.0 0.0
0 6 5 3 12 11
0 0.0 0.0 383.4 0.0 521.4 177.6 0.0 0.0 0.0 0.0 898.2 437.4
0 4 1 7 9 10
0 1104.8 0.0 0.0 714.2 0.0 0.0 108.0 0.0 65.2 425.8 0.0 0.0
**********2022-06-13 18:32:08**********
45764.211 45769.895 0.012 679.453 852.922 
0 8 2
0 0.0 0.1 0.0 0.0 0.0 0.0 0.0 2417.9 0.0 0.0 0.0 0.0
0 6 5 3 12 11
0 0.0 0.0 383.4 0.0 521.4 177.6 0.0 0.0 0.0 0.0 898.2 437.4
0 4 1 7 9 10
0 1104.8 0.0 0.0 714.2 0.0 0.0 108.0 0.0 65.2 425.8 0.0 0.0
**********2022-06-13 18:32:14**********
45764.212 45769.895 0.012 679.453 858.903 
0 8 2
0 0.0 0.1 0.0 0.0 0.0 0.0 0.0 2417.9 0.0 0.0 0.0 0.0
0 6 5 3 12 11
0 0.0 0.0 383.4 0.0 521.4 177.6 0.0 0.0 0.0 0.0 898.2 437.4
0 4 1 7 9 10
0 1104.8 0.0 0.0 714.2 0.0 0.0 108.0 0.0 65.2 425.8 0.0 0.0
**********2022-06-13 18:32:21**********
45764.212 45769.895 0.012 679.453 865.445 
0 8 2
0 0.0 0.1 0.0 0.0 0.0 0.0 0.0 2417.9 0.0 0.0 0.0 0.0
0 6 5 3 12 11
0 0.0 0.0 383.4 0.0 521.4 177.6 0.0 0.0 0.0 0.0 898.2 437.4
0 4 1 7 9 10
0 1104.8 0.0 0.0 714.2 0.0 0.0 108.0 0.0 65.2 425.8 0.0 0.0
**********2022-06-13 18:32:27**********
45764.226 45769.895 0.012 679.453 872.062 
0 8 2
0 0.0 0.1 0.0 0.0 0.0 0.0 0.0 2417.9 0.0 0.0 0.0 0.0
0 6 5 3 12 11
0 0.0 0.0 383.4 0.0 521.4 177.6 0.0 0.0 0.0 0.0 898.2 437.4
0 4 1 7 9 10
0 1104.8 0.0 0.0 714.2 0.0 0.0 108.0 0.0 65.2 425.8 0.0 0.0
**********2022-06-13 18:32:35**********
45764.231 45769.895 0.012 679.453 880.283 
0 8 2
0 0.0 0.1 0.0 0.0 0.0 0.0 0.0 2417.9 0.0 0.0 0.0 0.0
0 6 5 3 12 11
0 0.0 0.0 383.4 0.0 521.4 177.6 0.0 0.0 0.0 0.0 898.2 437.4
0 4 1 7 9 10
0 1104.8 0.0 0.0 714.2 0.0 0.0 108.0 0.0 65.2 425.8 0.0 0.0
**********2022-06-13 18:32:45**********
45764.236 45769.895 0.012 679.453 889.517 
0 8 2
0 0.0 0.1 0.0 0.0 0.0 0.0 0.0 2417.9 0.0 0.0 0.0 0.0
0 6 5 3 12 11
0 0.0 0.0 383.4 0.0 521.4 177.6 0.0 0.0 0.0 0.0 898.2 437.4
0 4 1 7 9 10
0 1104.8 0.0 0.0 714.2 0.0 0.0 108.0 0.0 65.2 425.8 0.0 0.0
**********2022-06-13 18:32:56**********
45764.242 45769.895 0.012 679.453 900.798 
0 8 2
0 0.0 0.1 0.0 0.0 0.0 0.0 0.0 2417.9 0.0 0.0 0.0 0.0
0 6 5 3 12 11
0 0.0 0.0 383.4 0.0 521.4 177.6 0.0 0.0 0.0 0.0 898.2 437.4
0 4 1 7 9 10
0 1104.8 0.0 0.0 714.2 0.0 0.0 108.0 0.0 65.2 425.8 0.0 0.0
**********2022-06-13 18:33:07**********
45764.248 45769.895 0.012 679.453 911.599 
0 8 2
0 0.0 0.1 0.0 0.0 0.0 0.0 0.0 2417.9 0.0 0.0 0.0 0.0
0 6 5 3 12 11
0 0.0 0.0 383.4 0.0 521.4 177.6 0.0 0.0 0.0 0.0 898.2 437.4
0 4 1 7 9 10
0 1104.8 0.0 0.0 714.2 0.0 0.0 108.0 0.0 65.2 425.8 0.0 0.0
**********2022-06-13 18:33:14**********
45764.251 45769.895 0.012 679.453 919.249 
0 8 2
0 0.0 0.1 0.0 0.0 0.0 0.0 0.0 2417.9 0.0 0.0 0.0 0.0
0 6 5 3 12 11
0 0.0 0.0 383.4 0.0 521.4 177.6 0.0 0.0 0.0 0.0 898.2 437.4
0 4 1 7 9 10
0 1104.8 0.0 0.0 714.2 0.0 0.0 108.0 0.0 65.2 425.8 0.0 0.0
**********2022-06-13 18:33:23**********
45764.26 45769.082 0.011 927.858 927.858 
0 8 2
0 0.0 0.1 0.0 0.0 0.0 0.0 0.0 2417.9 0.0 0.0 0.0 0.0
0 10 3 1 9 12
0 1108.7 0.0 381.4 0.0 0.0 0.0 0.0 0.0 65.5 427.3 0.0 435.1
0 5 6 11 4 7
0 0.0 0.0 0.0 718.0 519.5 176.9 108.6 0.0 0.0 0.0 894.9 0.0
**********2022-06-13 18:33:31**********
45764.266 45769.082 0.011 927.858 935.56 
0 8 2
0 0.0 0.1 0.0 0.0 0.0 0.0 0.0 2417.9 0.0 0.0 0.0 0.0
0 10 3 1 9 12
0 1108.7 0.0 381.4 0.0 0.0 0.0 0.0 0.0 65.5 427.3 0.0 435.1
0 5 6 11 4 7
0 0.0 0.0 0.0 718.0 519.5 176.9 108.6 0.0 0.0 0.0 894.9 0.0
**********2022-06-13 18:33:41**********
45764.275 45769.082 0.011 927.858 946.189 
0 8 2
0 0.0 0.1 0.0 0.0 0.0 0.0 0.0 2417.9 0.0 0.0 0.0 0.0
0 10 3 1 9 12
0 1108.7 0.0 381.4 0.0 0.0 0.0 0.0 0.0 65.5 427.3 0.0 435.1
0 5 6 11 4 7
0 0.0 0.0 0.0 718.0 519.5 176.9 108.6 0.0 0.0 0.0 894.9 0.0
**********2022-06-13 18:33:49**********
45764.291 45769.082 0.01 927.858 953.705 
0 8 2
0 0.0 0.1 0.0 0.0 0.0 0.0 0.0 2417.9 0.0 0.0 0.0 0.0
0 10 3 1 9 12
0 1108.7 0.0 381.4 0.0 0.0 0.0 0.0 0.0 65.5 427.3 0.0 435.1
0 5 6 11 4 7
0 0.0 0.0 0.0 718.0 519.5 176.9 108.6 0.0 0.0 0.0 894.9 0.0
**********2022-06-13 18:33:57**********
45764.316 45769.082 0.01 927.858 962.225 
0 8 2
0 0.0 0.1 0.0 0.0 0.0 0.0 0.0 2417.9 0.0 0.0 0.0 0.0
0 10 3 1 9 12
0 1108.7 0.0 381.4 0.0 0.0 0.0 0.0 0.0 65.5 427.3 0.0 435.1
0 5 6 11 4 7
0 0.0 0.0 0.0 718.0 519.5 176.9 108.6 0.0 0.0 0.0 894.9 0.0
**********2022-06-13 18:34:06**********
45764.349 45769.082 0.01 927.858 971.17 
0 8 2
0 0.0 0.1 0.0 0.0 0.0 0.0 0.0 2417.9 0.0 0.0 0.0 0.0
0 10 3 1 9 12
0 1108.7 0.0 381.4 0.0 0.0 0.0 0.0 0.0 65.5 427.3 0.0 435.1
0 5 6 11 4 7
0 0.0 0.0 0.0 718.0 519.5 176.9 108.6 0.0 0.0 0.0 894.9 0.0
**********2022-06-13 18:34:17**********
45764.355 45769.082 0.01 927.858 982.255 
0 8 2
0 0.0 0.1 0.0 0.0 0.0 0.0 0.0 2417.9 0.0 0.0 0.0 0.0
0 10 3 1 9 12
0 1108.7 0.0 381.4 0.0 0.0 0.0 0.0 0.0 65.5 427.3 0.0 435.1
0 5 6 11 4 7
0 0.0 0.0 0.0 718.0 519.5 176.9 108.6 0.0 0.0 0.0 894.9 0.0
**********2022-06-13 18:34:25**********
45764.359 45769.082 0.01 927.858 989.945 
0 8 2
0 0.0 0.1 0.0 0.0 0.0 0.0 0.0 2417.9 0.0 0.0 0.0 0.0
0 10 3 1 9 12
0 1108.7 0.0 381.4 0.0 0.0 0.0 0.0 0.0 65.5 427.3 0.0 435.1
0 5 6 11 4 7
0 0.0 0.0 0.0 718.0 519.5 176.9 108.6 0.0 0.0 0.0 894.9 0.0
**********2022-06-13 18:34:33**********
45764.36 45769.082 0.01 927.858 997.532 
0 8 2
0 0.0 0.1 0.0 0.0 0.0 0.0 0.0 2417.9 0.0 0.0 0.0 0.0
0 10 3 1 9 12
0 1108.7 0.0 381.4 0.0 0.0 0.0 0.0 0.0 65.5 427.3 0.0 435.1
0 5 6 11 4 7
0 0.0 0.0 0.0 718.0 519.5 176.9 108.6 0.0 0.0 0.0 894.9 0.0
**********2022-06-13 18:34:44**********
45764.379 45769.082 0.01 927.858 1009.039 
0 8 2
0 0.0 0.1 0.0 0.0 0.0 0.0 0.0 2417.9 0.0 0.0 0.0 0.0
0 10 3 1 9 12
0 1108.7 0.0 381.4 0.0 0.0 0.0 0.0 0.0 65.5 427.3 0.0 435.1
0 5 6 11 4 7
0 0.0 0.0 0.0 718.0 519.5 176.9 108.6 0.0 0.0 0.0 894.9 0.0
**********2022-06-13 18:34:55**********
45764.381 45769.082 0.01 927.858 1019.349 
0 8 2
0 0.0 0.1 0.0 0.0 0.0 0.0 0.0 2417.9 0.0 0.0 0.0 0.0
0 10 3 1 9 12
0 1108.7 0.0 381.4 0.0 0.0 0.0 0.0 0.0 65.5 427.3 0.0 435.1
0 5 6 11 4 7
0 0.0 0.0 0.0 718.0 519.5 176.9 108.6 0.0 0.0 0.0 894.9 0.0
**********2022-06-13 18:35:03**********
45764.386 45769.082 0.01 927.858 1028.186 
0 8 2
0 0.0 0.1 0.0 0.0 0.0 0.0 0.0 2417.9 0.0 0.0 0.0 0.0
0 10 3 1 9 12
0 1108.7 0.0 381.4 0.0 0.0 0.0 0.0 0.0 65.5 427.3 0.0 435.1
0 5 6 11 4 7
0 0.0 0.0 0.0 718.0 519.5 176.9 108.6 0.0 0.0 0.0 894.9 0.0
**********2022-06-13 18:35:16**********
45764.387 45769.082 0.01 927.858 1040.6 
0 8 2
0 0.0 0.1 0.0 0.0 0.0 0.0 0.0 2417.9 0.0 0.0 0.0 0.0
0 10 3 1 9 12
0 1108.7 0.0 381.4 0.0 0.0 0.0 0.0 0.0 65.5 427.3 0.0 435.1
0 5 6 11 4 7
0 0.0 0.0 0.0 718.0 519.5 176.9 108.6 0.0 0.0 0.0 894.9 0.0
**********2022-06-13 18:35:22**********
45764.389 45769.082 0.01 927.858 1047.2 
0 8 2
0 0.0 0.1 0.0 0.0 0.0 0.0 0.0 2417.9 0.0 0.0 0.0 0.0
0 10 3 1 9 12
0 1108.7 0.0 381.4 0.0 0.0 0.0 0.0 0.0 65.5 427.3 0.0 435.1
0 5 6 11 4 7
0 0.0 0.0 0.0 718.0 519.5 176.9 108.6 0.0 0.0 0.0 894.9 0.0
**********2022-06-13 18:35:30**********
45764.39 45769.082 0.01 927.858 1055.325 
0 8 2
0 0.0 0.1 0.0 0.0 0.0 0.0 0.0 2417.9 0.0 0.0 0.0 0.0
0 10 3 1 9 12
0 1108.7 0.0 381.4 0.0 0.0 0.0 0.0 0.0 65.5 427.3 0.0 435.1
0 5 6 11 4 7
0 0.0 0.0 0.0 718.0 519.5 176.9 108.6 0.0 0.0 0.0 894.9 0.0
**********2022-06-13 18:35:38**********
45764.403 45769.082 0.01 927.858 1062.957 
0 8 2
0 0.0 0.1 0.0 0.0 0.0 0.0 0.0 2417.9 0.0 0.0 0.0 0.0
0 10 3 1 9 12
0 1108.7 0.0 381.4 0.0 0.0 0.0 0.0 0.0 65.5 427.3 0.0 435.1
0 5 6 11 4 7
0 0.0 0.0 0.0 718.0 519.5 176.9 108.6 0.0 0.0 0.0 894.9 0.0
**********2022-06-13 18:35:46**********
45764.405 45769.082 0.01 927.858 1071.072 
0 8 2
0 0.0 0.1 0.0 0.0 0.0 0.0 0.0 2417.9 0.0 0.0 0.0 0.0
0 10 3 1 9 12
0 1108.7 0.0 381.4 0.0 0.0 0.0 0.0 0.0 65.5 427.3 0.0 435.1
0 5 6 11 4 7
0 0.0 0.0 0.0 718.0 519.5 176.9 108.6 0.0 0.0 0.0 894.9 0.0
**********2022-06-13 18:35:55**********
45764.427 45769.082 0.01 927.858 1079.652 
0 8 2
0 0.0 0.1 0.0 0.0 0.0 0.0 0.0 2417.9 0.0 0.0 0.0 0.0
0 10 3 1 9 12
0 1108.7 0.0 381.4 0.0 0.0 0.0 0.0 0.0 65.5 427.3 0.0 435.1
0 5 6 11 4 7
0 0.0 0.0 0.0 718.0 519.5 176.9 108.6 0.0 0.0 0.0 894.9 0.0
**********2022-06-13 18:36:00**********
45764.427 45769.082 0.01 927.858 1085.174 
0 8 2
0 0.0 0.1 0.0 0.0 0.0 0.0 0.0 2417.9 0.0 0.0 0.0 0.0
0 10 3 1 9 12
0 1108.7 0.0 381.4 0.0 0.0 0.0 0.0 0.0 65.5 427.3 0.0 435.1
0 5 6 11 4 7
0 0.0 0.0 0.0 718.0 519.5 176.9 108.6 0.0 0.0 0.0 894.9 0.0
**********2022-06-13 18:36:08**********
45764.427 45769.082 0.01 927.858 1093.067 
0 8 2
0 0.0 0.1 0.0 0.0 0.0 0.0 0.0 2417.9 0.0 0.0 0.0 0.0
0 10 3 1 9 12
0 1108.7 0.0 381.4 0.0 0.0 0.0 0.0 0.0 65.5 427.3 0.0 435.1
0 5 6 11 4 7
0 0.0 0.0 0.0 718.0 519.5 176.9 108.6 0.0 0.0 0.0 894.9 0.0
**********2022-06-13 18:36:15**********
45764.441 45769.082 0.01 927.858 1099.458 
0 8 2
0 0.0 0.1 0.0 0.0 0.0 0.0 0.0 2417.9 0.0 0.0 0.0 0.0
0 10 3 1 9 12
0 1108.7 0.0 381.4 0.0 0.0 0.0 0.0 0.0 65.5 427.3 0.0 435.1
0 5 6 11 4 7
0 0.0 0.0 0.0 718.0 519.5 176.9 108.6 0.0 0.0 0.0 894.9 0.0
**********2022-06-13 18:36:26**********
45764.444 45769.082 0.01 927.858 1110.479 
0 8 2
0 0.0 0.1 0.0 0.0 0.0 0.0 0.0 2417.9 0.0 0.0 0.0 0.0
0 10 3 1 9 12
0 1108.7 0.0 381.4 0.0 0.0 0.0 0.0 0.0 65.5 427.3 0.0 435.1
0 5 6 11 4 7
0 0.0 0.0 0.0 718.0 519.5 176.9 108.6 0.0 0.0 0.0 894.9 0.0
**********2022-06-13 18:36:33**********
45764.444 45769.082 0.01 927.858 1117.38 
0 8 2
0 0.0 0.1 0.0 0.0 0.0 0.0 0.0 2417.9 0.0 0.0 0.0 0.0
0 10 3 1 9 12
0 1108.7 0.0 381.4 0.0 0.0 0.0 0.0 0.0 65.5 427.3 0.0 435.1
0 5 6 11 4 7
0 0.0 0.0 0.0 718.0 519.5 176.9 108.6 0.0 0.0 0.0 894.9 0.0
**********2022-06-13 18:36:39**********
45764.446 45769.082 0.01 927.858 1124.224 
0 8 2
0 0.0 0.1 0.0 0.0 0.0 0.0 0.0 2417.9 0.0 0.0 0.0 0.0
0 10 3 1 9 12
0 1108.7 0.0 381.4 0.0 0.0 0.0 0.0 0.0 65.5 427.3 0.0 435.1
0 5 6 11 4 7
0 0.0 0.0 0.0 718.0 519.5 176.9 108.6 0.0 0.0 0.0 894.9 0.0
**********2022-06-13 18:36:49**********
45764.45 45769.082 0.01 927.858 1133.434 
0 8 2
0 0.0 0.1 0.0 0.0 0.0 0.0 0.0 2417.9 0.0 0.0 0.0 0.0
0 10 3 1 9 12
0 1108.7 0.0 381.4 0.0 0.0 0.0 0.0 0.0 65.5 427.3 0.0 435.1
0 5 6 11 4 7
0 0.0 0.0 0.0 718.0 519.5 176.9 108.6 0.0 0.0 0.0 894.9 0.0
**********2022-06-13 18:36:57**********
45764.45 45769.082 0.01 927.858 1141.881 
0 8 2
0 0.0 0.1 0.0 0.0 0.0 0.0 0.0 2417.9 0.0 0.0 0.0 0.0
0 10 3 1 9 12
0 1108.7 0.0 381.4 0.0 0.0 0.0 0.0 0.0 65.5 427.3 0.0 435.1
0 5 6 11 4 7
0 0.0 0.0 0.0 718.0 519.5 176.9 108.6 0.0 0.0 0.0 894.9 0.0
**********2022-06-13 18:37:05**********
45764.461 45769.082 0.01 927.858 1149.431 
0 8 2
0 0.0 0.1 0.0 0.0 0.0 0.0 0.0 2417.9 0.0 0.0 0.0 0.0
0 10 3 1 9 12
0 1108.7 0.0 381.4 0.0 0.0 0.0 0.0 0.0 65.5 427.3 0.0 435.1
0 5 6 11 4 7
0 0.0 0.0 0.0 718.0 519.5 176.9 108.6 0.0 0.0 0.0 894.9 0.0
**********2022-06-13 18:37:11**********
45764.463 45769.082 0.01 927.858 1156.093 
0 8 2
0 0.0 0.1 0.0 0.0 0.0 0.0 0.0 2417.9 0.0 0.0 0.0 0.0
0 10 3 1 9 12
0 1108.7 0.0 381.4 0.0 0.0 0.0 0.0 0.0 65.5 427.3 0.0 435.1
0 5 6 11 4 7
0 0.0 0.0 0.0 718.0 519.5 176.9 108.6 0.0 0.0 0.0 894.9 0.0
**********2022-06-13 18:37:25**********
45764.475 45769.082 0.01 927.858 1169.66 
0 8 2
0 0.0 0.1 0.0 0.0 0.0 0.0 0.0 2417.9 0.0 0.0 0.0 0.0
0 10 3 1 9 12
0 1108.7 0.0 381.4 0.0 0.0 0.0 0.0 0.0 65.5 427.3 0.0 435.1
0 5 6 11 4 7
0 0.0 0.0 0.0 718.0 519.5 176.9 108.6 0.0 0.0 0.0 894.9 0.0
**********2022-06-13 18:37:32**********
45764.512 45769.082 0.01 927.858 1176.963 
0 8 2
0 0.0 0.1 0.0 0.0 0.0 0.0 0.0 2417.9 0.0 0.0 0.0 0.0
0 10 3 1 9 12
0 1108.7 0.0 381.4 0.0 0.0 0.0 0.0 0.0 65.5 427.3 0.0 435.1
0 5 6 11 4 7
0 0.0 0.0 0.0 718.0 519.5 176.9 108.6 0.0 0.0 0.0 894.9 0.0
**********2022-06-13 18:37:39**********
45764.514 45769.082 0.01 927.858 1184.2 
0 8 2
0 0.0 0.1 0.0 0.0 0.0 0.0 0.0 2417.9 0.0 0.0 0.0 0.0
0 10 3 1 9 12
0 1108.7 0.0 381.4 0.0 0.0 0.0 0.0 0.0 65.5 427.3 0.0 435.1
0 5 6 11 4 7
0 0.0 0.0 0.0 718.0 519.5 176.9 108.6 0.0 0.0 0.0 894.9 0.0
**********2022-06-13 18:37:45**********
45764.521 45769.082 0.01 927.858 1189.493 
0 8 2
0 0.0 0.1 0.0 0.0 0.0 0.0 0.0 2417.9 0.0 0.0 0.0 0.0
0 10 3 1 9 12
0 1108.7 0.0 381.4 0.0 0.0 0.0 0.0 0.0 65.5 427.3 0.0 435.1
0 5 6 11 4 7
0 0.0 0.0 0.0 718.0 519.5 176.9 108.6 0.0 0.0 0.0 894.9 0.0
**********2022-06-13 18:37:50**********
45764.523 45769.082 0.01 927.858 1194.661 
0 8 2
0 0.0 0.1 0.0 0.0 0.0 0.0 0.0 2417.9 0.0 0.0 0.0 0.0
0 10 3 1 9 12
0 1108.7 0.0 381.4 0.0 0.0 0.0 0.0 0.0 65.5 427.3 0.0 435.1
0 5 6 11 4 7
0 0.0 0.0 0.0 718.0 519.5 176.9 108.6 0.0 0.0 0.0 894.9 0.0
**********2022-06-13 18:37:56**********
45764.523 45769.082 0.01 927.858 1200.508 
0 8 2
0 0.0 0.1 0.0 0.0 0.0 0.0 0.0 2417.9 0.0 0.0 0.0 0.0
0 10 3 1 9 12
0 1108.7 0.0 381.4 0.0 0.0 0.0 0.0 0.0 65.5 427.3 0.0 435.1
0 5 6 11 4 7
0 0.0 0.0 0.0 718.0 519.5 176.9 108.6 0.0 0.0 0.0 894.9 0.0
**********2022-06-13 18:38:01**********
45764.532 45769.082 0.01 927.858 1205.853 
0 8 2
0 0.0 0.1 0.0 0.0 0.0 0.0 0.0 2417.9 0.0 0.0 0.0 0.0
0 10 3 1 9 12
0 1108.7 0.0 381.4 0.0 0.0 0.0 0.0 0.0 65.5 427.3 0.0 435.1
0 5 6 11 4 7
0 0.0 0.0 0.0 718.0 519.5 176.9 108.6 0.0 0.0 0.0 894.9 0.0
**********2022-06-13 18:38:10**********
45764.537 45769.082 0.01 927.858 1215.143 
0 8 2
0 0.0 0.1 0.0 0.0 0.0 0.0 0.0 2417.9 0.0 0.0 0.0 0.0
0 10 3 1 9 12
0 1108.7 0.0 381.4 0.0 0.0 0.0 0.0 0.0 65.5 427.3 0.0 435.1
0 5 6 11 4 7
0 0.0 0.0 0.0 718.0 519.5 176.9 108.6 0.0 0.0 0.0 894.9 0.0
**********2022-06-13 18:38:15**********
45764.543 45769.082 0.01 927.858 1220.188 
0 8 2
0 0.0 0.1 0.0 0.0 0.0 0.0 0.0 2417.9 0.0 0.0 0.0 0.0
0 10 3 1 9 12
0 1108.7 0.0 381.4 0.0 0.0 0.0 0.0 0.0 65.5 427.3 0.0 435.1
0 5 6 11 4 7
0 0.0 0.0 0.0 718.0 519.5 176.9 108.6 0.0 0.0 0.0 894.9 0.0
**********2022-06-13 18:38:24**********
45764.546 45769.082 0.01 927.858 1228.937 
0 8 2
0 0.0 0.1 0.0 0.0 0.0 0.0 0.0 2417.9 0.0 0.0 0.0 0.0
0 10 3 1 9 12
0 1108.7 0.0 381.4 0.0 0.0 0.0 0.0 0.0 65.5 427.3 0.0 435.1
0 5 6 11 4 7
0 0.0 0.0 0.0 718.0 519.5 176.9 108.6 0.0 0.0 0.0 894.9 0.0
**********2022-06-13 18:38:30**********
45764.549 45769.082 0.01 927.858 1234.902 
0 8 2
0 0.0 0.1 0.0 0.0 0.0 0.0 0.0 2417.9 0.0 0.0 0.0 0.0
0 10 3 1 9 12
0 1108.7 0.0 381.4 0.0 0.0 0.0 0.0 0.0 65.5 427.3 0.0 435.1
0 5 6 11 4 7
0 0.0 0.0 0.0 718.0 519.5 176.9 108.6 0.0 0.0 0.0 894.9 0.0
**********2022-06-13 18:38:36**********
45764.552 45769.082 0.01 927.858 1240.671 
0 8 2
0 0.0 0.1 0.0 0.0 0.0 0.0 0.0 2417.9 0.0 0.0 0.0 0.0
0 10 3 1 9 12
0 1108.7 0.0 381.4 0.0 0.0 0.0 0.0 0.0 65.5 427.3 0.0 435.1
0 5 6 11 4 7
0 0.0 0.0 0.0 718.0 519.5 176.9 108.6 0.0 0.0 0.0 894.9 0.0
**********2022-06-13 18:38:42**********
45764.552 45769.082 0.01 927.858 1246.378 
0 8 2
0 0.0 0.1 0.0 0.0 0.0 0.0 0.0 2417.9 0.0 0.0 0.0 0.0
0 10 3 1 9 12
0 1108.7 0.0 381.4 0.0 0.0 0.0 0.0 0.0 65.5 427.3 0.0 435.1
0 5 6 11 4 7
0 0.0 0.0 0.0 718.0 519.5 176.9 108.6 0.0 0.0 0.0 894.9 0.0
**********2022-06-13 18:38:50**********
45764.563 45769.082 0.01 927.858 1254.975 
0 8 2
0 0.0 0.1 0.0 0.0 0.0 0.0 0.0 2417.9 0.0 0.0 0.0 0.0
0 10 3 1 9 12
0 1108.7 0.0 381.4 0.0 0.0 0.0 0.0 0.0 65.5 427.3 0.0 435.1
0 5 6 11 4 7
0 0.0 0.0 0.0 718.0 519.5 176.9 108.6 0.0 0.0 0.0 894.9 0.0
**********2022-06-13 18:38:56**********
45764.563 45769.082 0.01 927.858 1261.101 
0 8 2
0 0.0 0.1 0.0 0.0 0.0 0.0 0.0 2417.9 0.0 0.0 0.0 0.0
0 10 3 1 9 12
0 1108.7 0.0 381.4 0.0 0.0 0.0 0.0 0.0 65.5 427.3 0.0 435.1
0 5 6 11 4 7
0 0.0 0.0 0.0 718.0 519.5 176.9 108.6 0.0 0.0 0.0 894.9 0.0
**********2022-06-13 18:39:03**********
45764.567 45769.082 0.01 927.858 1268.091 
0 8 2
0 0.0 0.1 0.0 0.0 0.0 0.0 0.0 2417.9 0.0 0.0 0.0 0.0
0 10 3 1 9 12
0 1108.7 0.0 381.4 0.0 0.0 0.0 0.0 0.0 65.5 427.3 0.0 435.1
0 5 6 11 4 7
0 0.0 0.0 0.0 718.0 519.5 176.9 108.6 0.0 0.0 0.0 894.9 0.0
**********2022-06-13 18:39:09**********
45764.567 45769.082 0.01 927.858 1274.086 
0 8 2
0 0.0 0.1 0.0 0.0 0.0 0.0 0.0 2417.9 0.0 0.0 0.0 0.0
0 10 3 1 9 12
0 1108.7 0.0 381.4 0.0 0.0 0.0 0.0 0.0 65.5 427.3 0.0 435.1
0 5 6 11 4 7
0 0.0 0.0 0.0 718.0 519.5 176.9 108.6 0.0 0.0 0.0 894.9 0.0
**********2022-06-13 18:39:15**********
45764.571 45769.082 0.01 927.858 1279.845 
0 8 2
0 0.0 0.1 0.0 0.0 0.0 0.0 0.0 2417.9 0.0 0.0 0.0 0.0
0 10 3 1 9 12
0 1108.7 0.0 381.4 0.0 0.0 0.0 0.0 0.0 65.5 427.3 0.0 435.1
0 5 6 11 4 7
0 0.0 0.0 0.0 718.0 519.5 176.9 108.6 0.0 0.0 0.0 894.9 0.0
**********2022-06-13 18:39:21**********
45764.571 45769.082 0.01 927.858 1285.96 
0 8 2
0 0.0 0.1 0.0 0.0 0.0 0.0 0.0 2417.9 0.0 0.0 0.0 0.0
0 10 3 1 9 12
0 1108.7 0.0 381.4 0.0 0.0 0.0 0.0 0.0 65.5 427.3 0.0 435.1
0 5 6 11 4 7
0 0.0 0.0 0.0 718.0 519.5 176.9 108.6 0.0 0.0 0.0 894.9 0.0
**********2022-06-13 18:39:26**********
45764.571 45769.082 0.01 927.858 1290.808 
0 8 2
0 0.0 0.1 0.0 0.0 0.0 0.0 0.0 2417.9 0.0 0.0 0.0 0.0
0 10 3 1 9 12
0 1108.7 0.0 381.4 0.0 0.0 0.0 0.0 0.0 65.5 427.3 0.0 435.1
0 5 6 11 4 7
0 0.0 0.0 0.0 718.0 519.5 176.9 108.6 0.0 0.0 0.0 894.9 0.0
**********2022-06-13 18:39:31**********
45764.571 45769.082 0.01 927.858 1296.2 
0 8 2
0 0.0 0.1 0.0 0.0 0.0 0.0 0.0 2417.9 0.0 0.0 0.0 0.0
0 10 3 1 9 12
0 1108.7 0.0 381.4 0.0 0.0 0.0 0.0 0.0 65.5 427.3 0.0 435.1
0 5 6 11 4 7
0 0.0 0.0 0.0 718.0 519.5 176.9 108.6 0.0 0.0 0.0 894.9 0.0
**********2022-06-13 18:39:38**********
45764.577 45769.082 0.01 927.858 1303.089 
0 8 2
0 0.0 0.1 0.0 0.0 0.0 0.0 0.0 2417.9 0.0 0.0 0.0 0.0
0 10 3 1 9 12
0 1108.7 0.0 381.4 0.0 0.0 0.0 0.0 0.0 65.5 427.3 0.0 435.1
0 5 6 11 4 7
0 0.0 0.0 0.0 718.0 519.5 176.9 108.6 0.0 0.0 0.0 894.9 0.0
**********2022-06-13 18:39:44**********
45764.58 45769.082 0.01 927.858 1309.318 
0 8 2
0 0.0 0.1 0.0 0.0 0.0 0.0 0.0 2417.9 0.0 0.0 0.0 0.0
0 10 3 1 9 12
0 1108.7 0.0 381.4 0.0 0.0 0.0 0.0 0.0 65.5 427.3 0.0 435.1
0 5 6 11 4 7
0 0.0 0.0 0.0 718.0 519.5 176.9 108.6 0.0 0.0 0.0 894.9 0.0
**********2022-06-13 18:39:50**********
45764.582 45769.082 0.01 927.858 1315.265 
0 8 2
0 0.0 0.1 0.0 0.0 0.0 0.0 0.0 2417.9 0.0 0.0 0.0 0.0
0 10 3 1 9 12
0 1108.7 0.0 381.4 0.0 0.0 0.0 0.0 0.0 65.5 427.3 0.0 435.1
0 5 6 11 4 7
0 0.0 0.0 0.0 718.0 519.5 176.9 108.6 0.0 0.0 0.0 894.9 0.0
**********2022-06-13 18:39:56**********
45764.583 45769.082 0.01 927.858 1320.999 
0 8 2
0 0.0 0.1 0.0 0.0 0.0 0.0 0.0 2417.9 0.0 0.0 0.0 0.0
0 10 3 1 9 12
0 1108.7 0.0 381.4 0.0 0.0 0.0 0.0 0.0 65.5 427.3 0.0 435.1
0 5 6 11 4 7
0 0.0 0.0 0.0 718.0 519.5 176.9 108.6 0.0 0.0 0.0 894.9 0.0
**********2022-06-13 18:40:04**********
45764.608 45769.082 0.01 927.858 1328.437 
0 8 2
0 0.0 0.1 0.0 0.0 0.0 0.0 0.0 2417.9 0.0 0.0 0.0 0.0
0 10 3 1 9 12
0 1108.7 0.0 381.4 0.0 0.0 0.0 0.0 0.0 65.5 427.3 0.0 435.1
0 5 6 11 4 7
0 0.0 0.0 0.0 718.0 519.5 176.9 108.6 0.0 0.0 0.0 894.9 0.0
**********2022-06-13 18:40:11**********
45764.616 45769.082 0.01 927.858 1335.895 
0 8 2
0 0.0 0.1 0.0 0.0 0.0 0.0 0.0 2417.9 0.0 0.0 0.0 0.0
0 10 3 1 9 12
0 1108.7 0.0 381.4 0.0 0.0 0.0 0.0 0.0 65.5 427.3 0.0 435.1
0 5 6 11 4 7
0 0.0 0.0 0.0 718.0 519.5 176.9 108.6 0.0 0.0 0.0 894.9 0.0
**********2022-06-13 18:40:19**********
45764.616 45768.449 0.008 1343.371 1343.371 
0 8 2
0 0 0.1 0 0 0 0 0 2417.9 0 0 0 0
0 4 5 9 1
0 1112.6 0.0 0.0 719.3 520.5 0.0 0.0 0.0 65.7 0.0 0.0 0.0
0 10 12 11 3 7 6
0 0.0 0.0 380.7 0.0 0.0 176.3 108.2 0.0 0.0 426.5 891.9 434.3
