**********2022-05-24 17:31:57**********
49809.911 50001.989 0.384 14.903 14.903 
0 4 12 5 11
0 0.0 0.0 0.0 362.3 175.6 0.0 0.0 0.0 0.0 0.0 2123.2 32.9
0 6 7 8 2
0 0.0 0.0 0.0 0.0 0.0 1304.9 1243.5 145.5 0.0 0.0 0.0 0.0
0 3 9 1 10
0 198.5 0.0 1054.9 0.0 0.0 0.0 0.0 0.0 889.3 551.3 0.0 0.0
**********2022-05-24 17:32:06**********
49809.911 50001.989 0.384 14.903 24.188 
0 4 12 5 11
0 0.0 0.0 0.0 362.3 175.6 0.0 0.0 0.0 0.0 0.0 2123.2 32.9
0 6 7 8 2
0 0.0 0.0 0.0 0.0 0.0 1304.9 1243.5 145.5 0.0 0.0 0.0 0.0
0 3 9 1 10
0 198.5 0.0 1054.9 0.0 0.0 0.0 0.0 0.0 889.3 551.3 0.0 0.0
**********2022-05-24 17:32:14**********
49811.362 49974.309 0.326 31.396 31.396 
0 1 4 5 2 11
0 206.8 0.0 0 338.7 164.2 0 0 0 0 0 1984.4 0
0 9 10 3 12
0 0 0 1125.5 0 0 0 0 0 948.8 588.2 0 31.5
0 6 7 8
0 0.0 0.0 0.0 0.0 0.0 1304.9 1243.5 145.5 0.0 0.0 0.0 0.0
**********2022-05-24 17:32:21**********
49811.462 49960.384 0.298 38.546 38.546 
0 12 1 3 6
0 209.1 0 1111.1 0 0 1342.7 0 0 0 0 0 31.1
0 5 4 9 7
0 0 0 0 338.6 164.1 0 1265.1 0 926.1 0 0 0
0 8 2 11 10
0 0 0.0 0 0 0 0 0 147.4 0 571.5 1975.1 0
**********2022-05-24 17:32:26**********
49812.048 49954.123 0.284 44.156 44.156 
0 9 4 5 7
0 0 0 0 338.6 164.1 0 1265.1 0 926.1 0 0 0
0 10 8 11 2
0 0 0.0 0 0 0 0 0 147.4 0 571.5 1975.1 0
0 6 12 1 3
0 209.1 0 1111.1 0 0 1342.7 0 0 0 0 0 31.1
**********2022-05-24 17:32:31**********
49812.048 49954.123 0.284 44.156 49.21 
0 9 4 5 7
0 0 0 0 338.6 164.1 0 1265.1 0 926.1 0 0 0
0 10 8 11 2
0 0 0.0 0 0 0 0 0 147.4 0 571.5 1975.1 0
0 6 12 1 3
0 209.1 0 1111.1 0 0 1342.7 0 0 0 0 0 31.1
**********2022-05-24 17:32:38**********
49812.048 49871.526 0.119 56.18 56.18 
0 5 11 10
0 0.0 0.0 0.0 0.0 162.4 0.0 0.0 0.0 0.0 568.1 1963.4 0.0
0 3 12 6 1
0 209.1 0.0 1111.1 0.0 0.0 1342.7 0.0 0.0 0.0 0.0 0.0 31.1
0 4 9 7 8 2
0 0.0 0.0 0.0 340.6 0.0 0.0 1272.7 149.0 931.7 0.0 0.0 0.0
**********2022-05-24 17:32:46**********
49812.048 49871.526 0.119 56.18 63.348 
0 5 11 10
0 0.0 0.0 0.0 0.0 162.4 0.0 0.0 0.0 0.0 568.1 1963.4 0.0
0 3 12 6 1
0 209.1 0.0 1111.1 0.0 0.0 1342.7 0.0 0.0 0.0 0.0 0.0 31.1
0 4 9 7 8 2
0 0.0 0.0 0.0 340.6 0.0 0.0 1272.7 149.0 931.7 0.0 0.0 0.0
**********2022-05-24 17:32:52**********
49812.048 49871.526 0.119 56.18 70.214 
0 5 11 10
0 0.0 0.0 0.0 0.0 162.4 0.0 0.0 0.0 0.0 568.1 1963.4 0.0
0 3 12 6 1
0 209.1 0.0 1111.1 0.0 0.0 1342.7 0.0 0.0 0.0 0.0 0.0 31.1
0 4 9 7 8 2
0 0.0 0.0 0.0 340.6 0.0 0.0 1272.7 149.0 931.7 0.0 0.0 0.0
**********2022-05-24 17:32:59**********
49812.048 49871.526 0.119 56.18 76.701 
0 5 11 10
0 0.0 0.0 0.0 0.0 162.4 0.0 0.0 0.0 0.0 568.1 1963.4 0.0
0 3 12 6 1
0 209.1 0.0 1111.1 0.0 0.0 1342.7 0.0 0.0 0.0 0.0 0.0 31.1
0 4 9 7 8 2
0 0.0 0.0 0.0 340.6 0.0 0.0 1272.7 149.0 931.7 0.0 0.0 0.0
**********2022-05-24 17:33:04**********
49812.294 49871.526 0.119 56.18 82.138 
0 5 11 10
0 0.0 0.0 0.0 0.0 162.4 0.0 0.0 0.0 0.0 568.1 1963.4 0.0
0 3 12 6 1
0 209.1 0.0 1111.1 0.0 0.0 1342.7 0.0 0.0 0.0 0.0 0.0 31.1
0 4 9 7 8 2
0 0.0 0.0 0.0 340.6 0.0 0.0 1272.7 149.0 931.7 0.0 0.0 0.0
**********2022-05-24 17:39:21**********
49810.918 50002.989 0.384 14.655 14.656 
0 4 12 5 11
0 0.0 0.0 0.0 362.3 175.6 0.0 0.0 0.0 0.0 0.0 2123.2 32.9
0 6 7 8 2
0 0.0 0.1 0.0 0.0 0.0 1304.9 1243.5 145.5 0.0 0.0 0.0 0.0
0 3 9 1 10
0 198.5 0.0 1054.9 0.0 0.0 0.0 0.0 0.0 889.3 551.3 0.0 0.0
**********2022-05-24 17:39:30**********
49810.918 49969.841 0.318 24.184 24.184 
0 5 10 11
0 0 0 0 0 162.4 0 0 0 0 568.1 1963.4 0
0 1 8 4 3 9 2
0 204.9 0.1 1088.8 335.6 0 0 0 146.7 917.8 0 0 0
0 12 6 7
0 0 0 0 0 0 1363.3 1299.2 0 0 0 0 31.6
**********2022-05-24 17:39:38**********
49812.377 49942.412 0.26 31.553 31.553 
0 4 11 5 1
0 206.8 0.0 0.0 338.7 164.2 0.0 0.0 0.0 0.0 0.0 1984.4 0.0
0 6 7 8 2
0 0.0 0.1 0.0 0.0 0.0 1304.9 1243.5 145.5 0.0 0.0 0.0 0.0
0 10 12 3 9
0 0 0 1125.5 0 0 0 0 0 948.8 588.2 0 31.5
**********2022-05-24 17:39:45**********
49812.377 49942.412 0.26 31.553 39.019 
0 4 11 5 1
0 206.8 0.0 0.0 338.7 164.2 0.0 0.0 0.0 0.0 0.0 1984.4 0.0
0 6 7 8 2
0 0.0 0.1 0.0 0.0 0.0 1304.9 1243.5 145.5 0.0 0.0 0.0 0.0
0 10 12 3 9
0 0 0 1125.5 0 0 0 0 0 948.8 588.2 0 31.5
**********2022-05-24 17:39:53**********
49812.377 49942.412 0.26 31.553 46.487 
0 4 11 5 1
0 206.8 0.0 0.0 338.7 164.2 0.0 0.0 0.0 0.0 0.0 1984.4 0.0
0 6 7 8 2
0 0.0 0.1 0.0 0.0 0.0 1304.9 1243.5 145.5 0.0 0.0 0.0 0.0
0 10 12 3 9
0 0 0 1125.5 0 0 0 0 0 948.8 588.2 0 31.5
**********2022-05-24 17:40:00**********
49812.377 49942.412 0.26 31.553 53.929 
0 4 11 5 1
0 206.8 0.0 0.0 338.7 164.2 0.0 0.0 0.0 0.0 0.0 1984.4 0.0
0 6 7 8 2
0 0.0 0.1 0.0 0.0 0.0 1304.9 1243.5 145.5 0.0 0.0 0.0 0.0
0 10 12 3 9
0 0 0 1125.5 0 0 0 0 0 948.8 588.2 0 31.5
**********2022-05-24 17:40:07**********
49812.482 49942.412 0.26 31.553 60.376 
0 4 11 5 1
0 206.8 0.0 0.0 338.7 164.2 0.0 0.0 0.0 0.0 0.0 1984.4 0.0
0 6 7 8 2
0 0.0 0.1 0.0 0.0 0.0 1304.9 1243.5 145.5 0.0 0.0 0.0 0.0
0 10 12 3 9
0 0 0 1125.5 0 0 0 0 0 948.8 588.2 0 31.5
**********2022-05-24 17:40:14**********
49812.482 49942.412 0.26 31.553 67.246 
0 4 11 5 1
0 206.8 0.0 0.0 338.7 164.2 0.0 0.0 0.0 0.0 0.0 1984.4 0.0
0 6 7 8 2
0 0.0 0.1 0.0 0.0 0.0 1304.9 1243.5 145.5 0.0 0.0 0.0 0.0
0 10 12 3 9
0 0 0 1125.5 0 0 0 0 0 948.8 588.2 0 31.5
**********2022-05-24 17:40:20**********
49812.558 49942.412 0.26 31.553 74.084 
0 4 11 5 1
0 206.8 0.0 0.0 338.7 164.2 0.0 0.0 0.0 0.0 0.0 1984.4 0.0
0 6 7 8 2
0 0.0 0.1 0.0 0.0 0.0 1304.9 1243.5 145.5 0.0 0.0 0.0 0.0
0 10 12 3 9
0 0 0 1125.5 0 0 0 0 0 948.8 588.2 0 31.5
**********2022-05-24 17:42:04**********
49819.952 50010.07 0.38 18.221 18.221 
0 4 3 5 1 9
0 203.7 0 1082.5 333.6 161.7 0 0 0 912.5 0 0 0
0 8 2 10 11
0 0 1.4 0 0 0 0 0 147.3 0 571.2 1974.1 0
0 12 6 7
0 0 0 0 0 0 1363.3 1299.2 0 0 0 0 31.6
**********2022-05-24 17:42:10**********
49820.648 50010.07 0.379 18.221 24.994 
0 4 3 5 1 9
0 203.7 0 1082.5 333.6 161.7 0 0 0 912.5 0 0 0
0 8 2 10 11
0 0 1.4 0 0 0 0 0 147.3 0 571.2 1974.1 0
0 12 6 7
0 0 0 0 0 0 1363.3 1299.2 0 0 0 0 31.6
**********2022-05-24 17:42:19**********
49820.733 49971.561 0.302 33.236 33.236 
0 3 10 12 9
0 0.0 0.0 1125.5 0.0 0.0 0.0 0.0 0.0 948.8 588.2 0.0 31.5
0 6 7 8 2
0 0.0 1.4 0.0 0.0 0.0 1304.3 1242.9 145.5 0.0 0.0 0.0 0.0
0 5 11 1 4
0 206.8 0 0 338.7 164.2 0 0 0 0 0 1984.4 0
**********2022-05-24 17:42:24**********
49820.733 49971.561 0.302 33.236 38.395 
0 3 10 12 9
0 0.0 0.0 1125.5 0.0 0.0 0.0 0.0 0.0 948.8 588.2 0.0 31.5
0 6 7 8 2
0 0.0 1.4 0.0 0.0 0.0 1304.3 1242.9 145.5 0.0 0.0 0.0 0.0
0 5 11 1 4
0 206.8 0 0 338.7 164.2 0 0 0 0 0 1984.4 0
**********2022-05-24 17:42:29**********
49820.733 49971.561 0.302 33.236 43.033 
0 3 10 12 9
0 0.0 0.0 1125.5 0.0 0.0 0.0 0.0 0.0 948.8 588.2 0.0 31.5
0 6 7 8 2
0 0.0 1.4 0.0 0.0 0.0 1304.3 1242.9 145.5 0.0 0.0 0.0 0.0
0 5 11 1 4
0 206.8 0 0 338.7 164.2 0 0 0 0 0 1984.4 0
**********2022-05-24 17:42:35**********
49820.733 49971.561 0.302 33.236 49.747 
0 3 10 12 9
0 0.0 0.0 1125.5 0.0 0.0 0.0 0.0 0.0 948.8 588.2 0.0 31.5
0 6 7 8 2
0 0.0 1.4 0.0 0.0 0.0 1304.3 1242.9 145.5 0.0 0.0 0.0 0.0
0 5 11 1 4
0 206.8 0 0 338.7 164.2 0 0 0 0 0 1984.4 0
**********2022-05-24 17:42:42**********
49821.104 49971.561 0.301 33.236 56.45 
0 3 10 12 9
0 0.0 0.0 1125.5 0.0 0.0 0.0 0.0 0.0 948.8 588.2 0.0 31.5
0 6 7 8 2
0 0.0 1.4 0.0 0.0 0.0 1304.3 1242.9 145.5 0.0 0.0 0.0 0.0
0 5 11 1 4
0 206.8 0 0 338.7 164.2 0 0 0 0 0 1984.4 0
**********2022-05-24 17:42:47**********
49821.104 49971.561 0.301 33.236 61.203 
0 3 10 12 9
0 0.0 0.0 1125.5 0.0 0.0 0.0 0.0 0.0 948.8 588.2 0.0 31.5
0 6 7 8 2
0 0.0 1.4 0.0 0.0 0.0 1304.3 1242.9 145.5 0.0 0.0 0.0 0.0
0 5 11 1 4
0 206.8 0 0 338.7 164.2 0 0 0 0 0 1984.4 0
**********2022-05-24 17:42:53**********
49821.104 49971.561 0.301 33.236 67.026 
0 3 10 12 9
0 0.0 0.0 1125.5 0.0 0.0 0.0 0.0 0.0 948.8 588.2 0.0 31.5
0 6 7 8 2
0 0.0 1.4 0.0 0.0 0.0 1304.3 1242.9 145.5 0.0 0.0 0.0 0.0
0 5 11 1 4
0 206.8 0 0 338.7 164.2 0 0 0 0 0 1984.4 0
**********2022-05-24 17:42:56**********
49821.274 49971.561 0.301 33.236 70.796 
0 3 10 12 9
0 0.0 0.0 1125.5 0.0 0.0 0.0 0.0 0.0 948.8 588.2 0.0 31.5
0 6 7 8 2
0 0.0 1.4 0.0 0.0 0.0 1304.3 1242.9 145.5 0.0 0.0 0.0 0.0
0 5 11 1 4
0 206.8 0 0 338.7 164.2 0 0 0 0 0 1984.4 0
**********2022-05-24 17:43:02**********
49821.274 49971.561 0.301 33.236 76.347 
0 3 10 12 9
0 0.0 0.0 1125.5 0.0 0.0 0.0 0.0 0.0 948.8 588.2 0.0 31.5
0 6 7 8 2
0 0.0 1.4 0.0 0.0 0.0 1304.3 1242.9 145.5 0.0 0.0 0.0 0.0
0 5 11 1 4
0 206.8 0 0 338.7 164.2 0 0 0 0 0 1984.4 0
**********2022-05-24 17:43:07**********
49821.496 49971.561 0.3 33.236 81.274 
0 3 10 12 9
0 0.0 0.0 1125.5 0.0 0.0 0.0 0.0 0.0 948.8 588.2 0.0 31.5
0 6 7 8 2
0 0.0 1.4 0.0 0.0 0.0 1304.3 1242.9 145.5 0.0 0.0 0.0 0.0
0 5 11 1 4
0 206.8 0 0 338.7 164.2 0 0 0 0 0 1984.4 0
**********2022-05-24 17:43:16**********
49821.496 49971.561 0.3 33.236 90.422 
0 3 10 12 9
0 0.0 0.0 1125.5 0.0 0.0 0.0 0.0 0.0 948.8 588.2 0.0 31.5
0 6 7 8 2
0 0.0 1.4 0.0 0.0 0.0 1304.3 1242.9 145.5 0.0 0.0 0.0 0.0
0 5 11 1 4
0 206.8 0 0 338.7 164.2 0 0 0 0 0 1984.4 0
**********2022-05-24 17:43:23**********
49821.496 49971.561 0.3 33.236 97.348 
0 3 10 12 9
0 0.0 0.0 1125.5 0.0 0.0 0.0 0.0 0.0 948.8 588.2 0.0 31.5
0 6 7 8 2
0 0.0 1.4 0.0 0.0 0.0 1304.3 1242.9 145.5 0.0 0.0 0.0 0.0
0 5 11 1 4
0 206.8 0 0 338.7 164.2 0 0 0 0 0 1984.4 0
**********2022-05-24 17:43:32**********
49821.496 49971.561 0.3 33.236 106.534 
0 3 10 12 9
0 0.0 0.0 1125.5 0.0 0.0 0.0 0.0 0.0 948.8 588.2 0.0 31.5
0 6 7 8 2
0 0.0 1.4 0.0 0.0 0.0 1304.3 1242.9 145.5 0.0 0.0 0.0 0.0
0 5 11 1 4
0 206.8 0 0 338.7 164.2 0 0 0 0 0 1984.4 0
**********2022-05-24 17:43:38**********
49821.788 49964.821 0.286 112.073 112.073 
0 6 12 1 3
0 209.1 0 1111.1 0 0 1342.7 0 0 0 0 0 31.1
0 2 9 4 7 5
0 0 1.4 0 338.4 164.0 0 1264.5 0 925.6 0 0 0
0 10 11 8
0 0 0 0 0 0 0 0 147.4 0 571.5 1975.1 0
**********2022-05-24 17:43:45**********
49821.788 49964.821 0.286 112.073 119.261 
0 6 12 1 3
0 209.1 0 1111.1 0 0 1342.7 0 0 0 0 0 31.1
0 2 9 4 7 5
0 0 1.4 0 338.4 164.0 0 1264.5 0 925.6 0 0 0
0 10 11 8
0 0 0 0 0 0 0 0 147.4 0 571.5 1975.1 0
**********2022-05-24 17:43:50**********
49822.106 49964.821 0.286 112.073 124.724 
0 6 12 1 3
0 209.1 0 1111.1 0 0 1342.7 0 0 0 0 0 31.1
0 2 9 4 7 5
0 0 1.4 0 338.4 164.0 0 1264.5 0 925.6 0 0 0
0 10 11 8
0 0 0 0 0 0 0 0 147.4 0 571.5 1975.1 0
**********2022-05-24 17:43:58**********
49822.106 49964.821 0.286 112.073 132.407 
0 6 12 1 3
0 209.1 0 1111.1 0 0 1342.7 0 0 0 0 0 31.1
0 2 9 4 7 5
0 0 1.4 0 338.4 164.0 0 1264.5 0 925.6 0 0 0
0 10 11 8
0 0 0 0 0 0 0 0 147.4 0 571.5 1975.1 0
**********2022-05-24 17:44:04**********
49822.106 49964.821 0.286 112.073 138.42 
0 6 12 1 3
0 209.1 0 1111.1 0 0 1342.7 0 0 0 0 0 31.1
0 2 9 4 7 5
0 0 1.4 0 338.4 164.0 0 1264.5 0 925.6 0 0 0
0 10 11 8
0 0 0 0 0 0 0 0 147.4 0 571.5 1975.1 0
**********2022-05-24 17:44:09**********
49822.453 49964.821 0.285 112.073 143.333 
0 6 12 1 3
0 209.1 0 1111.1 0 0 1342.7 0 0 0 0 0 31.1
0 2 9 4 7 5
0 0 1.4 0 338.4 164.0 0 1264.5 0 925.6 0 0 0
0 10 11 8
0 0 0 0 0 0 0 0 147.4 0 571.5 1975.1 0
**********2022-05-24 17:44:15**********
49822.49 49964.821 0.285 112.073 149.752 
0 6 12 1 3
0 209.1 0 1111.1 0 0 1342.7 0 0 0 0 0 31.1
0 2 9 4 7 5
0 0 1.4 0 338.4 164.0 0 1264.5 0 925.6 0 0 0
0 10 11 8
0 0 0 0 0 0 0 0 147.4 0 571.5 1975.1 0
**********2022-05-24 17:44:20**********
49822.49 49964.821 0.285 112.073 154.271 
0 6 12 1 3
0 209.1 0 1111.1 0 0 1342.7 0 0 0 0 0 31.1
0 2 9 4 7 5
0 0 1.4 0 338.4 164.0 0 1264.5 0 925.6 0 0 0
0 10 11 8
0 0 0 0 0 0 0 0 147.4 0 571.5 1975.1 0
**********2022-05-24 17:44:25**********
49822.831 49964.821 0.284 112.073 159.839 
0 6 12 1 3
0 209.1 0 1111.1 0 0 1342.7 0 0 0 0 0 31.1
0 2 9 4 7 5
0 0 1.4 0 338.4 164.0 0 1264.5 0 925.6 0 0 0
0 10 11 8
0 0 0 0 0 0 0 0 147.4 0 571.5 1975.1 0
**********2022-05-24 17:44:32**********
49822.831 49951.675 0.258 166.955 166.956 
0 2 10 5 11
0 0 1.4 0 0 162.3 0 0 0 0 567.8 1962.4 0
0 4 7 3
0 0 0 1095.2 337.6 0 0 1261.2 0 0 0 0 0
0 6 12 8 1 9
0 211.0 0.0 0.0 0.0 0.0 1355.1 0.0 151.1 945.3 0.0 0.0 31.4
**********2022-05-24 17:44:38**********
49822.847 49951.675 0.258 166.955 173.008 
0 2 10 5 11
0 0 1.4 0 0 162.3 0 0 0 0 567.8 1962.4 0
0 4 7 3
0 0 0 1095.2 337.6 0 0 1261.2 0 0 0 0 0
0 6 12 8 1 9
0 211.0 0.0 0.0 0.0 0.0 1355.1 0.0 151.1 945.3 0.0 0.0 31.4
**********2022-05-24 17:44:46**********
49823.258 49951.675 0.257 166.955 180.798 
0 2 10 5 11
0 0 1.4 0 0 162.3 0 0 0 0 567.8 1962.4 0
0 4 7 3
0 0 0 1095.2 337.6 0 0 1261.2 0 0 0 0 0
0 6 12 8 1 9
0 211.0 0.0 0.0 0.0 0.0 1355.1 0.0 151.1 945.3 0.0 0.0 31.4
**********2022-05-24 17:44:53**********
49823.258 49951.675 0.257 166.955 187.242 
0 2 10 5 11
0 0 1.4 0 0 162.3 0 0 0 0 567.8 1962.4 0
0 4 7 3
0 0 0 1095.2 337.6 0 0 1261.2 0 0 0 0 0
0 6 12 8 1 9
0 211.0 0.0 0.0 0.0 0.0 1355.1 0.0 151.1 945.3 0.0 0.0 31.4
**********2022-05-24 17:45:00**********
49823.501 49951.675 0.257 166.955 194.762 
0 2 10 5 11
0 0 1.4 0 0 162.3 0 0 0 0 567.8 1962.4 0
0 4 7 3
0 0 0 1095.2 337.6 0 0 1261.2 0 0 0 0 0
0 6 12 8 1 9
0 211.0 0.0 0.0 0.0 0.0 1355.1 0.0 151.1 945.3 0.0 0.0 31.4
**********2022-05-24 17:45:07**********
49823.501 49951.675 0.257 166.955 201.075 
0 2 10 5 11
0 0 1.4 0 0 162.3 0 0 0 0 567.8 1962.4 0
0 4 7 3
0 0 0 1095.2 337.6 0 0 1261.2 0 0 0 0 0
0 6 12 8 1 9
0 211.0 0.0 0.0 0.0 0.0 1355.1 0.0 151.1 945.3 0.0 0.0 31.4
**********2022-05-24 17:45:13**********
49823.501 49951.675 0.257 166.955 207.642 
0 2 10 5 11
0 0 1.4 0 0 162.3 0 0 0 0 567.8 1962.4 0
0 4 7 3
0 0 0 1095.2 337.6 0 0 1261.2 0 0 0 0 0
0 6 12 8 1 9
0 211.0 0.0 0.0 0.0 0.0 1355.1 0.0 151.1 945.3 0.0 0.0 31.4
**********2022-05-24 17:45:18**********
49823.622 49951.675 0.256 166.955 212.453 
0 2 10 5 11
0 0 1.4 0 0 162.3 0 0 0 0 567.8 1962.4 0
0 4 7 3
0 0 0 1095.2 337.6 0 0 1261.2 0 0 0 0 0
0 6 12 8 1 9
0 211.0 0.0 0.0 0.0 0.0 1355.1 0.0 151.1 945.3 0.0 0.0 31.4
**********2022-05-24 17:45:24**********
49823.622 49951.675 0.256 166.955 218.421 
0 2 10 5 11
0 0 1.4 0 0 162.3 0 0 0 0 567.8 1962.4 0
0 4 7 3
0 0 0 1095.2 337.6 0 0 1261.2 0 0 0 0 0
0 6 12 8 1 9
0 211.0 0.0 0.0 0.0 0.0 1355.1 0.0 151.1 945.3 0.0 0.0 31.4
**********2022-05-24 17:45:29**********
49823.626 49951.675 0.256 166.955 223.775 
0 2 10 5 11
0 0 1.4 0 0 162.3 0 0 0 0 567.8 1962.4 0
0 4 7 3
0 0 0 1095.2 337.6 0 0 1261.2 0 0 0 0 0
0 6 12 8 1 9
0 211.0 0.0 0.0 0.0 0.0 1355.1 0.0 151.1 945.3 0.0 0.0 31.4
**********2022-05-24 17:45:35**********
49823.759 49951.675 0.256 166.955 229.18 
0 2 10 5 11
0 0 1.4 0 0 162.3 0 0 0 0 567.8 1962.4 0
0 4 7 3
0 0 0 1095.2 337.6 0 0 1261.2 0 0 0 0 0
0 6 12 8 1 9
0 211.0 0.0 0.0 0.0 0.0 1355.1 0.0 151.1 945.3 0.0 0.0 31.4
**********2022-05-24 17:45:40**********
49823.831 49951.675 0.256 166.955 234.788 
0 2 10 5 11
0 0 1.4 0 0 162.3 0 0 0 0 567.8 1962.4 0
0 4 7 3
0 0 0 1095.2 337.6 0 0 1261.2 0 0 0 0 0
0 6 12 8 1 9
0 211.0 0.0 0.0 0.0 0.0 1355.1 0.0 151.1 945.3 0.0 0.0 31.4
**********2022-05-24 17:45:47**********
49823.931 49951.675 0.256 166.955 241.509 
0 2 10 5 11
0 0 1.4 0 0 162.3 0 0 0 0 567.8 1962.4 0
0 4 7 3
0 0 0 1095.2 337.6 0 0 1261.2 0 0 0 0 0
0 6 12 8 1 9
0 211.0 0.0 0.0 0.0 0.0 1355.1 0.0 151.1 945.3 0.0 0.0 31.4
**********2022-05-24 17:45:52**********
49823.931 49951.675 0.256 166.955 246.31 
0 2 10 5 11
0 0 1.4 0 0 162.3 0 0 0 0 567.8 1962.4 0
0 4 7 3
0 0 0 1095.2 337.6 0 0 1261.2 0 0 0 0 0
0 6 12 8 1 9
0 211.0 0.0 0.0 0.0 0.0 1355.1 0.0 151.1 945.3 0.0 0.0 31.4
**********2022-05-24 17:45:57**********
49823.931 49951.675 0.256 166.955 251.314 
0 2 10 5 11
0 0 1.4 0 0 162.3 0 0 0 0 567.8 1962.4 0
0 4 7 3
0 0 0 1095.2 337.6 0 0 1261.2 0 0 0 0 0
0 6 12 8 1 9
0 211.0 0.0 0.0 0.0 0.0 1355.1 0.0 151.1 945.3 0.0 0.0 31.4
**********2022-05-24 17:46:01**********
49824.037 49951.675 0.256 166.955 255.255 
0 2 10 5 11
0 0 1.4 0 0 162.3 0 0 0 0 567.8 1962.4 0
0 4 7 3
0 0 0 1095.2 337.6 0 0 1261.2 0 0 0 0 0
0 6 12 8 1 9
0 211.0 0.0 0.0 0.0 0.0 1355.1 0.0 151.1 945.3 0.0 0.0 31.4
**********2022-05-24 17:46:07**********
49824.037 49951.675 0.256 166.955 261.598 
0 2 10 5 11
0 0 1.4 0 0 162.3 0 0 0 0 567.8 1962.4 0
0 4 7 3
0 0 0 1095.2 337.6 0 0 1261.2 0 0 0 0 0
0 6 12 8 1 9
0 211.0 0.0 0.0 0.0 0.0 1355.1 0.0 151.1 945.3 0.0 0.0 31.4
**********2022-05-24 17:46:13**********
49824.037 49951.675 0.256 166.955 267.017 
0 2 10 5 11
0 0 1.4 0 0 162.3 0 0 0 0 567.8 1962.4 0
0 4 7 3
0 0 0 1095.2 337.6 0 0 1261.2 0 0 0 0 0
0 6 12 8 1 9
0 211.0 0.0 0.0 0.0 0.0 1355.1 0.0 151.1 945.3 0.0 0.0 31.4
**********2022-05-24 17:46:17**********
49824.225 49951.675 0.255 166.955 271.401 
0 2 10 5 11
0 0 1.4 0 0 162.3 0 0 0 0 567.8 1962.4 0
0 4 7 3
0 0 0 1095.2 337.6 0 0 1261.2 0 0 0 0 0
0 6 12 8 1 9
0 211.0 0.0 0.0 0.0 0.0 1355.1 0.0 151.1 945.3 0.0 0.0 31.4
**********2022-05-24 17:46:22**********
49824.225 49951.675 0.255 166.955 276.346 
0 2 10 5 11
0 0 1.4 0 0 162.3 0 0 0 0 567.8 1962.4 0
0 4 7 3
0 0 0 1095.2 337.6 0 0 1261.2 0 0 0 0 0
0 6 12 8 1 9
0 211.0 0.0 0.0 0.0 0.0 1355.1 0.0 151.1 945.3 0.0 0.0 31.4
**********2022-05-24 17:46:28**********
49824.247 49951.675 0.255 166.955 282.888 
0 2 10 5 11
0 0 1.4 0 0 162.3 0 0 0 0 567.8 1962.4 0
0 4 7 3
0 0 0 1095.2 337.6 0 0 1261.2 0 0 0 0 0
0 6 12 8 1 9
0 211.0 0.0 0.0 0.0 0.0 1355.1 0.0 151.1 945.3 0.0 0.0 31.4
**********2022-05-24 17:46:32**********
49824.271 49951.675 0.255 166.955 286.094 
0 2 10 5 11
0 0 1.4 0 0 162.3 0 0 0 0 567.8 1962.4 0
0 4 7 3
0 0 0 1095.2 337.6 0 0 1261.2 0 0 0 0 0
0 6 12 8 1 9
0 211.0 0.0 0.0 0.0 0.0 1355.1 0.0 151.1 945.3 0.0 0.0 31.4
**********2022-05-24 17:46:38**********
49824.415 49951.675 0.255 166.955 292.28 
0 2 10 5 11
0 0 1.4 0 0 162.3 0 0 0 0 567.8 1962.4 0
0 4 7 3
0 0 0 1095.2 337.6 0 0 1261.2 0 0 0 0 0
0 6 12 8 1 9
0 211.0 0.0 0.0 0.0 0.0 1355.1 0.0 151.1 945.3 0.0 0.0 31.4
**********2022-05-24 17:46:44**********
49824.415 49951.675 0.255 166.955 298.489 
0 2 10 5 11
0 0 1.4 0 0 162.3 0 0 0 0 567.8 1962.4 0
0 4 7 3
0 0 0 1095.2 337.6 0 0 1261.2 0 0 0 0 0
0 6 12 8 1 9
0 211.0 0.0 0.0 0.0 0.0 1355.1 0.0 151.1 945.3 0.0 0.0 31.4
**********2022-05-24 17:46:51**********
49824.415 49951.675 0.255 166.955 305.255 
0 2 10 5 11
0 0 1.4 0 0 162.3 0 0 0 0 567.8 1962.4 0
0 4 7 3
0 0 0 1095.2 337.6 0 0 1261.2 0 0 0 0 0
0 6 12 8 1 9
0 211.0 0.0 0.0 0.0 0.0 1355.1 0.0 151.1 945.3 0.0 0.0 31.4
**********2022-05-24 17:46:57**********
49824.415 49951.675 0.255 166.955 311.574 
0 2 10 5 11
0 0 1.4 0 0 162.3 0 0 0 0 567.8 1962.4 0
0 4 7 3
0 0 0 1095.2 337.6 0 0 1261.2 0 0 0 0 0
0 6 12 8 1 9
0 211.0 0.0 0.0 0.0 0.0 1355.1 0.0 151.1 945.3 0.0 0.0 31.4
**********2022-05-24 17:47:04**********
49824.455 49951.675 0.255 166.955 318.226 
0 2 10 5 11
0 0 1.4 0 0 162.3 0 0 0 0 567.8 1962.4 0
0 4 7 3
0 0 0 1095.2 337.6 0 0 1261.2 0 0 0 0 0
0 6 12 8 1 9
0 211.0 0.0 0.0 0.0 0.0 1355.1 0.0 151.1 945.3 0.0 0.0 31.4
**********2022-05-24 17:47:10**********
49824.51 49951.675 0.255 166.955 324.257 
0 2 10 5 11
0 0 1.4 0 0 162.3 0 0 0 0 567.8 1962.4 0
0 4 7 3
0 0 0 1095.2 337.6 0 0 1261.2 0 0 0 0 0
0 6 12 8 1 9
0 211.0 0.0 0.0 0.0 0.0 1355.1 0.0 151.1 945.3 0.0 0.0 31.4
**********2022-05-24 17:47:16**********
49824.51 49951.675 0.255 166.955 330.786 
0 2 10 5 11
0 0 1.4 0 0 162.3 0 0 0 0 567.8 1962.4 0
0 4 7 3
0 0 0 1095.2 337.6 0 0 1261.2 0 0 0 0 0
0 6 12 8 1 9
0 211.0 0.0 0.0 0.0 0.0 1355.1 0.0 151.1 945.3 0.0 0.0 31.4
**********2022-05-24 17:47:22**********
49824.622 49951.675 0.254 166.955 336.272 
0 2 10 5 11
0 0 1.4 0 0 162.3 0 0 0 0 567.8 1962.4 0
0 4 7 3
0 0 0 1095.2 337.6 0 0 1261.2 0 0 0 0 0
0 6 12 8 1 9
0 211.0 0.0 0.0 0.0 0.0 1355.1 0.0 151.1 945.3 0.0 0.0 31.4
**********2022-05-24 17:47:27**********
49824.622 49951.675 0.254 166.955 341.392 
0 2 10 5 11
0 0 1.4 0 0 162.3 0 0 0 0 567.8 1962.4 0
0 4 7 3
0 0 0 1095.2 337.6 0 0 1261.2 0 0 0 0 0
0 6 12 8 1 9
0 211.0 0.0 0.0 0.0 0.0 1355.1 0.0 151.1 945.3 0.0 0.0 31.4
**********2022-05-24 17:47:31**********
49824.691 49951.675 0.254 166.955 345.38 
0 2 10 5 11
0 0 1.4 0 0 162.3 0 0 0 0 567.8 1962.4 0
0 4 7 3
0 0 0 1095.2 337.6 0 0 1261.2 0 0 0 0 0
0 6 12 8 1 9
0 211.0 0.0 0.0 0.0 0.0 1355.1 0.0 151.1 945.3 0.0 0.0 31.4
**********2022-05-24 17:47:35**********
49824.691 49951.675 0.254 166.955 349.283 
0 2 10 5 11
0 0 1.4 0 0 162.3 0 0 0 0 567.8 1962.4 0
0 4 7 3
0 0 0 1095.2 337.6 0 0 1261.2 0 0 0 0 0
0 6 12 8 1 9
0 211.0 0.0 0.0 0.0 0.0 1355.1 0.0 151.1 945.3 0.0 0.0 31.4
**********2022-05-24 17:47:39**********
49824.886 49951.675 0.254 166.955 353.236 
0 2 10 5 11
0 0 1.4 0 0 162.3 0 0 0 0 567.8 1962.4 0
0 4 7 3
0 0 0 1095.2 337.6 0 0 1261.2 0 0 0 0 0
0 6 12 8 1 9
0 211.0 0.0 0.0 0.0 0.0 1355.1 0.0 151.1 945.3 0.0 0.0 31.4
**********2022-05-24 17:47:43**********
49824.91 49951.675 0.254 166.955 357.469 
0 2 10 5 11
0 0 1.4 0 0 162.3 0 0 0 0 567.8 1962.4 0
0 4 7 3
0 0 0 1095.2 337.6 0 0 1261.2 0 0 0 0 0
0 6 12 8 1 9
0 211.0 0.0 0.0 0.0 0.0 1355.1 0.0 151.1 945.3 0.0 0.0 31.4
**********2022-05-24 17:47:47**********
49824.91 49951.675 0.254 166.955 361.81 
0 2 10 5 11
0 0 1.4 0 0 162.3 0 0 0 0 567.8 1962.4 0
0 4 7 3
0 0 0 1095.2 337.6 0 0 1261.2 0 0 0 0 0
0 6 12 8 1 9
0 211.0 0.0 0.0 0.0 0.0 1355.1 0.0 151.1 945.3 0.0 0.0 31.4
**********2022-05-24 17:47:52**********
49824.91 49951.675 0.254 166.955 367.01 
0 2 10 5 11
0 0 1.4 0 0 162.3 0 0 0 0 567.8 1962.4 0
0 4 7 3
0 0 0 1095.2 337.6 0 0 1261.2 0 0 0 0 0
0 6 12 8 1 9
0 211.0 0.0 0.0 0.0 0.0 1355.1 0.0 151.1 945.3 0.0 0.0 31.4
**********2022-05-24 22:51:55**********
49824.98 49951.675 0.254 166.955 18609.191 
0 2 10 5 11
0 0 1.4 0 0 162.3 0 0 0 0 567.8 1962.4 0
0 4 7 3
0 0 0 1095.2 337.6 0 0 1261.2 0 0 0 0 0
0 6 12 8 1 9
0 211.0 0.0 0.0 0.0 0.0 1355.1 0.0 151.1 945.3 0.0 0.0 31.4
**********2022-05-24 22:51:58**********
49824.98 49951.675 0.254 166.955 18612.812 
0 2 10 5 11
0 0 1.4 0 0 162.3 0 0 0 0 567.8 1962.4 0
0 4 7 3
0 0 0 1095.2 337.6 0 0 1261.2 0 0 0 0 0
0 6 12 8 1 9
0 211.0 0.0 0.0 0.0 0.0 1355.1 0.0 151.1 945.3 0.0 0.0 31.4
