**********2022-05-25 00:27:22**********
37163.559 37241.557 0.209 16.925 16.925 
0 10 7 2 5 12
0 0 1.4 0 0 1640.5 0 89.6 0 0 148.3 0 128.3
0 4 9
0 0 0 0 1892.7 0 0 0 0 115.3 0 0 0
0 3 8 1 6 11
0 43.1 0.0 433.6 0.0 0.0 169.5 0.0 978.4 0.0 0.0 383.5 0.0
**********2022-05-25 00:27:33**********
37163.559 37241.557 0.209 16.925 27.053 
0 10 7 2 5 12
0 0 1.4 0 0 1640.5 0 89.6 0 0 148.3 0 128.3
0 4 9
0 0 0 0 1892.7 0 0 0 0 115.3 0 0 0
0 3 8 1 6 11
0 43.1 0.0 433.6 0.0 0.0 169.5 0.0 978.4 0.0 0.0 383.5 0.0
**********2022-05-25 00:27:43**********
37163.917 37241.557 0.208 16.925 37.447 
0 10 7 2 5 12
0 0 1.4 0 0 1640.5 0 89.6 0 0 148.3 0 128.3
0 4 9
0 0 0 0 1892.7 0 0 0 0 115.3 0 0 0
0 3 8 1 6 11
0 43.1 0.0 433.6 0.0 0.0 169.5 0.0 978.4 0.0 0.0 383.5 0.0
**********2022-05-25 00:27:55**********
37163.917 37241.557 0.208 16.925 49.096 
0 10 7 2 5 12
0 0 1.4 0 0 1640.5 0 89.6 0 0 148.3 0 128.3
0 4 9
0 0 0 0 1892.7 0 0 0 0 115.3 0 0 0
0 3 8 1 6 11
0 43.1 0.0 433.6 0.0 0.0 169.5 0.0 978.4 0.0 0.0 383.5 0.0
**********2022-05-25 00:28:04**********
37163.927 37205.287 0.111 58.334 58.334 
0 5 10 1 6
0 42.4 0.0 0.0 0.0 1649.7 166.8 0.0 0.0 0.0 149.1 0.0 0.0
0 4 12 2
0 0.0 1.4 0.0 1878.6 0.0 0.0 0.0 0.0 0.0 0.0 0.0 128.0
0 3 9 7 8 11
0 0.0 0.0 434.5 0.0 0.0 0.0 91.7 980.2 117.4 0.0 384.2 0.0
**********2022-05-25 00:28:13**********
37163.927 37205.287 0.111 58.334 67.7 
0 5 10 1 6
0 42.4 0.0 0.0 0.0 1649.7 166.8 0.0 0.0 0.0 149.1 0.0 0.0
0 4 12 2
0 0.0 1.4 0.0 1878.6 0.0 0.0 0.0 0.0 0.0 0.0 0.0 128.0
0 3 9 7 8 11
0 0.0 0.0 434.5 0.0 0.0 0.0 91.7 980.2 117.4 0.0 384.2 0.0
**********2022-05-25 00:28:24**********
37163.927 37205.287 0.111 58.334 78.724 
0 5 10 1 6
0 42.4 0.0 0.0 0.0 1649.7 166.8 0.0 0.0 0.0 149.1 0.0 0.0
0 4 12 2
0 0.0 1.4 0.0 1878.6 0.0 0.0 0.0 0.0 0.0 0.0 0.0 128.0
0 3 9 7 8 11
0 0.0 0.0 434.5 0.0 0.0 0.0 91.7 980.2 117.4 0.0 384.2 0.0
**********2022-05-25 00:28:33**********
37163.927 37205.287 0.111 58.334 87.353 
0 5 10 1 6
0 42.4 0.0 0.0 0.0 1649.7 166.8 0.0 0.0 0.0 149.1 0.0 0.0
0 4 12 2
0 0.0 1.4 0.0 1878.6 0.0 0.0 0.0 0.0 0.0 0.0 0.0 128.0
0 3 9 7 8 11
0 0.0 0.0 434.5 0.0 0.0 0.0 91.7 980.2 117.4 0.0 384.2 0.0
**********2022-05-25 00:28:44**********
37163.927 37205.287 0.111 58.334 98.46 
0 5 10 1 6
0 42.4 0.0 0.0 0.0 1649.7 166.8 0.0 0.0 0.0 149.1 0.0 0.0
0 4 12 2
0 0.0 1.4 0.0 1878.6 0.0 0.0 0.0 0.0 0.0 0.0 0.0 128.0
0 3 9 7 8 11
0 0.0 0.0 434.5 0.0 0.0 0.0 91.7 980.2 117.4 0.0 384.2 0.0
**********2022-05-25 00:28:52**********
37164.859 37205.287 0.109 58.334 106.245 
0 5 10 1 6
0 42.4 0.0 0.0 0.0 1649.7 166.8 0.0 0.0 0.0 149.1 0.0 0.0
0 4 12 2
0 0.0 1.4 0.0 1878.6 0.0 0.0 0.0 0.0 0.0 0.0 0.0 128.0
0 3 9 7 8 11
0 0.0 0.0 434.5 0.0 0.0 0.0 91.7 980.2 117.4 0.0 384.2 0.0
**********2022-05-25 00:29:01**********
37165.545 37205.287 0.107 58.334 115.594 
0 5 10 1 6
0 42.4 0.0 0.0 0.0 1649.7 166.8 0.0 0.0 0.0 149.1 0.0 0.0
0 4 12 2
0 0.0 1.4 0.0 1878.6 0.0 0.0 0.0 0.0 0.0 0.0 0.0 128.0
0 3 9 7 8 11
0 0.0 0.0 434.5 0.0 0.0 0.0 91.7 980.2 117.4 0.0 384.2 0.0
**********2022-05-25 00:29:09**********
37165.545 37205.287 0.107 58.334 123.776 
0 5 10 1 6
0 42.4 0.0 0.0 0.0 1649.7 166.8 0.0 0.0 0.0 149.1 0.0 0.0
0 4 12 2
0 0.0 1.4 0.0 1878.6 0.0 0.0 0.0 0.0 0.0 0.0 0.0 128.0
0 3 9 7 8 11
0 0.0 0.0 434.5 0.0 0.0 0.0 91.7 980.2 117.4 0.0 384.2 0.0
**********2022-05-25 00:29:18**********
37165.553 37205.287 0.107 58.334 132.349 
0 5 10 1 6
0 42.4 0.0 0.0 0.0 1649.7 166.8 0.0 0.0 0.0 149.1 0.0 0.0
0 4 12 2
0 0.0 1.4 0.0 1878.6 0.0 0.0 0.0 0.0 0.0 0.0 0.0 128.0
0 3 9 7 8 11
0 0.0 0.0 434.5 0.0 0.0 0.0 91.7 980.2 117.4 0.0 384.2 0.0
**********2022-05-25 00:29:24**********
37165.553 37205.287 0.107 58.334 138.642 
0 5 10 1 6
0 42.4 0.0 0.0 0.0 1649.7 166.8 0.0 0.0 0.0 149.1 0.0 0.0
0 4 12 2
0 0.0 1.4 0.0 1878.6 0.0 0.0 0.0 0.0 0.0 0.0 0.0 128.0
0 3 9 7 8 11
0 0.0 0.0 434.5 0.0 0.0 0.0 91.7 980.2 117.4 0.0 384.2 0.0
**********2022-05-25 00:29:33**********
37165.553 37205.287 0.107 58.334 147.762 
0 5 10 1 6
0 42.4 0.0 0.0 0.0 1649.7 166.8 0.0 0.0 0.0 149.1 0.0 0.0
0 4 12 2
0 0.0 1.4 0.0 1878.6 0.0 0.0 0.0 0.0 0.0 0.0 0.0 128.0
0 3 9 7 8 11
0 0.0 0.0 434.5 0.0 0.0 0.0 91.7 980.2 117.4 0.0 384.2 0.0
**********2022-05-25 00:29:39**********
37166.041 37205.287 0.105 58.334 153.24 
0 5 10 1 6
0 42.4 0.0 0.0 0.0 1649.7 166.8 0.0 0.0 0.0 149.1 0.0 0.0
0 4 12 2
0 0.0 1.4 0.0 1878.6 0.0 0.0 0.0 0.0 0.0 0.0 0.0 128.0
0 3 9 7 8 11
0 0.0 0.0 434.5 0.0 0.0 0.0 91.7 980.2 117.4 0.0 384.2 0.0
**********2022-05-25 00:29:45**********
37166.115 37205.287 0.105 58.334 159.339 
0 5 10 1 6
0 42.4 0.0 0.0 0.0 1649.7 166.8 0.0 0.0 0.0 149.1 0.0 0.0
0 4 12 2
0 0.0 1.4 0.0 1878.6 0.0 0.0 0.0 0.0 0.0 0.0 0.0 128.0
0 3 9 7 8 11
0 0.0 0.0 434.5 0.0 0.0 0.0 91.7 980.2 117.4 0.0 384.2 0.0
**********2022-05-25 00:29:51**********
37166.115 37205.287 0.105 58.334 166.008 
0 5 10 1 6
0 42.4 0.0 0.0 0.0 1649.7 166.8 0.0 0.0 0.0 149.1 0.0 0.0
0 4 12 2
0 0.0 1.4 0.0 1878.6 0.0 0.0 0.0 0.0 0.0 0.0 0.0 128.0
0 3 9 7 8 11
0 0.0 0.0 434.5 0.0 0.0 0.0 91.7 980.2 117.4 0.0 384.2 0.0
**********2022-05-25 00:30:00**********
37166.389 37205.287 0.105 58.334 174.711 
0 5 10 1 6
0 42.4 0.0 0.0 0.0 1649.7 166.8 0.0 0.0 0.0 149.1 0.0 0.0
0 4 12 2
0 0.0 1.4 0.0 1878.6 0.0 0.0 0.0 0.0 0.0 0.0 0.0 128.0
0 3 9 7 8 11
0 0.0 0.0 434.5 0.0 0.0 0.0 91.7 980.2 117.4 0.0 384.2 0.0
**********2022-05-25 00:30:07**********
37166.659 37205.287 0.104 58.334 181.741 
0 5 10 1 6
0 42.4 0.0 0.0 0.0 1649.7 166.8 0.0 0.0 0.0 149.1 0.0 0.0
0 4 12 2
0 0.0 1.4 0.0 1878.6 0.0 0.0 0.0 0.0 0.0 0.0 0.0 128.0
0 3 9 7 8 11
0 0.0 0.0 434.5 0.0 0.0 0.0 91.7 980.2 117.4 0.0 384.2 0.0
**********2022-05-25 00:30:16**********
37166.674 37205.287 0.104 58.334 190.708 
0 5 10 1 6
0 42.4 0.0 0.0 0.0 1649.7 166.8 0.0 0.0 0.0 149.1 0.0 0.0
0 4 12 2
0 0.0 1.4 0.0 1878.6 0.0 0.0 0.0 0.0 0.0 0.0 0.0 128.0
0 3 9 7 8 11
0 0.0 0.0 434.5 0.0 0.0 0.0 91.7 980.2 117.4 0.0 384.2 0.0
**********2022-05-25 00:30:23**********
37166.928 37205.287 0.103 58.334 197.301 
0 5 10 1 6
0 42.4 0.0 0.0 0.0 1649.7 166.8 0.0 0.0 0.0 149.1 0.0 0.0
0 4 12 2
0 0.0 1.4 0.0 1878.6 0.0 0.0 0.0 0.0 0.0 0.0 0.0 128.0
0 3 9 7 8 11
0 0.0 0.0 434.5 0.0 0.0 0.0 91.7 980.2 117.4 0.0 384.2 0.0
**********2022-05-25 00:30:32**********
37166.989 37205.287 0.103 58.334 206.151 
0 5 10 1 6
0 42.4 0.0 0.0 0.0 1649.7 166.8 0.0 0.0 0.0 149.1 0.0 0.0
0 4 12 2
0 0.0 1.4 0.0 1878.6 0.0 0.0 0.0 0.0 0.0 0.0 0.0 128.0
0 3 9 7 8 11
0 0.0 0.0 434.5 0.0 0.0 0.0 91.7 980.2 117.4 0.0 384.2 0.0
**********2022-05-25 00:30:37**********
37167.016 37205.287 0.103 58.334 211.9 
0 5 10 1 6
0 42.4 0.0 0.0 0.0 1649.7 166.8 0.0 0.0 0.0 149.1 0.0 0.0
0 4 12 2
0 0.0 1.4 0.0 1878.6 0.0 0.0 0.0 0.0 0.0 0.0 0.0 128.0
0 3 9 7 8 11
0 0.0 0.0 434.5 0.0 0.0 0.0 91.7 980.2 117.4 0.0 384.2 0.0
**********2022-05-25 00:30:43**********
37167.212 37205.287 0.102 58.334 217.758 
0 5 10 1 6
0 42.4 0.0 0.0 0.0 1649.7 166.8 0.0 0.0 0.0 149.1 0.0 0.0
0 4 12 2
0 0.0 1.4 0.0 1878.6 0.0 0.0 0.0 0.0 0.0 0.0 0.0 128.0
0 3 9 7 8 11
0 0.0 0.0 434.5 0.0 0.0 0.0 91.7 980.2 117.4 0.0 384.2 0.0
**********2022-05-25 00:30:49**********
37167.212 37205.287 0.102 58.334 223.424 
0 5 10 1 6
0 42.4 0.0 0.0 0.0 1649.7 166.8 0.0 0.0 0.0 149.1 0.0 0.0
0 4 12 2
0 0.0 1.4 0.0 1878.6 0.0 0.0 0.0 0.0 0.0 0.0 0.0 128.0
0 3 9 7 8 11
0 0.0 0.0 434.5 0.0 0.0 0.0 91.7 980.2 117.4 0.0 384.2 0.0
**********2022-05-25 00:30:55**********
37167.413 37205.287 0.102 58.334 229.484 
0 5 10 1 6
0 42.4 0.0 0.0 0.0 1649.7 166.8 0.0 0.0 0.0 149.1 0.0 0.0
0 4 12 2
0 0.0 1.4 0.0 1878.6 0.0 0.0 0.0 0.0 0.0 0.0 0.0 128.0
0 3 9 7 8 11
0 0.0 0.0 434.5 0.0 0.0 0.0 91.7 980.2 117.4 0.0 384.2 0.0
**********2022-05-25 00:31:01**********
37167.485 37205.287 0.102 58.334 235.83 
0 5 10 1 6
0 42.4 0.0 0.0 0.0 1649.7 166.8 0.0 0.0 0.0 149.1 0.0 0.0
0 4 12 2
0 0.0 1.4 0.0 1878.6 0.0 0.0 0.0 0.0 0.0 0.0 0.0 128.0
0 3 9 7 8 11
0 0.0 0.0 434.5 0.0 0.0 0.0 91.7 980.2 117.4 0.0 384.2 0.0
**********2022-05-25 00:31:09**********
37167.485 37205.287 0.102 58.334 243.578 
0 5 10 1 6
0 42.4 0.0 0.0 0.0 1649.7 166.8 0.0 0.0 0.0 149.1 0.0 0.0
0 4 12 2
0 0.0 1.4 0.0 1878.6 0.0 0.0 0.0 0.0 0.0 0.0 0.0 128.0
0 3 9 7 8 11
0 0.0 0.0 434.5 0.0 0.0 0.0 91.7 980.2 117.4 0.0 384.2 0.0
**********2022-05-25 00:31:19**********
37167.485 37205.287 0.102 58.334 253.357 
0 5 10 1 6
0 42.4 0.0 0.0 0.0 1649.7 166.8 0.0 0.0 0.0 149.1 0.0 0.0
0 4 12 2
0 0.0 1.4 0.0 1878.6 0.0 0.0 0.0 0.0 0.0 0.0 0.0 128.0
0 3 9 7 8 11
0 0.0 0.0 434.5 0.0 0.0 0.0 91.7 980.2 117.4 0.0 384.2 0.0
**********2022-05-25 00:31:27**********
37167.485 37205.287 0.102 58.334 261.3 
0 5 10 1 6
0 42.4 0.0 0.0 0.0 1649.7 166.8 0.0 0.0 0.0 149.1 0.0 0.0
0 4 12 2
0 0.0 1.4 0.0 1878.6 0.0 0.0 0.0 0.0 0.0 0.0 0.0 128.0
0 3 9 7 8 11
0 0.0 0.0 434.5 0.0 0.0 0.0 91.7 980.2 117.4 0.0 384.2 0.0
**********2022-05-25 00:31:33**********
37167.49 37205.287 0.102 58.334 267.814 
0 5 10 1 6
0 42.4 0.0 0.0 0.0 1649.7 166.8 0.0 0.0 0.0 149.1 0.0 0.0
0 4 12 2
0 0.0 1.4 0.0 1878.6 0.0 0.0 0.0 0.0 0.0 0.0 0.0 128.0
0 3 9 7 8 11
0 0.0 0.0 434.5 0.0 0.0 0.0 91.7 980.2 117.4 0.0 384.2 0.0
**********2022-05-25 00:31:41**********
37167.49 37205.287 0.102 58.334 275.593 
0 5 10 1 6
0 42.4 0.0 0.0 0.0 1649.7 166.8 0.0 0.0 0.0 149.1 0.0 0.0
0 4 12 2
0 0.0 1.4 0.0 1878.6 0.0 0.0 0.0 0.0 0.0 0.0 0.0 128.0
0 3 9 7 8 11
0 0.0 0.0 434.5 0.0 0.0 0.0 91.7 980.2 117.4 0.0 384.2 0.0
**********2022-05-25 00:31:49**********
37167.49 37205.287 0.102 58.334 283.39 
0 5 10 1 6
0 42.4 0.0 0.0 0.0 1649.7 166.8 0.0 0.0 0.0 149.1 0.0 0.0
0 4 12 2
0 0.0 1.4 0.0 1878.6 0.0 0.0 0.0 0.0 0.0 0.0 0.0 128.0
0 3 9 7 8 11
0 0.0 0.0 434.5 0.0 0.0 0.0 91.7 980.2 117.4 0.0 384.2 0.0
**********2022-05-25 00:31:57**********
37167.49 37205.287 0.102 58.334 291.15 
0 5 10 1 6
0 42.4 0.0 0.0 0.0 1649.7 166.8 0.0 0.0 0.0 149.1 0.0 0.0
0 4 12 2
0 0.0 1.4 0.0 1878.6 0.0 0.0 0.0 0.0 0.0 0.0 0.0 128.0
0 3 9 7 8 11
0 0.0 0.0 434.5 0.0 0.0 0.0 91.7 980.2 117.4 0.0 384.2 0.0
**********2022-05-25 00:32:03**********
37167.512 37205.287 0.102 58.334 297.954 
0 5 10 1 6
0 42.4 0.0 0.0 0.0 1649.7 166.8 0.0 0.0 0.0 149.1 0.0 0.0
0 4 12 2
0 0.0 1.4 0.0 1878.6 0.0 0.0 0.0 0.0 0.0 0.0 0.0 128.0
0 3 9 7 8 11
0 0.0 0.0 434.5 0.0 0.0 0.0 91.7 980.2 117.4 0.0 384.2 0.0
**********2022-05-25 00:32:11**********
37167.512 37205.287 0.102 58.334 305.312 
0 5 10 1 6
0 42.4 0.0 0.0 0.0 1649.7 166.8 0.0 0.0 0.0 149.1 0.0 0.0
0 4 12 2
0 0.0 1.4 0.0 1878.6 0.0 0.0 0.0 0.0 0.0 0.0 0.0 128.0
0 3 9 7 8 11
0 0.0 0.0 434.5 0.0 0.0 0.0 91.7 980.2 117.4 0.0 384.2 0.0
**********2022-05-25 00:32:18**********
37167.522 37205.287 0.102 58.334 312.982 
0 5 10 1 6
0 42.4 0.0 0.0 0.0 1649.7 166.8 0.0 0.0 0.0 149.1 0.0 0.0
0 4 12 2
0 0.0 1.4 0.0 1878.6 0.0 0.0 0.0 0.0 0.0 0.0 0.0 128.0
0 3 9 7 8 11
0 0.0 0.0 434.5 0.0 0.0 0.0 91.7 980.2 117.4 0.0 384.2 0.0
**********2022-05-25 00:32:25**********
37167.589 37205.287 0.101 58.334 319.935 
0 5 10 1 6
0 42.4 0.0 0.0 0.0 1649.7 166.8 0.0 0.0 0.0 149.1 0.0 0.0
0 4 12 2
0 0.0 1.4 0.0 1878.6 0.0 0.0 0.0 0.0 0.0 0.0 0.0 128.0
0 3 9 7 8 11
0 0.0 0.0 434.5 0.0 0.0 0.0 91.7 980.2 117.4 0.0 384.2 0.0
**********2022-05-25 00:32:32**********
37167.733 37205.287 0.101 58.334 326.727 
0 5 10 1 6
0 42.4 0.0 0.0 0.0 1649.7 166.8 0.0 0.0 0.0 149.1 0.0 0.0
0 4 12 2
0 0.0 1.4 0.0 1878.6 0.0 0.0 0.0 0.0 0.0 0.0 0.0 128.0
0 3 9 7 8 11
0 0.0 0.0 434.5 0.0 0.0 0.0 91.7 980.2 117.4 0.0 384.2 0.0
**********2022-05-25 00:32:39**********
37167.733 37205.287 0.101 58.334 333.828 
0 5 10 1 6
0 42.4 0.0 0.0 0.0 1649.7 166.8 0.0 0.0 0.0 149.1 0.0 0.0
0 4 12 2
0 0.0 1.4 0.0 1878.6 0.0 0.0 0.0 0.0 0.0 0.0 0.0 128.0
0 3 9 7 8 11
0 0.0 0.0 434.5 0.0 0.0 0.0 91.7 980.2 117.4 0.0 384.2 0.0
**********2022-05-25 00:32:44**********
37167.75 37205.287 0.101 58.334 338.406 
0 5 10 1 6
0 42.4 0.0 0.0 0.0 1649.7 166.8 0.0 0.0 0.0 149.1 0.0 0.0
0 4 12 2
0 0.0 1.4 0.0 1878.6 0.0 0.0 0.0 0.0 0.0 0.0 0.0 128.0
0 3 9 7 8 11
0 0.0 0.0 434.5 0.0 0.0 0.0 91.7 980.2 117.4 0.0 384.2 0.0
**********2022-05-25 00:32:52**********
37167.769 37204.731 0.099 346.82 346.821 
0 3 8 7 6 11
0 0.0 0.0 423.4 0.0 0.0 165.5 89.4 955.3 -0.0 0.0 374.4 0.0
0 5 12 1 10
0 43.2 0.0 0.0 0.0 1681.3 0.0 0.0 0.0 0.0 152.0 0.0 131.5
0 4 9 2
0 0.0 1.4 0.0 1891.4 0.0 0.0 0.0 0.0 115.2 0.0 0.0 0.0
**********2022-05-25 00:32:58**********
37167.769 37204.731 0.099 346.82 352.36 
0 3 8 7 6 11
0 0.0 0.0 423.4 0.0 0.0 165.5 89.4 955.3 -0.0 0.0 374.4 0.0
0 5 12 1 10
0 43.2 0.0 0.0 0.0 1681.3 0.0 0.0 0.0 0.0 152.0 0.0 131.5
0 4 9 2
0 0.0 1.4 0.0 1891.4 0.0 0.0 0.0 0.0 115.2 0.0 0.0 0.0
**********2022-05-25 00:33:04**********
37167.769 37204.731 0.099 346.82 358.99 
0 3 8 7 6 11
0 0.0 0.0 423.4 0.0 0.0 165.5 89.4 955.3 -0.0 0.0 374.4 0.0
0 5 12 1 10
0 43.2 0.0 0.0 0.0 1681.3 0.0 0.0 0.0 0.0 152.0 0.0 131.5
0 4 9 2
0 0.0 1.4 0.0 1891.4 0.0 0.0 0.0 0.0 115.2 0.0 0.0 0.0
**********2022-05-25 00:33:10**********
37168.041 37204.731 0.099 346.82 364.485 
0 3 8 7 6 11
0 0.0 0.0 423.4 0.0 0.0 165.5 89.4 955.3 -0.0 0.0 374.4 0.0
0 5 12 1 10
0 43.2 0.0 0.0 0.0 1681.3 0.0 0.0 0.0 0.0 152.0 0.0 131.5
0 4 9 2
0 0.0 1.4 0.0 1891.4 0.0 0.0 0.0 0.0 115.2 0.0 0.0 0.0
**********2022-05-25 00:33:16**********
37168.041 37204.731 0.099 346.82 370.361 
0 3 8 7 6 11
0 0.0 0.0 423.4 0.0 0.0 165.5 89.4 955.3 -0.0 0.0 374.4 0.0
0 5 12 1 10
0 43.2 0.0 0.0 0.0 1681.3 0.0 0.0 0.0 0.0 152.0 0.0 131.5
0 4 9 2
0 0.0 1.4 0.0 1891.4 0.0 0.0 0.0 0.0 115.2 0.0 0.0 0.0
**********2022-05-25 00:33:23**********
37168.041 37204.731 0.099 346.82 377.894 
0 3 8 7 6 11
0 0.0 0.0 423.4 0.0 0.0 165.5 89.4 955.3 -0.0 0.0 374.4 0.0
0 5 12 1 10
0 43.2 0.0 0.0 0.0 1681.3 0.0 0.0 0.0 0.0 152.0 0.0 131.5
0 4 9 2
0 0.0 1.4 0.0 1891.4 0.0 0.0 0.0 0.0 115.2 0.0 0.0 0.0
**********2022-05-25 00:33:30**********
37168.041 37204.731 0.099 346.82 384.726 
0 3 8 7 6 11
0 0.0 0.0 423.4 0.0 0.0 165.5 89.4 955.3 -0.0 0.0 374.4 0.0
0 5 12 1 10
0 43.2 0.0 0.0 0.0 1681.3 0.0 0.0 0.0 0.0 152.0 0.0 131.5
0 4 9 2
0 0.0 1.4 0.0 1891.4 0.0 0.0 0.0 0.0 115.2 0.0 0.0 0.0
**********2022-05-25 00:33:37**********
37168.041 37204.731 0.099 346.82 391.25 
0 3 8 7 6 11
0 0.0 0.0 423.4 0.0 0.0 165.5 89.4 955.3 -0.0 0.0 374.4 0.0
0 5 12 1 10
0 43.2 0.0 0.0 0.0 1681.3 0.0 0.0 0.0 0.0 152.0 0.0 131.5
0 4 9 2
0 0.0 1.4 0.0 1891.4 0.0 0.0 0.0 0.0 115.2 0.0 0.0 0.0
**********2022-05-25 00:33:45**********
37168.28 37204.731 0.098 346.82 400.043 
0 3 8 7 6 11
0 0.0 0.0 423.4 0.0 0.0 165.5 89.4 955.3 -0.0 0.0 374.4 0.0
0 5 12 1 10
0 43.2 0.0 0.0 0.0 1681.3 0.0 0.0 0.0 0.0 152.0 0.0 131.5
0 4 9 2
0 0.0 1.4 0.0 1891.4 0.0 0.0 0.0 0.0 115.2 0.0 0.0 0.0
**********2022-05-25 00:33:51**********
37168.37 37204.731 0.098 346.82 405.356 
0 3 8 7 6 11
0 0.0 0.0 423.4 0.0 0.0 165.5 89.4 955.3 -0.0 0.0 374.4 0.0
0 5 12 1 10
0 43.2 0.0 0.0 0.0 1681.3 0.0 0.0 0.0 0.0 152.0 0.0 131.5
0 4 9 2
0 0.0 1.4 0.0 1891.4 0.0 0.0 0.0 0.0 115.2 0.0 0.0 0.0
**********2022-05-25 00:33:57**********
37168.37 37204.731 0.098 346.82 411.335 
0 3 8 7 6 11
0 0.0 0.0 423.4 0.0 0.0 165.5 89.4 955.3 -0.0 0.0 374.4 0.0
0 5 12 1 10
0 43.2 0.0 0.0 0.0 1681.3 0.0 0.0 0.0 0.0 152.0 0.0 131.5
0 4 9 2
0 0.0 1.4 0.0 1891.4 0.0 0.0 0.0 0.0 115.2 0.0 0.0 0.0
**********2022-05-25 00:34:02**********
37168.411 37204.731 0.098 346.82 416.768 
0 3 8 7 6 11
0 0.0 0.0 423.4 0.0 0.0 165.5 89.4 955.3 -0.0 0.0 374.4 0.0
0 5 12 1 10
0 43.2 0.0 0.0 0.0 1681.3 0.0 0.0 0.0 0.0 152.0 0.0 131.5
0 4 9 2
0 0.0 1.4 0.0 1891.4 0.0 0.0 0.0 0.0 115.2 0.0 0.0 0.0
**********2022-05-25 00:34:08**********
37168.411 37204.731 0.098 346.82 422.386 
0 3 8 7 6 11
0 0.0 0.0 423.4 0.0 0.0 165.5 89.4 955.3 -0.0 0.0 374.4 0.0
0 5 12 1 10
0 43.2 0.0 0.0 0.0 1681.3 0.0 0.0 0.0 0.0 152.0 0.0 131.5
0 4 9 2
0 0.0 1.4 0.0 1891.4 0.0 0.0 0.0 0.0 115.2 0.0 0.0 0.0
**********2022-05-25 00:34:13**********
37168.43 37204.731 0.098 346.82 427.392 
0 3 8 7 6 11
0 0.0 0.0 423.4 0.0 0.0 165.5 89.4 955.3 -0.0 0.0 374.4 0.0
0 5 12 1 10
0 43.2 0.0 0.0 0.0 1681.3 0.0 0.0 0.0 0.0 152.0 0.0 131.5
0 4 9 2
0 0.0 1.4 0.0 1891.4 0.0 0.0 0.0 0.0 115.2 0.0 0.0 0.0
**********2022-05-25 00:34:17**********
37168.629 37204.731 0.097 346.82 431.391 
0 3 8 7 6 11
0 0.0 0.0 423.4 0.0 0.0 165.5 89.4 955.3 -0.0 0.0 374.4 0.0
0 5 12 1 10
0 43.2 0.0 0.0 0.0 1681.3 0.0 0.0 0.0 0.0 152.0 0.0 131.5
0 4 9 2
0 0.0 1.4 0.0 1891.4 0.0 0.0 0.0 0.0 115.2 0.0 0.0 0.0
**********2022-05-25 00:34:19**********
37168.629 37204.731 0.097 346.82 433.059 
0 3 8 7 6 11
0 0.0 0.0 423.4 0.0 0.0 165.5 89.4 955.3 -0.0 0.0 374.4 0.0
0 5 12 1 10
0 43.2 0.0 0.0 0.0 1681.3 0.0 0.0 0.0 0.0 152.0 0.0 131.5
0 4 9 2
0 0.0 1.4 0.0 1891.4 0.0 0.0 0.0 0.0 115.2 0.0 0.0 0.0
**********2022-05-25 00:34:26**********
37168.751 37204.731 0.097 346.82 440.63 
0 3 8 7 6 11
0 0.0 0.0 423.4 0.0 0.0 165.5 89.4 955.3 -0.0 0.0 374.4 0.0
0 5 12 1 10
0 43.2 0.0 0.0 0.0 1681.3 0.0 0.0 0.0 0.0 152.0 0.0 131.5
0 4 9 2
0 0.0 1.4 0.0 1891.4 0.0 0.0 0.0 0.0 115.2 0.0 0.0 0.0
**********2022-05-25 00:34:33**********
37168.8 37204.731 0.097 346.82 447.233 
0 3 8 7 6 11
0 0.0 0.0 423.4 0.0 0.0 165.5 89.4 955.3 -0.0 0.0 374.4 0.0
0 5 12 1 10
0 43.2 0.0 0.0 0.0 1681.3 0.0 0.0 0.0 0.0 152.0 0.0 131.5
0 4 9 2
0 0.0 1.4 0.0 1891.4 0.0 0.0 0.0 0.0 115.2 0.0 0.0 0.0
**********2022-05-25 00:34:38**********
37168.8 37204.731 0.097 346.82 452.504 
0 3 8 7 6 11
0 0.0 0.0 423.4 0.0 0.0 165.5 89.4 955.3 -0.0 0.0 374.4 0.0
0 5 12 1 10
0 43.2 0.0 0.0 0.0 1681.3 0.0 0.0 0.0 0.0 152.0 0.0 131.5
0 4 9 2
0 0.0 1.4 0.0 1891.4 0.0 0.0 0.0 0.0 115.2 0.0 0.0 0.0
**********2022-05-25 00:34:44**********
37168.832 37204.731 0.096 346.82 458.204 
0 3 8 7 6 11
0 0.0 0.0 423.4 0.0 0.0 165.5 89.4 955.3 -0.0 0.0 374.4 0.0
0 5 12 1 10
0 43.2 0.0 0.0 0.0 1681.3 0.0 0.0 0.0 0.0 152.0 0.0 131.5
0 4 9 2
0 0.0 1.4 0.0 1891.4 0.0 0.0 0.0 0.0 115.2 0.0 0.0 0.0
**********2022-05-25 00:34:49**********
37168.843 37204.731 0.096 346.82 463.08 
0 3 8 7 6 11
0 0.0 0.0 423.4 0.0 0.0 165.5 89.4 955.3 -0.0 0.0 374.4 0.0
0 5 12 1 10
0 43.2 0.0 0.0 0.0 1681.3 0.0 0.0 0.0 0.0 152.0 0.0 131.5
0 4 9 2
0 0.0 1.4 0.0 1891.4 0.0 0.0 0.0 0.0 115.2 0.0 0.0 0.0
**********2022-05-25 00:34:54**********
37168.843 37204.731 0.096 346.82 468.289 
0 3 8 7 6 11
0 0.0 0.0 423.4 0.0 0.0 165.5 89.4 955.3 -0.0 0.0 374.4 0.0
0 5 12 1 10
0 43.2 0.0 0.0 0.0 1681.3 0.0 0.0 0.0 0.0 152.0 0.0 131.5
0 4 9 2
0 0.0 1.4 0.0 1891.4 0.0 0.0 0.0 0.0 115.2 0.0 0.0 0.0
**********2022-05-25 00:34:58**********
37168.896 37204.731 0.096 346.82 472.481 
0 3 8 7 6 11
0 0.0 0.0 423.4 0.0 0.0 165.5 89.4 955.3 -0.0 0.0 374.4 0.0
0 5 12 1 10
0 43.2 0.0 0.0 0.0 1681.3 0.0 0.0 0.0 0.0 152.0 0.0 131.5
0 4 9 2
0 0.0 1.4 0.0 1891.4 0.0 0.0 0.0 0.0 115.2 0.0 0.0 0.0
**********2022-05-25 00:35:04**********
37168.962 37204.731 0.096 346.82 478.144 
0 3 8 7 6 11
0 0.0 0.0 423.4 0.0 0.0 165.5 89.4 955.3 -0.0 0.0 374.4 0.0
0 5 12 1 10
0 43.2 0.0 0.0 0.0 1681.3 0.0 0.0 0.0 0.0 152.0 0.0 131.5
0 4 9 2
0 0.0 1.4 0.0 1891.4 0.0 0.0 0.0 0.0 115.2 0.0 0.0 0.0
**********2022-05-25 00:35:10**********
37168.973 37204.731 0.096 346.82 484.308 
0 3 8 7 6 11
0 0.0 0.0 423.4 0.0 0.0 165.5 89.4 955.3 -0.0 0.0 374.4 0.0
0 5 12 1 10
0 43.2 0.0 0.0 0.0 1681.3 0.0 0.0 0.0 0.0 152.0 0.0 131.5
0 4 9 2
0 0.0 1.4 0.0 1891.4 0.0 0.0 0.0 0.0 115.2 0.0 0.0 0.0
**********2022-05-25 00:35:17**********
37169.05 37204.731 0.096 346.82 491.355 
0 3 8 7 6 11
0 0.0 0.0 423.4 0.0 0.0 165.5 89.4 955.3 -0.0 0.0 374.4 0.0
0 5 12 1 10
0 43.2 0.0 0.0 0.0 1681.3 0.0 0.0 0.0 0.0 152.0 0.0 131.5
0 4 9 2
0 0.0 1.4 0.0 1891.4 0.0 0.0 0.0 0.0 115.2 0.0 0.0 0.0
**********2022-05-25 00:35:21**********
37169.076 37204.731 0.096 346.82 495.21 
0 3 8 7 6 11
0 0.0 0.0 423.4 0.0 0.0 165.5 89.4 955.3 -0.0 0.0 374.4 0.0
0 5 12 1 10
0 43.2 0.0 0.0 0.0 1681.3 0.0 0.0 0.0 0.0 152.0 0.0 131.5
0 4 9 2
0 0.0 1.4 0.0 1891.4 0.0 0.0 0.0 0.0 115.2 0.0 0.0 0.0
**********2022-05-25 00:35:28**********
37169.076 37204.731 0.096 346.82 502.125 
0 3 8 7 6 11
0 0.0 0.0 423.4 0.0 0.0 165.5 89.4 955.3 -0.0 0.0 374.4 0.0
0 5 12 1 10
0 43.2 0.0 0.0 0.0 1681.3 0.0 0.0 0.0 0.0 152.0 0.0 131.5
0 4 9 2
0 0.0 1.4 0.0 1891.4 0.0 0.0 0.0 0.0 115.2 0.0 0.0 0.0
**********2022-05-25 00:35:34**********
37169.114 37204.731 0.096 346.82 508.674 
0 3 8 7 6 11
0 0.0 0.0 423.4 0.0 0.0 165.5 89.4 955.3 -0.0 0.0 374.4 0.0
0 5 12 1 10
0 43.2 0.0 0.0 0.0 1681.3 0.0 0.0 0.0 0.0 152.0 0.0 131.5
0 4 9 2
0 0.0 1.4 0.0 1891.4 0.0 0.0 0.0 0.0 115.2 0.0 0.0 0.0
**********2022-05-25 00:35:39**********
37169.114 37204.731 0.096 346.82 513.587 
0 3 8 7 6 11
0 0.0 0.0 423.4 0.0 0.0 165.5 89.4 955.3 -0.0 0.0 374.4 0.0
0 5 12 1 10
0 43.2 0.0 0.0 0.0 1681.3 0.0 0.0 0.0 0.0 152.0 0.0 131.5
0 4 9 2
0 0.0 1.4 0.0 1891.4 0.0 0.0 0.0 0.0 115.2 0.0 0.0 0.0
**********2022-05-25 00:35:47**********
37169.118 37204.731 0.096 346.82 521.423 
0 3 8 7 6 11
0 0.0 0.0 423.4 0.0 0.0 165.5 89.4 955.3 -0.0 0.0 374.4 0.0
0 5 12 1 10
0 43.2 0.0 0.0 0.0 1681.3 0.0 0.0 0.0 0.0 152.0 0.0 131.5
0 4 9 2
0 0.0 1.4 0.0 1891.4 0.0 0.0 0.0 0.0 115.2 0.0 0.0 0.0
**********2022-05-25 00:35:54**********
37169.124 37204.731 0.096 346.82 528.437 
0 3 8 7 6 11
0 0.0 0.0 423.4 0.0 0.0 165.5 89.4 955.3 -0.0 0.0 374.4 0.0
0 5 12 1 10
0 43.2 0.0 0.0 0.0 1681.3 0.0 0.0 0.0 0.0 152.0 0.0 131.5
0 4 9 2
0 0.0 1.4 0.0 1891.4 0.0 0.0 0.0 0.0 115.2 0.0 0.0 0.0
**********2022-05-25 00:36:01**********
37169.124 37204.731 0.096 346.82 535.069 
0 3 8 7 6 11
0 0.0 0.0 423.4 0.0 0.0 165.5 89.4 955.3 -0.0 0.0 374.4 0.0
0 5 12 1 10
0 43.2 0.0 0.0 0.0 1681.3 0.0 0.0 0.0 0.0 152.0 0.0 131.5
0 4 9 2
0 0.0 1.4 0.0 1891.4 0.0 0.0 0.0 0.0 115.2 0.0 0.0 0.0
**********2022-05-25 00:36:06**********
37169.124 37204.731 0.096 346.82 540.645 
0 3 8 7 6 11
0 0.0 0.0 423.4 0.0 0.0 165.5 89.4 955.3 -0.0 0.0 374.4 0.0
0 5 12 1 10
0 43.2 0.0 0.0 0.0 1681.3 0.0 0.0 0.0 0.0 152.0 0.0 131.5
0 4 9 2
0 0.0 1.4 0.0 1891.4 0.0 0.0 0.0 0.0 115.2 0.0 0.0 0.0
**********2022-05-25 00:36:12**********
37169.127 37204.731 0.096 346.82 546.114 
0 3 8 7 6 11
0 0.0 0.0 423.4 0.0 0.0 165.5 89.4 955.3 -0.0 0.0 374.4 0.0
0 5 12 1 10
0 43.2 0.0 0.0 0.0 1681.3 0.0 0.0 0.0 0.0 152.0 0.0 131.5
0 4 9 2
0 0.0 1.4 0.0 1891.4 0.0 0.0 0.0 0.0 115.2 0.0 0.0 0.0
**********2022-05-25 00:36:17**********
37169.127 37204.731 0.096 346.82 551.561 
0 3 8 7 6 11
0 0.0 0.0 423.4 0.0 0.0 165.5 89.4 955.3 -0.0 0.0 374.4 0.0
0 5 12 1 10
0 43.2 0.0 0.0 0.0 1681.3 0.0 0.0 0.0 0.0 152.0 0.0 131.5
0 4 9 2
0 0.0 1.4 0.0 1891.4 0.0 0.0 0.0 0.0 115.2 0.0 0.0 0.0
**********2022-05-25 00:36:22**********
37169.127 37204.731 0.096 346.82 556.101 
0 3 8 7 6 11
0 0.0 0.0 423.4 0.0 0.0 165.5 89.4 955.3 -0.0 0.0 374.4 0.0
0 5 12 1 10
0 43.2 0.0 0.0 0.0 1681.3 0.0 0.0 0.0 0.0 152.0 0.0 131.5
0 4 9 2
0 0.0 1.4 0.0 1891.4 0.0 0.0 0.0 0.0 115.2 0.0 0.0 0.0
**********2022-05-25 00:36:26**********
37169.127 37204.731 0.096 346.82 561.011 
0 3 8 7 6 11
0 0.0 0.0 423.4 0.0 0.0 165.5 89.4 955.3 -0.0 0.0 374.4 0.0
0 5 12 1 10
0 43.2 0.0 0.0 0.0 1681.3 0.0 0.0 0.0 0.0 152.0 0.0 131.5
0 4 9 2
0 0.0 1.4 0.0 1891.4 0.0 0.0 0.0 0.0 115.2 0.0 0.0 0.0
**********2022-05-25 00:36:31**********
37169.127 37204.731 0.096 346.82 565.799 
0 3 8 7 6 11
0 0.0 0.0 423.4 0.0 0.0 165.5 89.4 955.3 -0.0 0.0 374.4 0.0
0 5 12 1 10
0 43.2 0.0 0.0 0.0 1681.3 0.0 0.0 0.0 0.0 152.0 0.0 131.5
0 4 9 2
0 0.0 1.4 0.0 1891.4 0.0 0.0 0.0 0.0 115.2 0.0 0.0 0.0
**********2022-05-25 00:36:37**********
37169.141 37204.731 0.096 346.82 571.759 
0 3 8 7 6 11
0 0.0 0.0 423.4 0.0 0.0 165.5 89.4 955.3 -0.0 0.0 374.4 0.0
0 5 12 1 10
0 43.2 0.0 0.0 0.0 1681.3 0.0 0.0 0.0 0.0 152.0 0.0 131.5
0 4 9 2
0 0.0 1.4 0.0 1891.4 0.0 0.0 0.0 0.0 115.2 0.0 0.0 0.0
**********2022-05-25 00:36:44**********
37169.141 37204.731 0.096 346.82 578.902 
0 3 8 7 6 11
0 0.0 0.0 423.4 0.0 0.0 165.5 89.4 955.3 -0.0 0.0 374.4 0.0
0 5 12 1 10
0 43.2 0.0 0.0 0.0 1681.3 0.0 0.0 0.0 0.0 152.0 0.0 131.5
0 4 9 2
0 0.0 1.4 0.0 1891.4 0.0 0.0 0.0 0.0 115.2 0.0 0.0 0.0
**********2022-05-25 00:36:50**********
37169.164 37204.731 0.096 346.82 584.368 
0 3 8 7 6 11
0 0.0 0.0 423.4 0.0 0.0 165.5 89.4 955.3 -0.0 0.0 374.4 0.0
0 5 12 1 10
0 43.2 0.0 0.0 0.0 1681.3 0.0 0.0 0.0 0.0 152.0 0.0 131.5
0 4 9 2
0 0.0 1.4 0.0 1891.4 0.0 0.0 0.0 0.0 115.2 0.0 0.0 0.0
**********2022-05-25 00:36:58**********
37169.352 37204.731 0.095 346.82 592.194 
0 3 8 7 6 11
0 0.0 0.0 423.4 0.0 0.0 165.5 89.4 955.3 -0.0 0.0 374.4 0.0
0 5 12 1 10
0 43.2 0.0 0.0 0.0 1681.3 0.0 0.0 0.0 0.0 152.0 0.0 131.5
0 4 9 2
0 0.0 1.4 0.0 1891.4 0.0 0.0 0.0 0.0 115.2 0.0 0.0 0.0
**********2022-05-25 00:37:02**********
37169.396 37204.731 0.095 346.82 596.263 
0 3 8 7 6 11
0 0.0 0.0 423.4 0.0 0.0 165.5 89.4 955.3 -0.0 0.0 374.4 0.0
0 5 12 1 10
0 43.2 0.0 0.0 0.0 1681.3 0.0 0.0 0.0 0.0 152.0 0.0 131.5
0 4 9 2
0 0.0 1.4 0.0 1891.4 0.0 0.0 0.0 0.0 115.2 0.0 0.0 0.0
**********2022-05-25 00:37:08**********
37169.399 37204.731 0.095 346.82 602.159 
0 3 8 7 6 11
0 0.0 0.0 423.4 0.0 0.0 165.5 89.4 955.3 -0.0 0.0 374.4 0.0
0 5 12 1 10
0 43.2 0.0 0.0 0.0 1681.3 0.0 0.0 0.0 0.0 152.0 0.0 131.5
0 4 9 2
0 0.0 1.4 0.0 1891.4 0.0 0.0 0.0 0.0 115.2 0.0 0.0 0.0
**********2022-05-25 00:37:15**********
37169.424 37204.731 0.095 346.82 609.176 
0 3 8 7 6 11
0 0.0 0.0 423.4 0.0 0.0 165.5 89.4 955.3 -0.0 0.0 374.4 0.0
0 5 12 1 10
0 43.2 0.0 0.0 0.0 1681.3 0.0 0.0 0.0 0.0 152.0 0.0 131.5
0 4 9 2
0 0.0 1.4 0.0 1891.4 0.0 0.0 0.0 0.0 115.2 0.0 0.0 0.0
**********2022-05-25 00:37:16**********
37169.424 37204.731 0.095 346.82 610.623 
0 3 8 7 6 11
0 0.0 0.0 423.4 0.0 0.0 165.5 89.4 955.3 -0.0 0.0 374.4 0.0
0 5 12 1 10
0 43.2 0.0 0.0 0.0 1681.3 0.0 0.0 0.0 0.0 152.0 0.0 131.5
0 4 9 2
0 0.0 1.4 0.0 1891.4 0.0 0.0 0.0 0.0 115.2 0.0 0.0 0.0
**********2022-05-25 00:37:21**********
37169.424 37204.731 0.095 346.82 615.887 
0 3 8 7 6 11
0 0.0 0.0 423.4 0.0 0.0 165.5 89.4 955.3 -0.0 0.0 374.4 0.0
0 5 12 1 10
0 43.2 0.0 0.0 0.0 1681.3 0.0 0.0 0.0 0.0 152.0 0.0 131.5
0 4 9 2
0 0.0 1.4 0.0 1891.4 0.0 0.0 0.0 0.0 115.2 0.0 0.0 0.0
**********2022-05-25 00:37:27**********
37169.424 37204.731 0.095 346.82 621.296 
0 3 8 7 6 11
0 0.0 0.0 423.4 0.0 0.0 165.5 89.4 955.3 -0.0 0.0 374.4 0.0
0 5 12 1 10
0 43.2 0.0 0.0 0.0 1681.3 0.0 0.0 0.0 0.0 152.0 0.0 131.5
0 4 9 2
0 0.0 1.4 0.0 1891.4 0.0 0.0 0.0 0.0 115.2 0.0 0.0 0.0
**********2022-05-25 00:37:32**********
37169.426 37204.731 0.095 346.82 626.682 
0 3 8 7 6 11
0 0.0 0.0 423.4 0.0 0.0 165.5 89.4 955.3 -0.0 0.0 374.4 0.0
0 5 12 1 10
0 43.2 0.0 0.0 0.0 1681.3 0.0 0.0 0.0 0.0 152.0 0.0 131.5
0 4 9 2
0 0.0 1.4 0.0 1891.4 0.0 0.0 0.0 0.0 115.2 0.0 0.0 0.0
**********2022-05-25 00:37:37**********
37169.483 37204.731 0.095 346.82 631.441 
0 3 8 7 6 11
0 0.0 0.0 423.4 0.0 0.0 165.5 89.4 955.3 -0.0 0.0 374.4 0.0
0 5 12 1 10
0 43.2 0.0 0.0 0.0 1681.3 0.0 0.0 0.0 0.0 152.0 0.0 131.5
0 4 9 2
0 0.0 1.4 0.0 1891.4 0.0 0.0 0.0 0.0 115.2 0.0 0.0 0.0
**********2022-05-25 00:37:42**********
37169.483 37204.731 0.095 346.82 636.584 
0 3 8 7 6 11
0 0.0 0.0 423.4 0.0 0.0 165.5 89.4 955.3 -0.0 0.0 374.4 0.0
0 5 12 1 10
0 43.2 0.0 0.0 0.0 1681.3 0.0 0.0 0.0 0.0 152.0 0.0 131.5
0 4 9 2
0 0.0 1.4 0.0 1891.4 0.0 0.0 0.0 0.0 115.2 0.0 0.0 0.0
**********2022-05-25 00:37:47**********
37169.488 37204.731 0.095 346.82 641.752 
0 3 8 7 6 11
0 0.0 0.0 423.4 0.0 0.0 165.5 89.4 955.3 -0.0 0.0 374.4 0.0
0 5 12 1 10
0 43.2 0.0 0.0 0.0 1681.3 0.0 0.0 0.0 0.0 152.0 0.0 131.5
0 4 9 2
0 0.0 1.4 0.0 1891.4 0.0 0.0 0.0 0.0 115.2 0.0 0.0 0.0
**********2022-05-25 00:37:53**********
37169.559 37204.731 0.095 346.82 648.028 
0 3 8 7 6 11
0 0.0 0.0 423.4 0.0 0.0 165.5 89.4 955.3 -0.0 0.0 374.4 0.0
0 5 12 1 10
0 43.2 0.0 0.0 0.0 1681.3 0.0 0.0 0.0 0.0 152.0 0.0 131.5
0 4 9 2
0 0.0 1.4 0.0 1891.4 0.0 0.0 0.0 0.0 115.2 0.0 0.0 0.0
**********2022-05-25 00:37:58**********
37169.635 37204.731 0.094 346.82 652.995 
0 3 8 7 6 11
0 0.0 0.0 423.4 0.0 0.0 165.5 89.4 955.3 -0.0 0.0 374.4 0.0
0 5 12 1 10
0 43.2 0.0 0.0 0.0 1681.3 0.0 0.0 0.0 0.0 152.0 0.0 131.5
0 4 9 2
0 0.0 1.4 0.0 1891.4 0.0 0.0 0.0 0.0 115.2 0.0 0.0 0.0
**********2022-05-25 00:38:03**********
37169.635 37204.731 0.094 346.82 657.524 
0 3 8 7 6 11
0 0.0 0.0 423.4 0.0 0.0 165.5 89.4 955.3 -0.0 0.0 374.4 0.0
0 5 12 1 10
0 43.2 0.0 0.0 0.0 1681.3 0.0 0.0 0.0 0.0 152.0 0.0 131.5
0 4 9 2
0 0.0 1.4 0.0 1891.4 0.0 0.0 0.0 0.0 115.2 0.0 0.0 0.0
**********2022-05-25 00:38:07**********
37169.673 37204.731 0.094 346.82 662.049 
0 3 8 7 6 11
0 0.0 0.0 423.4 0.0 0.0 165.5 89.4 955.3 -0.0 0.0 374.4 0.0
0 5 12 1 10
0 43.2 0.0 0.0 0.0 1681.3 0.0 0.0 0.0 0.0 152.0 0.0 131.5
0 4 9 2
0 0.0 1.4 0.0 1891.4 0.0 0.0 0.0 0.0 115.2 0.0 0.0 0.0
**********2022-05-25 00:38:15**********
37169.744 37204.731 0.094 346.82 669.198 
0 3 8 7 6 11
0 0.0 0.0 423.4 0.0 0.0 165.5 89.4 955.3 -0.0 0.0 374.4 0.0
0 5 12 1 10
0 43.2 0.0 0.0 0.0 1681.3 0.0 0.0 0.0 0.0 152.0 0.0 131.5
0 4 9 2
0 0.0 1.4 0.0 1891.4 0.0 0.0 0.0 0.0 115.2 0.0 0.0 0.0
**********2022-05-25 00:38:23**********
37169.744 37204.731 0.094 346.82 677.089 
0 3 8 7 6 11
0 0.0 0.0 423.4 0.0 0.0 165.5 89.4 955.3 -0.0 0.0 374.4 0.0
0 5 12 1 10
0 43.2 0.0 0.0 0.0 1681.3 0.0 0.0 0.0 0.0 152.0 0.0 131.5
0 4 9 2
0 0.0 1.4 0.0 1891.4 0.0 0.0 0.0 0.0 115.2 0.0 0.0 0.0
**********2022-05-25 00:38:27**********
37169.813 37204.731 0.094 346.82 681.849 
0 3 8 7 6 11
0 0.0 0.0 423.4 0.0 0.0 165.5 89.4 955.3 -0.0 0.0 374.4 0.0
0 5 12 1 10
0 43.2 0.0 0.0 0.0 1681.3 0.0 0.0 0.0 0.0 152.0 0.0 131.5
0 4 9 2
0 0.0 1.4 0.0 1891.4 0.0 0.0 0.0 0.0 115.2 0.0 0.0 0.0
**********2022-05-25 00:38:35**********
37169.813 37204.731 0.094 346.82 689.088 
0 3 8 7 6 11
0 0.0 0.0 423.4 0.0 0.0 165.5 89.4 955.3 -0.0 0.0 374.4 0.0
0 5 12 1 10
0 43.2 0.0 0.0 0.0 1681.3 0.0 0.0 0.0 0.0 152.0 0.0 131.5
0 4 9 2
0 0.0 1.4 0.0 1891.4 0.0 0.0 0.0 0.0 115.2 0.0 0.0 0.0
**********2022-05-25 00:38:40**********
37169.813 37204.731 0.094 346.82 694.838 
0 3 8 7 6 11
0 0.0 0.0 423.4 0.0 0.0 165.5 89.4 955.3 -0.0 0.0 374.4 0.0
0 5 12 1 10
0 43.2 0.0 0.0 0.0 1681.3 0.0 0.0 0.0 0.0 152.0 0.0 131.5
0 4 9 2
0 0.0 1.4 0.0 1891.4 0.0 0.0 0.0 0.0 115.2 0.0 0.0 0.0
**********2022-05-25 00:38:47**********
37169.813 37204.731 0.094 346.82 701.241 
0 3 8 7 6 11
0 0.0 0.0 423.4 0.0 0.0 165.5 89.4 955.3 -0.0 0.0 374.4 0.0
0 5 12 1 10
0 43.2 0.0 0.0 0.0 1681.3 0.0 0.0 0.0 0.0 152.0 0.0 131.5
0 4 9 2
0 0.0 1.4 0.0 1891.4 0.0 0.0 0.0 0.0 115.2 0.0 0.0 0.0
**********2022-05-25 00:38:53**********
37169.915 37204.731 0.094 346.82 707.074 
0 3 8 7 6 11
0 0.0 0.0 423.4 0.0 0.0 165.5 89.4 955.3 -0.0 0.0 374.4 0.0
0 5 12 1 10
0 43.2 0.0 0.0 0.0 1681.3 0.0 0.0 0.0 0.0 152.0 0.0 131.5
0 4 9 2
0 0.0 1.4 0.0 1891.4 0.0 0.0 0.0 0.0 115.2 0.0 0.0 0.0
**********2022-05-25 00:38:58**********
37169.915 37204.731 0.094 346.82 712.829 
0 3 8 7 6 11
0 0.0 0.0 423.4 0.0 0.0 165.5 89.4 955.3 -0.0 0.0 374.4 0.0
0 5 12 1 10
0 43.2 0.0 0.0 0.0 1681.3 0.0 0.0 0.0 0.0 152.0 0.0 131.5
0 4 9 2
0 0.0 1.4 0.0 1891.4 0.0 0.0 0.0 0.0 115.2 0.0 0.0 0.0
**********2022-05-25 00:39:05**********
37170.019 37204.731 0.093 346.82 719.115 
0 3 8 7 6 11
0 0.0 0.0 423.4 0.0 0.0 165.5 89.4 955.3 -0.0 0.0 374.4 0.0
0 5 12 1 10
0 43.2 0.0 0.0 0.0 1681.3 0.0 0.0 0.0 0.0 152.0 0.0 131.5
0 4 9 2
0 0.0 1.4 0.0 1891.4 0.0 0.0 0.0 0.0 115.2 0.0 0.0 0.0
**********2022-05-25 00:39:11**********
37170.019 37204.731 0.093 346.82 725.591 
0 3 8 7 6 11
0 0.0 0.0 423.4 0.0 0.0 165.5 89.4 955.3 -0.0 0.0 374.4 0.0
0 5 12 1 10
0 43.2 0.0 0.0 0.0 1681.3 0.0 0.0 0.0 0.0 152.0 0.0 131.5
0 4 9 2
0 0.0 1.4 0.0 1891.4 0.0 0.0 0.0 0.0 115.2 0.0 0.0 0.0
**********2022-05-25 00:39:17**********
37170.019 37204.731 0.093 346.82 731.933 
0 3 8 7 6 11
0 0.0 0.0 423.4 0.0 0.0 165.5 89.4 955.3 -0.0 0.0 374.4 0.0
0 5 12 1 10
0 43.2 0.0 0.0 0.0 1681.3 0.0 0.0 0.0 0.0 152.0 0.0 131.5
0 4 9 2
0 0.0 1.4 0.0 1891.4 0.0 0.0 0.0 0.0 115.2 0.0 0.0 0.0
**********2022-05-25 00:39:23**********
37170.102 37204.731 0.093 346.82 737.594 
0 3 8 7 6 11
0 0.0 0.0 423.4 0.0 0.0 165.5 89.4 955.3 -0.0 0.0 374.4 0.0
0 5 12 1 10
0 43.2 0.0 0.0 0.0 1681.3 0.0 0.0 0.0 0.0 152.0 0.0 131.5
0 4 9 2
0 0.0 1.4 0.0 1891.4 0.0 0.0 0.0 0.0 115.2 0.0 0.0 0.0
**********2022-05-25 00:39:28**********
37170.102 37204.731 0.093 346.82 742.09 
0 3 8 7 6 11
0 0.0 0.0 423.4 0.0 0.0 165.5 89.4 955.3 -0.0 0.0 374.4 0.0
0 5 12 1 10
0 43.2 0.0 0.0 0.0 1681.3 0.0 0.0 0.0 0.0 152.0 0.0 131.5
0 4 9 2
0 0.0 1.4 0.0 1891.4 0.0 0.0 0.0 0.0 115.2 0.0 0.0 0.0
**********2022-05-25 00:39:32**********
37170.103 37204.731 0.093 346.82 746.32 
0 3 8 7 6 11
0 0.0 0.0 423.4 0.0 0.0 165.5 89.4 955.3 -0.0 0.0 374.4 0.0
0 5 12 1 10
0 43.2 0.0 0.0 0.0 1681.3 0.0 0.0 0.0 0.0 152.0 0.0 131.5
0 4 9 2
0 0.0 1.4 0.0 1891.4 0.0 0.0 0.0 0.0 115.2 0.0 0.0 0.0
**********2022-05-25 00:39:36**********
37170.181 37204.731 0.093 346.82 750.721 
0 3 8 7 6 11
0 0.0 0.0 423.4 0.0 0.0 165.5 89.4 955.3 -0.0 0.0 374.4 0.0
0 5 12 1 10
0 43.2 0.0 0.0 0.0 1681.3 0.0 0.0 0.0 0.0 152.0 0.0 131.5
0 4 9 2
0 0.0 1.4 0.0 1891.4 0.0 0.0 0.0 0.0 115.2 0.0 0.0 0.0
**********2022-05-25 00:39:42**********
37170.214 37204.731 0.093 346.82 756.619 
0 3 8 7 6 11
0 0.0 0.0 423.4 0.0 0.0 165.5 89.4 955.3 -0.0 0.0 374.4 0.0
0 5 12 1 10
0 43.2 0.0 0.0 0.0 1681.3 0.0 0.0 0.0 0.0 152.0 0.0 131.5
0 4 9 2
0 0.0 1.4 0.0 1891.4 0.0 0.0 0.0 0.0 115.2 0.0 0.0 0.0
**********2022-05-25 00:39:46**********
37170.214 37204.731 0.093 346.82 760.493 
0 3 8 7 6 11
0 0.0 0.0 423.4 0.0 0.0 165.5 89.4 955.3 -0.0 0.0 374.4 0.0
0 5 12 1 10
0 43.2 0.0 0.0 0.0 1681.3 0.0 0.0 0.0 0.0 152.0 0.0 131.5
0 4 9 2
0 0.0 1.4 0.0 1891.4 0.0 0.0 0.0 0.0 115.2 0.0 0.0 0.0
**********2022-05-25 00:39:50**********
37170.225 37204.731 0.093 346.82 764.297 
0 3 8 7 6 11
0 0.0 0.0 423.4 0.0 0.0 165.5 89.4 955.3 -0.0 0.0 374.4 0.0
0 5 12 1 10
0 43.2 0.0 0.0 0.0 1681.3 0.0 0.0 0.0 0.0 152.0 0.0 131.5
0 4 9 2
0 0.0 1.4 0.0 1891.4 0.0 0.0 0.0 0.0 115.2 0.0 0.0 0.0
**********2022-05-25 00:39:56**********
37170.225 37204.731 0.093 346.82 770.129 
0 3 8 7 6 11
0 0.0 0.0 423.4 0.0 0.0 165.5 89.4 955.3 -0.0 0.0 374.4 0.0
0 5 12 1 10
0 43.2 0.0 0.0 0.0 1681.3 0.0 0.0 0.0 0.0 152.0 0.0 131.5
0 4 9 2
0 0.0 1.4 0.0 1891.4 0.0 0.0 0.0 0.0 115.2 0.0 0.0 0.0
**********2022-05-25 00:40:01**********
37170.277 37204.731 0.093 346.82 775.989 
0 3 8 7 6 11
0 0.0 0.0 423.4 0.0 0.0 165.5 89.4 955.3 -0.0 0.0 374.4 0.0
0 5 12 1 10
0 43.2 0.0 0.0 0.0 1681.3 0.0 0.0 0.0 0.0 152.0 0.0 131.5
0 4 9 2
0 0.0 1.4 0.0 1891.4 0.0 0.0 0.0 0.0 115.2 0.0 0.0 0.0
**********2022-05-25 00:40:06**********
37170.298 37204.731 0.093 346.82 780.178 
0 3 8 7 6 11
0 0.0 0.0 423.4 0.0 0.0 165.5 89.4 955.3 -0.0 0.0 374.4 0.0
0 5 12 1 10
0 43.2 0.0 0.0 0.0 1681.3 0.0 0.0 0.0 0.0 152.0 0.0 131.5
0 4 9 2
0 0.0 1.4 0.0 1891.4 0.0 0.0 0.0 0.0 115.2 0.0 0.0 0.0
**********2022-05-25 00:40:11**********
37170.37 37204.731 0.092 346.82 785.364 
0 3 8 7 6 11
0 0.0 0.0 423.4 0.0 0.0 165.5 89.4 955.3 -0.0 0.0 374.4 0.0
0 5 12 1 10
0 43.2 0.0 0.0 0.0 1681.3 0.0 0.0 0.0 0.0 152.0 0.0 131.5
0 4 9 2
0 0.0 1.4 0.0 1891.4 0.0 0.0 0.0 0.0 115.2 0.0 0.0 0.0
**********2022-05-25 00:40:15**********
37170.37 37204.731 0.092 346.82 789.577 
0 3 8 7 6 11
0 0.0 0.0 423.4 0.0 0.0 165.5 89.4 955.3 -0.0 0.0 374.4 0.0
0 5 12 1 10
0 43.2 0.0 0.0 0.0 1681.3 0.0 0.0 0.0 0.0 152.0 0.0 131.5
0 4 9 2
0 0.0 1.4 0.0 1891.4 0.0 0.0 0.0 0.0 115.2 0.0 0.0 0.0
**********2022-05-25 00:40:20**********
37170.405 37204.731 0.092 346.82 794.29 
0 3 8 7 6 11
0 0.0 0.0 423.4 0.0 0.0 165.5 89.4 955.3 -0.0 0.0 374.4 0.0
0 5 12 1 10
0 43.2 0.0 0.0 0.0 1681.3 0.0 0.0 0.0 0.0 152.0 0.0 131.5
0 4 9 2
0 0.0 1.4 0.0 1891.4 0.0 0.0 0.0 0.0 115.2 0.0 0.0 0.0
**********2022-05-25 00:40:29**********
37170.405 37204.731 0.092 346.82 803.688 
0 3 8 7 6 11
0 0.0 0.0 423.4 0.0 0.0 165.5 89.4 955.3 -0.0 0.0 374.4 0.0
0 5 12 1 10
0 43.2 0.0 0.0 0.0 1681.3 0.0 0.0 0.0 0.0 152.0 0.0 131.5
0 4 9 2
0 0.0 1.4 0.0 1891.4 0.0 0.0 0.0 0.0 115.2 0.0 0.0 0.0
**********2022-05-25 00:40:41**********
37170.451 37204.731 0.092 346.82 815.086 
0 3 8 7 6 11
0 0.0 0.0 423.4 0.0 0.0 165.5 89.4 955.3 -0.0 0.0 374.4 0.0
0 5 12 1 10
0 43.2 0.0 0.0 0.0 1681.3 0.0 0.0 0.0 0.0 152.0 0.0 131.5
0 4 9 2
0 0.0 1.4 0.0 1891.4 0.0 0.0 0.0 0.0 115.2 0.0 0.0 0.0
**********2022-05-25 00:40:46**********
37170.451 37204.731 0.092 346.82 820.215 
0 3 8 7 6 11
0 0.0 0.0 423.4 0.0 0.0 165.5 89.4 955.3 -0.0 0.0 374.4 0.0
0 5 12 1 10
0 43.2 0.0 0.0 0.0 1681.3 0.0 0.0 0.0 0.0 152.0 0.0 131.5
0 4 9 2
0 0.0 1.4 0.0 1891.4 0.0 0.0 0.0 0.0 115.2 0.0 0.0 0.0
**********2022-05-25 00:40:49**********
37170.518 37204.731 0.092 346.82 823.636 
0 3 8 7 6 11
0 0.0 0.0 423.4 0.0 0.0 165.5 89.4 955.3 -0.0 0.0 374.4 0.0
0 5 12 1 10
0 43.2 0.0 0.0 0.0 1681.3 0.0 0.0 0.0 0.0 152.0 0.0 131.5
0 4 9 2
0 0.0 1.4 0.0 1891.4 0.0 0.0 0.0 0.0 115.2 0.0 0.0 0.0
**********2022-05-25 00:40:53**********
37170.572 37204.731 0.092 346.82 827.821 
0 3 8 7 6 11
0 0.0 0.0 423.4 0.0 0.0 165.5 89.4 955.3 -0.0 0.0 374.4 0.0
0 5 12 1 10
0 43.2 0.0 0.0 0.0 1681.3 0.0 0.0 0.0 0.0 152.0 0.0 131.5
0 4 9 2
0 0.0 1.4 0.0 1891.4 0.0 0.0 0.0 0.0 115.2 0.0 0.0 0.0
**********2022-05-25 11:05:50**********
37170.591 37204.731 0.092 346.82 38324.851 
0 3 8 7 6 11
0 0.0 0.0 423.4 0.0 0.0 165.5 89.4 955.3 -0.0 0.0 374.4 0.0
0 5 12 1 10
0 43.2 0.0 0.0 0.0 1681.3 0.0 0.0 0.0 0.0 152.0 0.0 131.5
0 4 9 2
0 0.0 1.4 0.0 1891.4 0.0 0.0 0.0 0.0 115.2 0.0 0.0 0.0
**********2022-05-25 11:05:54**********
37170.595 37204.731 0.092 346.82 38328.847 
0 3 8 7 6 11
0 0.0 0.0 423.4 0.0 0.0 165.5 89.4 955.3 -0.0 0.0 374.4 0.0
0 5 12 1 10
0 43.2 0.0 0.0 0.0 1681.3 0.0 0.0 0.0 0.0 152.0 0.0 131.5
0 4 9 2
0 0.0 1.4 0.0 1891.4 0.0 0.0 0.0 0.0 115.2 0.0 0.0 0.0
