**********2022-05-26 12:32:26**********
44145.895 44173.027 0.061 30.99 30.99 
0 12 3 11 5
0 0 0 1056.9 0 148.2 0 0 0 0 0 382.1 775.8
0 10 4 1 7 6 9
0 1831.3 0 0 387.0 0 63.2 28.4 0 42.1 11.0 0 0
0 8 2
0 0.0 1.1 0.0 0.0 0.0 0.0 0.0 2361.9 0.0 0.0 0.0 0.0
**********2022-05-26 12:32:48**********
44145.901 44173.027 0.061 30.99 53.657 
0 12 3 11 5
0 0 0 1056.9 0 148.2 0 0 0 0 0 382.1 775.8
0 10 4 1 7 6 9
0 1831.3 0 0 387.0 0 63.2 28.4 0 42.1 11.0 0 0
0 8 2
0 0.0 1.1 0.0 0.0 0.0 0.0 0.0 2361.9 0.0 0.0 0.0 0.0
**********2022-05-26 12:33:02**********
44145.901 44173.027 0.061 30.99 66.988 
0 12 3 11 5
0 0 0 1056.9 0 148.2 0 0 0 0 0 382.1 775.8
0 10 4 1 7 6 9
0 1831.3 0 0 387.0 0 63.2 28.4 0 42.1 11.0 0 0
0 8 2
0 0.0 1.1 0.0 0.0 0.0 0.0 0.0 2361.9 0.0 0.0 0.0 0.0
**********2022-05-26 12:33:23**********
44145.913 44173.027 0.061 30.99 88.025 
0 12 3 11 5
0 0 0 1056.9 0 148.2 0 0 0 0 0 382.1 775.8
0 10 4 1 7 6 9
0 1831.3 0 0 387.0 0 63.2 28.4 0 42.1 11.0 0 0
0 8 2
0 0.0 1.1 0.0 0.0 0.0 0.0 0.0 2361.9 0.0 0.0 0.0 0.0
**********2022-05-26 12:33:45**********
44145.925 44173.027 0.061 30.99 110.582 
0 12 3 11 5
0 0 0 1056.9 0 148.2 0 0 0 0 0 382.1 775.8
0 10 4 1 7 6 9
0 1831.3 0 0 387.0 0 63.2 28.4 0 42.1 11.0 0 0
0 8 2
0 0.0 1.1 0.0 0.0 0.0 0.0 0.0 2361.9 0.0 0.0 0.0 0.0
**********2022-05-26 12:34:06**********
44145.937 44173.027 0.061 30.99 131.081 
0 12 3 11 5
0 0 0 1056.9 0 148.2 0 0 0 0 0 382.1 775.8
0 10 4 1 7 6 9
0 1831.3 0 0 387.0 0 63.2 28.4 0 42.1 11.0 0 0
0 8 2
0 0.0 1.1 0.0 0.0 0.0 0.0 0.0 2361.9 0.0 0.0 0.0 0.0
**********2022-05-26 12:34:22**********
44145.945 44173.027 0.061 30.99 147.657 
0 12 3 11 5
0 0 0 1056.9 0 148.2 0 0 0 0 0 382.1 775.8
0 10 4 1 7 6 9
0 1831.3 0 0 387.0 0 63.2 28.4 0 42.1 11.0 0 0
0 8 2
0 0.0 1.1 0.0 0.0 0.0 0.0 0.0 2361.9 0.0 0.0 0.0 0.0
**********2022-05-26 12:34:33**********
44145.945 44173.027 0.061 30.99 157.88 
0 12 3 11 5
0 0 0 1056.9 0 148.2 0 0 0 0 0 382.1 775.8
0 10 4 1 7 6 9
0 1831.3 0 0 387.0 0 63.2 28.4 0 42.1 11.0 0 0
0 8 2
0 0.0 1.1 0.0 0.0 0.0 0.0 0.0 2361.9 0.0 0.0 0.0 0.0
**********2022-05-26 12:34:45**********
44145.982 44173.027 0.061 30.99 170.483 
0 12 3 11 5
0 0 0 1056.9 0 148.2 0 0 0 0 0 382.1 775.8
0 10 4 1 7 6 9
0 1831.3 0 0 387.0 0 63.2 28.4 0 42.1 11.0 0 0
0 8 2
0 0.0 1.1 0.0 0.0 0.0 0.0 0.0 2361.9 0.0 0.0 0.0 0.0
**********2022-05-26 12:34:58**********
44145.995 44173.027 0.061 30.99 183.148 
0 12 3 11 5
0 0 0 1056.9 0 148.2 0 0 0 0 0 382.1 775.8
0 10 4 1 7 6 9
0 1831.3 0 0 387.0 0 63.2 28.4 0 42.1 11.0 0 0
0 8 2
0 0.0 1.1 0.0 0.0 0.0 0.0 0.0 2361.9 0.0 0.0 0.0 0.0
**********2022-05-26 12:35:06**********
44145.999 44173.027 0.061 30.99 191.621 
0 12 3 11 5
0 0 0 1056.9 0 148.2 0 0 0 0 0 382.1 775.8
0 10 4 1 7 6 9
0 1831.3 0 0 387.0 0 63.2 28.4 0 42.1 11.0 0 0
0 8 2
0 0.0 1.1 0.0 0.0 0.0 0.0 0.0 2361.9 0.0 0.0 0.0 0.0
**********2022-05-26 12:35:12**********
44145.999 44173.027 0.061 30.99 197.161 
0 12 3 11 5
0 0 0 1056.9 0 148.2 0 0 0 0 0 382.1 775.8
0 10 4 1 7 6 9
0 1831.3 0 0 387.0 0 63.2 28.4 0 42.1 11.0 0 0
0 8 2
0 0.0 1.1 0.0 0.0 0.0 0.0 0.0 2361.9 0.0 0.0 0.0 0.0
