**********2022-05-25 21:03:54**********
27559.31 27559.527 0.001 16.579 16.579 
0 5 11
0 0 0 0 0 14.6 0 0 0 0 0 1450.4 0
0 4 8 1 2
0 42.4 1361.8 0.0 38.0 0.0 0.0 0.0 22.8 0.0 0.0 0.0 0.0
0 10 12 7 3 6 9
0 0.0 0.0 203.1 0.0 0.0 165.7 111.3 0.0 79.8 781.3 0.0 123.8
**********2024-01-31 01:02:40**********
27559.31 27559.527 0.001 25.75 25.75 
0 10 12 7 3 6 9
0 0.0 0.0 203.1 0.0 0.0 165.7 111.3 0.0 79.8 781.3 0.0 123.8
0 5 11
0 0.0 0.0 0.0 0.0 14.6 0.0 0.0 0.0 -0.0 0.0 1450.4 0.0
0 4 8 1 2
0 42.4 1361.8 0.0 38.0 0.0 0.0 0.0 22.8 0.0 0.0 0.0 0.0
