**********2022-05-25 11:07:22**********
55865.553 55870.012 0.008 40.838 40.838 
0 4 10
0 0 0 0 43.9 0 0 0 0 0 2890.1 0 0
0 12 7 3 2 6 5 9
0 0 97.9 242.6 0 105.4 624.7 71.8 0 1240.2 0 0 551.4
0 1 8 11
0 13.1 0.0 0.0 0.0 0.0 0.0 0.0 0.9 0.0 0.0 2920.0 0.0
**********2024-01-31 01:01:46**********
55865.553 55871.917 0.011 17.677 17.677 
0 4 10 1
0 24.2 0.0 0.0 43.6 0.0 0.0 0.0 0.0 0.0 2866.2 0.0 0.0
0 12 7 3 2 6 5 9
0 0.0 97.9 242.6 0.0 105.4 624.7 71.8 0.0 1240.2 0.0 0.0 551.4
0 8 11
0 0.0 0.0 0.0 0.0 0.0 0.0 0.0 0.9 0.0 0.0 2933.1 0.0
**********2024-01-31 01:01:55**********
55865.553 55871.917 0.011 17.677 26.162 
0 4 10 1
0 24.2 0.0 0.0 43.6 0.0 0.0 0.0 0.0 0.0 2866.2 0.0 0.0
0 12 7 3 2 6 5 9
0 0.0 97.9 242.6 0.0 105.4 624.7 71.8 0.0 1240.2 0.0 0.0 551.4
0 8 11
0 0.0 0.0 0.0 0.0 0.0 0.0 0.0 0.9 0.0 0.0 2933.1 0.0
**********2024-01-31 01:02:01**********
55865.553 55871.917 0.011 17.677 32.837 
0 4 10 1
0 24.2 0.0 0.0 43.6 0.0 0.0 0.0 0.0 0.0 2866.2 0.0 0.0
0 12 7 3 2 6 5 9
0 0.0 97.9 242.6 0.0 105.4 624.7 71.8 0.0 1240.2 0.0 0.0 551.4
0 8 11
0 0.0 0.0 0.0 0.0 0.0 0.0 0.0 0.9 0.0 0.0 2933.1 0.0
**********2024-01-31 01:02:14**********
55865.604 55870.012 0.008 45.715 45.715 
0 1 8 11
0 13.1 0.0 0.0 0.0 0.0 0.0 0.0 0.9 0.0 0.0 2920.0 0.0
0 4 10
0 0.0 0.0 0.0 43.9 0.0 0.0 -0.0 0.0 0.0 2890.1 0.0 0.0
0 12 7 3 2 6 5 9
0 0.0 97.9 242.6 0.0 105.4 624.7 71.8 0.0 1240.2 0.0 0.0 551.4
