**********2022-05-24 23:28:19**********
36227.138 36231.307 0.012 17.991 17.991 
0 4 2
0 0 1832.1 0 25.9 0 0 0 0 0 0 0 0
0 6 12 3 10 8 1 9
0 257.9 0.0 269.6 0.0 0.0 158.7 0.0 121.2 134.6 285.4 0.0 630.6
0 7 5 11
0 0.0 0.0 0.0 0.0 0.8 0.0 2.4 0.0 0.0 0.0 1854.7 0.0
**********2022-05-24 23:28:27**********
36227.36 36231.307 0.011 17.991 25.99 
0 4 2
0 0 1832.1 0 25.9 0 0 0 0 0 0 0 0
0 6 12 3 10 8 1 9
0 257.9 0.0 269.6 0.0 0.0 158.7 0.0 121.2 134.6 285.4 0.0 630.6
0 7 5 11
0 0.0 0.0 0.0 0.0 0.8 0.0 2.4 0.0 0.0 0.0 1854.7 0.0
**********2022-05-24 23:28:40**********
36228.787 36231.307 0.007 17.991 38.923 
0 4 2
0 0 1832.1 0 25.9 0 0 0 0 0 0 0 0
0 6 12 3 10 8 1 9
0 257.9 0.0 269.6 0.0 0.0 158.7 0.0 121.2 134.6 285.4 0.0 630.6
0 7 5 11
0 0.0 0.0 0.0 0.0 0.8 0.0 2.4 0.0 0.0 0.0 1854.7 0.0
**********2024-02-15 00:14:35**********
36227.138 36233.602 0.018 36.857 36.857 1 175.0 
0 6 12 3 10 8 1 9
0 257.9 0.0 269.6 0.0 0.0 158.7 0.0 121.2 134.6 285.4 0.0 630.6
0 4 11
0 0.0 0.0 0.0 10.5 0.0 0.0 0.0 0.0 0.0 0.0 1847.5 0.0
0 5 7 2
0 0.0 1849.9 0.0 0.0 2.1 0.0 6.0 0.0 0.0 0.0 0.0 0.0
**********2024-02-15 00:14:49**********
36227.821 36233.602 0.016 36.857 50.876 3 175.0 
0 6 12 3 10 8 1 9
0 257.9 0.0 269.6 0.0 0.0 158.7 0.0 121.2 134.6 285.4 0.0 630.6
0 4 11
0 0.0 0.0 0.0 10.5 0.0 0.0 0.0 0.0 0.0 0.0 1847.5 0.0
0 5 7 2
0 0.0 1849.9 0.0 0.0 2.1 0.0 6.0 0.0 0.0 0.0 0.0 0.0
**********2024-02-15 00:15:04**********
36229.345 36233.602 0.012 36.857 65.477 5 171.0 
0 6 12 3 10 8 1 9
0 257.9 0.0 269.6 0.0 0.0 158.7 0.0 121.2 134.6 285.4 0.0 630.6
0 4 11
0 0.0 0.0 0.0 10.5 0.0 0.0 0.0 0.0 0.0 0.0 1847.5 0.0
0 5 7 2
0 0.0 1849.9 0.0 0.0 2.1 0.0 6.0 0.0 0.0 0.0 0.0 0.0
**********2024-02-15 00:15:20**********
36229.345 36233.602 0.012 36.857 81.622 7 168.0 
0 6 12 3 10 8 1 9
0 257.9 0.0 269.6 0.0 0.0 158.7 0.0 121.2 134.6 285.4 0.0 630.6
0 4 11
0 0.0 0.0 0.0 10.5 0.0 0.0 0.0 0.0 0.0 0.0 1847.5 0.0
0 5 7 2
0 0.0 1849.9 0.0 0.0 2.1 0.0 6.0 0.0 0.0 0.0 0.0 0.0
**********2024-02-15 00:15:32**********
36230.123 36233.602 0.01 36.857 93.737 9 166.2 
0 6 12 3 10 8 1 9
0 257.9 0.0 269.6 0.0 0.0 158.7 0.0 121.2 134.6 285.4 0.0 630.6
0 4 11
0 0.0 0.0 0.0 10.5 0.0 0.0 0.0 0.0 0.0 0.0 1847.5 0.0
0 5 7 2
0 0.0 1849.9 0.0 0.0 2.1 0.0 6.0 0.0 0.0 0.0 0.0 0.0
**********2024-02-15 00:15:46**********
36230.123 36232.862 0.008 107.314 107.314 11 161.167 
0 6 12 3 10 8 1 9
0 257.9 0.0 269.6 0.0 0.0 158.7 0.0 121.2 134.6 285.4 0.0 630.6
0 4 11
0 0.0 0.0 0.0 10.5 0.0 0.0 0.0 0.0 0.0 0.0 1847.5 0.0
0 5 7 2
0 0.0 1849.9 0.0 0.0 2.1 0.0 6.0 0.0 0.0 0.0 0.0 0.0
0 7 5 11
0 0.0 0.0 0.0 0.0 0.8 0.0 2.4 0.0 0.0 0.0 1854.7 0.0
0 6 12 9 3 10 1 8
0 257.9 0.0 269.6 0.0 0.0 158.7 0.0 121.2 134.6 285.4 0.0 630.6
0 4 2
0 0.0 1832.1 0.0 25.9 -0.0 0.0 0.0 0.0 -0.0 0.0 0.0 0.0
