**********2022-05-30 21:21:59**********
27865.849 27872.182 0.023 13.544 13.544 
0 10 2
0 0 0.7 0 0 0 0 0 0 0 23797.8 0 0
0 3 9 1 8 7 6
0 2989.9 0.0 10169.5 0.0 0.0 5580.0 194.6 2522.9 2511.0 0.0 0.0 0.0
0 4 12 5 11
0 0.0 0.0 0.0 3442.1 1484.8 0.0 0.0 0.0 0.0 0.0 9533.1 2689.5
**********2022-05-30 21:22:14**********
27866.287 27872.182 0.021 13.544 28.583 
0 10 2
0 0 0.7 0 0 0 0 0 0 0 23797.8 0 0
0 3 9 1 8 7 6
0 2989.9 0.0 10169.5 0.0 0.0 5580.0 194.6 2522.9 2511.0 0.0 0.0 0.0
0 4 12 5 11
0 0.0 0.0 0.0 3442.1 1484.8 0.0 0.0 0.0 0.0 0.0 9533.1 2689.5
**********2022-05-30 21:22:29**********
27866.525 27872.182 0.02 13.544 43.548 
0 10 2
0 0 0.7 0 0 0 0 0 0 0 23797.8 0 0
0 3 9 1 8 7 6
0 2989.9 0.0 10169.5 0.0 0.0 5580.0 194.6 2522.9 2511.0 0.0 0.0 0.0
0 4 12 5 11
0 0.0 0.0 0.0 3442.1 1484.8 0.0 0.0 0.0 0.0 0.0 9533.1 2689.5
**********2022-05-30 21:22:40**********
27866.525 27872.182 0.02 13.544 54.52 
0 10 2
0 0 0.7 0 0 0 0 0 0 0 23797.8 0 0
0 3 9 1 8 7 6
0 2989.9 0.0 10169.5 0.0 0.0 5580.0 194.6 2522.9 2511.0 0.0 0.0 0.0
0 4 12 5 11
0 0.0 0.0 0.0 3442.1 1484.8 0.0 0.0 0.0 0.0 0.0 9533.1 2689.5
**********2022-05-30 21:22:48**********
27866.525 27872.182 0.02 13.544 62.428 
0 10 2
0 0 0.7 0 0 0 0 0 0 0 23797.8 0 0
0 3 9 1 8 7 6
0 2989.9 0.0 10169.5 0.0 0.0 5580.0 194.6 2522.9 2511.0 0.0 0.0 0.0
0 4 12 5 11
0 0.0 0.0 0.0 3442.1 1484.8 0.0 0.0 0.0 0.0 0.0 9533.1 2689.5
**********2022-05-30 21:22:59**********
27866.525 27870.638 0.015 73.024 73.024 
0 2 10
0 0 0.7 0 0 0 0 0 0 0 23797.8 0 0
0 4 12 5 11
0 0.0 0.0 0.0 3442.1 1484.8 0.0 0.0 0.0 0.0 0.0 9533.1 2689.5
0 3 6 7 9 1 8
0 2989.9 0.0 10169.5 0.0 0.0 5580.0 194.6 2522.9 2511.0 0.0 0.0 0.0
**********2022-05-30 21:23:07**********
27866.585 27867.64 0.004 81.172 81.172 
0 2 10
0 0 0.7 0 0 0 0 0 0 0 23797.8 0 0
0 3 9 1 8 7 6
0 2989.9 0.0 10169.5 0.0 0.0 5580.0 194.6 2522.9 2511.0 0.0 0.0 0.0
0 4 12 5 11
0 0.0 0.0 0.0 3442.1 1484.8 0.0 0.0 0.0 0.0 0.0 9533.1 2689.5
**********2024-02-16 00:58:48**********
27865.849 27895.406 0.106 21.09 21.09 1 154.0 
0 3 6 8 4
0 0 0 10169.5 3442.1 0 5580.0 0 2522.9 0 0 0 0
0 7 11 5 12 9 1
0 2989.9 0 0 0 1484.8 0 194.6 0 2511.0 0 9533.1 2689.5
0 10 2
0 0 0.7 0 0 0 0 0 0 0 23797.8 0 0
**********2024-02-16 00:59:02**********
27866.287 27890.046 0.085 35.328 35.328 3 154.0 
0 3 8 11
0 0 0 10169.5 0 0 0 0 2522.9 0 0 9533.1 0
0 4 6 1 9 12 7 2
0 2989.9 0.7 0 3442.1 0 5580.0 194.6 0 2511.0 0 0 2689.5
0 10 5
0 0 0 0 0 1484.8 0 0 0 0 23797.8 0 0
**********2024-02-16 00:59:20**********
27866.525 27872.182 0.02 52.77 52.77 5 156.667 
0 10 2
0 0 0.7 0 0 0 0 0 0 0 23797.8 0 0
0 3 9 1 8 7 6
0 2989.9 0.0 10169.5 0.0 0.0 5580.0 194.6 2522.9 2511.0 0.0 0.0 0.0
0 4 12 5 11
0 0.0 0.0 0.0 3442.1 1484.8 0.0 0.0 0.0 0.0 0.0 9533.1 2689.5
**********2024-02-16 00:59:28**********
27866.525 27872.182 0.02 52.77 61.252 7 152.75 
0 10 2
0 0 0.7 0 0 0 0 0 0 0 23797.8 0 0
0 3 9 1 8 7 6
0 2989.9 0.0 10169.5 0.0 0.0 5580.0 194.6 2522.9 2511.0 0.0 0.0 0.0
0 4 12 5 11
0 0.0 0.0 0.0 3442.1 1484.8 0.0 0.0 0.0 0.0 0.0 9533.1 2689.5
**********2024-02-16 00:59:38**********
27866.589 27872.182 0.02 52.77 70.938 9 150.8 
0 10 2
0 0 0.7 0 0 0 0 0 0 0 23797.8 0 0
0 3 9 1 8 7 6
0 2989.9 0.0 10169.5 0.0 0.0 5580.0 194.6 2522.9 2511.0 0.0 0.0 0.0
0 4 12 5 11
0 0.0 0.0 0.0 3442.1 1484.8 0.0 0.0 0.0 0.0 0.0 9533.1 2689.5
**********2024-02-16 01:00:05**********
27866.589 27869.154 0.009 97.729 97.729 11 154.333 
0 5 10
0 0.0 0.0 0.0 0.0 1484.8 0.0 0.0 0.0 0.0 23797.8 0.0 0.0
0 4 12 6 11
0 0.0 0.0 0.0 3442.1 0.0 5580.0 0.0 0.0 0.0 0.0 9533.1 2689.5
0 3 9 1 8 7 2
0 2989.9 0.7 10169.5 0.0 0.0 0.0 194.6 2522.9 2511.0 0.0 0.0 0.0
