**********2022-06-13 20:10:05**********
34270.9 34326.009 0.161 33.474 33.474 
0 5 11
0 0.0 0.0 0.0 0.0 4.0 0.0 -0.0 0.0 0.0 0.0 1819.0 0.0
0 12 9 6 2 3 1
0 176.2 39.0 443.2 0 0 431.9 0 0 109.6 0 0 623.1
0 10 4 8 7
0 0.0 0.0 0.0 17.7 0.0 0.0 369.6 0.2 0.0 1435.5 0.0 0.0
**********2022-06-13 20:10:16**********
34270.901 34319.829 0.143 44.787 44.787 
0 5 11
0 0.0 0.0 0.0 0.0 4.0 0.0 -0.0 0.0 0.0 0.0 1819.0 0.0
0 12 9 3 1 6
0 180.1 0.0 452.9 0.0 0.0 441.3 0.0 0.0 112.0 0.0 0.0 636.7
0 10 8 2 4 7
0 0 39.7 0 17.3 0 0 361.6 0.2 0 1404.3 0 0
**********2022-06-13 20:10:29**********
34270.902 34299.043 0.082 57.375 57.375 
0 5 11
0 0.0 0.0 0.0 0.0 4.0 0.0 -0.0 0.0 0.0 0.0 1819.0 0.0
0 12 9 3 1 6
0 180.1 0.0 452.9 0.0 0.0 441.3 0.0 0.0 112.0 0.0 0.0 636.7
0 8 10 2 7 4
0 0 39.7 0 17.3 0 0 361.6 0.2 0 1404.3 0 0
**********2022-06-13 20:10:44**********
34270.918 34299.043 0.082 57.375 72.723 
0 5 11
0 0.0 0.0 0.0 0.0 4.0 0.0 -0.0 0.0 0.0 0.0 1819.0 0.0
0 12 9 3 1 6
0 180.1 0.0 452.9 0.0 0.0 441.3 0.0 0.0 112.0 0.0 0.0 636.7
0 8 10 2 7 4
0 0 39.7 0 17.3 0 0 361.6 0.2 0 1404.3 0 0
**********2022-06-13 20:10:55**********
34270.918 34299.043 0.082 57.375 83.563 
0 5 11
0 0.0 0.0 0.0 0.0 4.0 0.0 -0.0 0.0 0.0 0.0 1819.0 0.0
0 12 9 3 1 6
0 180.1 0.0 452.9 0.0 0.0 441.3 0.0 0.0 112.0 0.0 0.0 636.7
0 8 10 2 7 4
0 0 39.7 0 17.3 0 0 361.6 0.2 0 1404.3 0 0
**********2022-06-13 20:11:06**********
34270.919 34299.043 0.082 57.375 94.395 
0 5 11
0 0.0 0.0 0.0 0.0 4.0 0.0 -0.0 0.0 0.0 0.0 1819.0 0.0
0 12 9 3 1 6
0 180.1 0.0 452.9 0.0 0.0 441.3 0.0 0.0 112.0 0.0 0.0 636.7
0 8 10 2 7 4
0 0 39.7 0 17.3 0 0 361.6 0.2 0 1404.3 0 0
**********2022-06-13 20:11:15**********
34270.923 34299.043 0.082 57.375 103.666 
0 5 11
0 0.0 0.0 0.0 0.0 4.0 0.0 -0.0 0.0 0.0 0.0 1819.0 0.0
0 12 9 3 1 6
0 180.1 0.0 452.9 0.0 0.0 441.3 0.0 0.0 112.0 0.0 0.0 636.7
0 8 10 2 7 4
0 0 39.7 0 17.3 0 0 361.6 0.2 0 1404.3 0 0
**********2022-06-13 20:11:25**********
34270.927 34286.548 0.046 113.196 113.196 
0 5 11
0 0.0 0.0 0.0 0.0 4.0 0.0 0.0 0.0 0.0 0.0 1819.0 0.0
0 2 8 10 7 4
0 0 39.7 0 17.3 0 0 361.6 0.2 0 1404.3 0 0
0 12 3 1 9 6
0 180.1 -0.0 452.9 0.0 0.0 441.3 0.0 0.0 112.0 0.0 0.0 636.7
**********2022-06-13 20:11:35**********
34270.929 34285.0 0.041 123.07 123.07 
0 5 11
0 0.0 0.0 0.0 0.0 4.0 0.0 -0.0 0.0 0.0 0.0 1819.0 0.0
0 12 9 3 1 6
0 180.1 0.0 452.9 0.0 0.0 441.3 0.0 0.0 112.0 0.0 0.0 636.7
0 2 8 10 7 4
0 0 39.7 0 17.3 0 0 361.6 0.2 0 1404.3 0 0
**********2022-06-13 20:11:42**********
34270.93 34285.0 0.041 123.07 130.564 
0 5 11
0 0.0 0.0 0.0 0.0 4.0 0.0 -0.0 0.0 0.0 0.0 1819.0 0.0
0 12 9 3 1 6
0 180.1 0.0 452.9 0.0 0.0 441.3 0.0 0.0 112.0 0.0 0.0 636.7
0 2 8 10 7 4
0 0 39.7 0 17.3 0 0 361.6 0.2 0 1404.3 0 0
**********2022-06-13 20:11:50**********
34270.931 34285.0 0.041 123.07 138.487 
0 5 11
0 0.0 0.0 0.0 0.0 4.0 0.0 -0.0 0.0 0.0 0.0 1819.0 0.0
0 12 9 3 1 6
0 180.1 0.0 452.9 0.0 0.0 441.3 0.0 0.0 112.0 0.0 0.0 636.7
0 2 8 10 7 4
0 0 39.7 0 17.3 0 0 361.6 0.2 0 1404.3 0 0
**********2022-06-13 20:12:00**********
34270.931 34285.0 0.041 123.07 148.069 
0 5 11
0 0.0 0.0 0.0 0.0 4.0 0.0 -0.0 0.0 0.0 0.0 1819.0 0.0
0 12 9 3 1 6
0 180.1 0.0 452.9 0.0 0.0 441.3 0.0 0.0 112.0 0.0 0.0 636.7
0 2 8 10 7 4
0 0 39.7 0 17.3 0 0 361.6 0.2 0 1404.3 0 0
**********2022-06-13 20:12:13**********
34270.934 34285.0 0.041 123.07 161.276 
0 5 11
0 0.0 0.0 0.0 0.0 4.0 0.0 -0.0 0.0 0.0 0.0 1819.0 0.0
0 12 9 3 1 6
0 180.1 0.0 452.9 0.0 0.0 441.3 0.0 0.0 112.0 0.0 0.0 636.7
0 2 8 10 7 4
0 0 39.7 0 17.3 0 0 361.6 0.2 0 1404.3 0 0
**********2022-06-13 20:12:21**********
34270.935 34285.0 0.041 123.07 169.081 
0 5 11
0 0.0 0.0 0.0 0.0 4.0 0.0 -0.0 0.0 0.0 0.0 1819.0 0.0
0 12 9 3 1 6
0 180.1 0.0 452.9 0.0 0.0 441.3 0.0 0.0 112.0 0.0 0.0 636.7
0 2 8 10 7 4
0 0 39.7 0 17.3 0 0 361.6 0.2 0 1404.3 0 0
**********2022-06-13 20:12:27**********
34270.936 34285.0 0.041 123.07 175.91 
0 5 11
0 0.0 0.0 0.0 0.0 4.0 0.0 -0.0 0.0 0.0 0.0 1819.0 0.0
0 12 9 3 1 6
0 180.1 0.0 452.9 0.0 0.0 441.3 0.0 0.0 112.0 0.0 0.0 636.7
0 2 8 10 7 4
0 0 39.7 0 17.3 0 0 361.6 0.2 0 1404.3 0 0
**********2022-06-13 20:13:17**********
74871.798 74871.798 0.0 38.89 38.891 
0 4 10
0 0.0 0.0 0.0 13.4 0.0 0.0 0.0 0.0 0.0 3939.6 0.0 0.0
0 1 8 11
0 20.7 0.0 0.0 0.0 0.0 0.0 0.0 50.6 0.0 0.0 3881.7 0.0
0 12 7 3 2 6 5 9
0 0.0 732.8 548.3 0.0 88.6 744.3 70.3 0.0 1364.0 0.0 0.0 404.5
**********2022-06-13 20:14:52**********
74871.798 74871.798 0.0 46.913 46.914 
0 1 8 11
0 20.7 0.0 0.0 0.0 0.0 0.0 0.0 50.6 0.0 0.0 3881.7 0.0
0 4 10
0 0.0 0.0 0.0 13.4 0.0 0.0 0.0 0.0 0.0 3939.6 0.0 0.0
0 12 7 3 2 6 5 9
0 0.0 732.8 548.3 0.0 88.6 744.3 70.3 0.0 1364.0 0.0 0.0 404.5
**********2024-02-15 04:14:28**********
74871.798 74871.798 -0.0 32.203 32.203 1 286.0 
0 4 10
0 0.0 0.0 0.0 13.4 0.0 0.0 0.0 0.0 0.0 3939.6 0.0 0.0
0 1 8 11
0 20.7 0.0 0.0 0.0 0.0 0.0 0.0 50.6 0.0 0.0 3881.7 0.0
0 12 7 3 2 6 5 9
0 0.0 732.8 548.3 0.0 88.6 744.3 70.3 0.0 1364.0 0.0 0.0 404.5
