**********2022-05-23 23:09:02**********
33038.166 33077.685 0.119 15.365 15.365 
0 3 10
0 0 0 2908.5 0 0 0 0 0 0 2996.5 0 0
0 4 12 5 11
0 0.0 0.0 0.0 2574.4 665.3 0.0 0.0 0.0 0.0 0.0 2002.5 662.8
0 6 7 8 1 9 2
0 1001.5 0.0 0.0 0.0 0.0 2048.3 1027.0 1066.7 761.5 0.0 0.0 0.0
**********2022-05-23 23:09:10**********
33038.166 33077.685 0.119 15.365 23.502 
0 3 10
0 0 0 2908.5 0 0 0 0 0 0 2996.5 0 0
0 4 12 5 11
0 0.0 0.0 0.0 2574.4 665.3 0.0 0.0 0.0 0.0 0.0 2002.5 662.8
0 6 7 8 1 9 2
0 1001.5 0.0 0.0 0.0 0.0 2048.3 1027.0 1066.7 761.5 0.0 0.0 0.0
**********2022-05-23 23:09:16**********
33038.166 33077.685 0.119 15.365 29.783 
0 3 10
0 0 0 2908.5 0 0 0 0 0 0 2996.5 0 0
0 4 12 5 11
0 0.0 0.0 0.0 2574.4 665.3 0.0 0.0 0.0 0.0 0.0 2002.5 662.8
0 6 7 8 1 9 2
0 1001.5 0.0 0.0 0.0 0.0 2048.3 1027.0 1066.7 761.5 0.0 0.0 0.0
**********2022-05-23 23:09:21**********
33038.167 33077.685 0.119 15.365 34.559 
0 3 10
0 0 0 2908.5 0 0 0 0 0 0 2996.5 0 0
0 4 12 5 11
0 0.0 0.0 0.0 2574.4 665.3 0.0 0.0 0.0 0.0 0.0 2002.5 662.8
0 6 7 8 1 9 2
0 1001.5 0.0 0.0 0.0 0.0 2048.3 1027.0 1066.7 761.5 0.0 0.0 0.0
**********2022-05-23 23:09:28**********
33038.167 33077.685 0.119 15.365 41.945 
0 3 10
0 0 0 2908.5 0 0 0 0 0 0 2996.5 0 0
0 4 12 5 11
0 0.0 0.0 0.0 2574.4 665.3 0.0 0.0 0.0 0.0 0.0 2002.5 662.8
0 6 7 8 1 9 2
0 1001.5 0.0 0.0 0.0 0.0 2048.3 1027.0 1066.7 761.5 0.0 0.0 0.0
**********2022-05-23 23:09:36**********
33038.202 33077.685 0.119 15.365 49.602 
0 3 10
0 0 0 2908.5 0 0 0 0 0 0 2996.5 0 0
0 4 12 5 11
0 0.0 0.0 0.0 2574.4 665.3 0.0 0.0 0.0 0.0 0.0 2002.5 662.8
0 6 7 8 1 9 2
0 1001.5 0.0 0.0 0.0 0.0 2048.3 1027.0 1066.7 761.5 0.0 0.0 0.0
**********2022-05-23 23:09:42**********
33039.13 33077.675 0.117 56.114 56.115 
0 3 10
0 0 0 2908.5 0 0 0 0 0 0 2996.5 0 0
0 4 12 5 11
0 0.0 0.0 0.0 2574.4 665.3 0.0 0.0 0.0 0.0 0.0 2002.5 662.8
0 6 7 8 1 9 2
0 1001.5 0.0 0.0 0.0 0.0 2048.3 1027.0 1066.7 761.5 0.0 0.0 0.0
**********2022-05-23 23:09:48**********
33039.743 33077.675 0.115 56.114 61.472 
0 3 10
0 0 0 2908.5 0 0 0 0 0 0 2996.5 0 0
0 4 12 5 11
0 0.0 0.0 0.0 2574.4 665.3 0.0 0.0 0.0 0.0 0.0 2002.5 662.8
0 6 7 8 1 9 2
0 1001.5 0.0 0.0 0.0 0.0 2048.3 1027.0 1066.7 761.5 0.0 0.0 0.0
**********2022-05-23 23:09:55**********
33039.743 33077.675 0.115 56.114 68.384 
0 3 10
0 0 0 2908.5 0 0 0 0 0 0 2996.5 0 0
0 4 12 5 11
0 0.0 0.0 0.0 2574.4 665.3 0.0 0.0 0.0 0.0 0.0 2002.5 662.8
0 6 7 8 1 9 2
0 1001.5 0.0 0.0 0.0 0.0 2048.3 1027.0 1066.7 761.5 0.0 0.0 0.0
**********2022-05-23 23:10:00**********
33039.743 33077.675 0.115 56.114 73.872 
0 3 10
0 0 0 2908.5 0 0 0 0 0 0 2996.5 0 0
0 4 12 5 11
0 0.0 0.0 0.0 2574.4 665.3 0.0 0.0 0.0 0.0 0.0 2002.5 662.8
0 6 7 8 1 9 2
0 1001.5 0.0 0.0 0.0 0.0 2048.3 1027.0 1066.7 761.5 0.0 0.0 0.0
**********2022-05-23 23:10:05**********
33039.743 33077.675 0.115 56.114 79.128 
0 3 10
0 0 0 2908.5 0 0 0 0 0 0 2996.5 0 0
0 4 12 5 11
0 0.0 0.0 0.0 2574.4 665.3 0.0 0.0 0.0 0.0 0.0 2002.5 662.8
0 6 7 8 1 9 2
0 1001.5 0.0 0.0 0.0 0.0 2048.3 1027.0 1066.7 761.5 0.0 0.0 0.0
**********2022-05-23 23:10:10**********
33039.986 33077.675 0.114 56.114 84.266 
0 3 10
0 0 0 2908.5 0 0 0 0 0 0 2996.5 0 0
0 4 12 5 11
0 0.0 0.0 0.0 2574.4 665.3 0.0 0.0 0.0 0.0 0.0 2002.5 662.8
0 6 7 8 1 9 2
0 1001.5 0.0 0.0 0.0 0.0 2048.3 1027.0 1066.7 761.5 0.0 0.0 0.0
**********2022-05-23 23:10:16**********
33040.471 33077.675 0.112 56.114 89.644 
0 3 10
0 0 0 2908.5 0 0 0 0 0 0 2996.5 0 0
0 4 12 5 11
0 0.0 0.0 0.0 2574.4 665.3 0.0 0.0 0.0 0.0 0.0 2002.5 662.8
0 6 7 8 1 9 2
0 1001.5 0.0 0.0 0.0 0.0 2048.3 1027.0 1066.7 761.5 0.0 0.0 0.0
**********2022-05-23 23:10:23**********
33040.471 33077.675 0.112 56.114 96.366 
0 3 10
0 0 0 2908.5 0 0 0 0 0 0 2996.5 0 0
0 4 12 5 11
0 0.0 0.0 0.0 2574.4 665.3 0.0 0.0 0.0 0.0 0.0 2002.5 662.8
0 6 7 8 1 9 2
0 1001.5 0.0 0.0 0.0 0.0 2048.3 1027.0 1066.7 761.5 0.0 0.0 0.0
**********2022-05-23 23:10:29**********
33040.471 33077.675 0.112 56.114 102.718 
0 3 10
0 0 0 2908.5 0 0 0 0 0 0 2996.5 0 0
0 4 12 5 11
0 0.0 0.0 0.0 2574.4 665.3 0.0 0.0 0.0 0.0 0.0 2002.5 662.8
0 6 7 8 1 9 2
0 1001.5 0.0 0.0 0.0 0.0 2048.3 1027.0 1066.7 761.5 0.0 0.0 0.0
**********2022-05-23 23:10:35**********
33040.471 33077.675 0.112 56.114 108.584 
0 3 10
0 0 0 2908.5 0 0 0 0 0 0 2996.5 0 0
0 4 12 5 11
0 0.0 0.0 0.0 2574.4 665.3 0.0 0.0 0.0 0.0 0.0 2002.5 662.8
0 6 7 8 1 9 2
0 1001.5 0.0 0.0 0.0 0.0 2048.3 1027.0 1066.7 761.5 0.0 0.0 0.0
**********2022-05-23 23:10:41**********
33040.471 33077.675 0.112 56.114 114.653 
0 3 10
0 0 0 2908.5 0 0 0 0 0 0 2996.5 0 0
0 4 12 5 11
0 0.0 0.0 0.0 2574.4 665.3 0.0 0.0 0.0 0.0 0.0 2002.5 662.8
0 6 7 8 1 9 2
0 1001.5 0.0 0.0 0.0 0.0 2048.3 1027.0 1066.7 761.5 0.0 0.0 0.0
**********2022-05-23 23:10:46**********
33040.517 33077.675 0.112 56.114 119.692 
0 3 10
0 0 0 2908.5 0 0 0 0 0 0 2996.5 0 0
0 4 12 5 11
0 0.0 0.0 0.0 2574.4 665.3 0.0 0.0 0.0 0.0 0.0 2002.5 662.8
0 6 7 8 1 9 2
0 1001.5 0.0 0.0 0.0 0.0 2048.3 1027.0 1066.7 761.5 0.0 0.0 0.0
**********2022-05-23 23:10:52**********
33040.517 33077.675 0.112 56.114 126.171 
0 3 10
0 0 0 2908.5 0 0 0 0 0 0 2996.5 0 0
0 4 12 5 11
0 0.0 0.0 0.0 2574.4 665.3 0.0 0.0 0.0 0.0 0.0 2002.5 662.8
0 6 7 8 1 9 2
0 1001.5 0.0 0.0 0.0 0.0 2048.3 1027.0 1066.7 761.5 0.0 0.0 0.0
**********2022-05-23 23:10:59**********
33040.517 33077.675 0.112 56.114 133.118 
0 3 10
0 0 0 2908.5 0 0 0 0 0 0 2996.5 0 0
0 4 12 5 11
0 0.0 0.0 0.0 2574.4 665.3 0.0 0.0 0.0 0.0 0.0 2002.5 662.8
0 6 7 8 1 9 2
0 1001.5 0.0 0.0 0.0 0.0 2048.3 1027.0 1066.7 761.5 0.0 0.0 0.0
**********2022-05-23 23:11:05**********
33040.517 33077.675 0.112 56.114 138.766 
0 3 10
0 0 0 2908.5 0 0 0 0 0 0 2996.5 0 0
0 4 12 5 11
0 0.0 0.0 0.0 2574.4 665.3 0.0 0.0 0.0 0.0 0.0 2002.5 662.8
0 6 7 8 1 9 2
0 1001.5 0.0 0.0 0.0 0.0 2048.3 1027.0 1066.7 761.5 0.0 0.0 0.0
**********2022-05-23 23:11:10**********
33040.549 33077.675 0.112 56.114 144.304 
0 3 10
0 0 0 2908.5 0 0 0 0 0 0 2996.5 0 0
0 4 12 5 11
0 0.0 0.0 0.0 2574.4 665.3 0.0 0.0 0.0 0.0 0.0 2002.5 662.8
0 6 7 8 1 9 2
0 1001.5 0.0 0.0 0.0 0.0 2048.3 1027.0 1066.7 761.5 0.0 0.0 0.0
**********2022-05-23 23:11:16**********
33040.672 33077.675 0.112 56.114 149.477 
0 3 10
0 0 0 2908.5 0 0 0 0 0 0 2996.5 0 0
0 4 12 5 11
0 0.0 0.0 0.0 2574.4 665.3 0.0 0.0 0.0 0.0 0.0 2002.5 662.8
0 6 7 8 1 9 2
0 1001.5 0.0 0.0 0.0 0.0 2048.3 1027.0 1066.7 761.5 0.0 0.0 0.0
**********2022-05-23 23:11:20**********
33040.798 33077.675 0.111 56.114 154.05 
0 3 10
0 0 0 2908.5 0 0 0 0 0 0 2996.5 0 0
0 4 12 5 11
0 0.0 0.0 0.0 2574.4 665.3 0.0 0.0 0.0 0.0 0.0 2002.5 662.8
0 6 7 8 1 9 2
0 1001.5 0.0 0.0 0.0 0.0 2048.3 1027.0 1066.7 761.5 0.0 0.0 0.0
**********2022-05-23 23:11:26**********
33040.891 33077.675 0.111 56.114 159.374 
0 3 10
0 0 0 2908.5 0 0 0 0 0 0 2996.5 0 0
0 4 12 5 11
0 0.0 0.0 0.0 2574.4 665.3 0.0 0.0 0.0 0.0 0.0 2002.5 662.8
0 6 7 8 1 9 2
0 1001.5 0.0 0.0 0.0 0.0 2048.3 1027.0 1066.7 761.5 0.0 0.0 0.0
**********2022-05-23 23:11:31**********
33041.419 33077.675 0.11 56.114 164.711 
0 3 10
0 0 0 2908.5 0 0 0 0 0 0 2996.5 0 0
0 4 12 5 11
0 0.0 0.0 0.0 2574.4 665.3 0.0 0.0 0.0 0.0 0.0 2002.5 662.8
0 6 7 8 1 9 2
0 1001.5 0.0 0.0 0.0 0.0 2048.3 1027.0 1066.7 761.5 0.0 0.0 0.0
**********2022-05-23 23:11:36**********
33041.419 33077.675 0.11 56.114 169.729 
0 3 10
0 0 0 2908.5 0 0 0 0 0 0 2996.5 0 0
0 4 12 5 11
0 0.0 0.0 0.0 2574.4 665.3 0.0 0.0 0.0 0.0 0.0 2002.5 662.8
0 6 7 8 1 9 2
0 1001.5 0.0 0.0 0.0 0.0 2048.3 1027.0 1066.7 761.5 0.0 0.0 0.0
**********2022-05-23 23:11:41**********
33041.694 33077.675 0.109 56.114 174.605 
0 3 10
0 0 0 2908.5 0 0 0 0 0 0 2996.5 0 0
0 4 12 5 11
0 0.0 0.0 0.0 2574.4 665.3 0.0 0.0 0.0 0.0 0.0 2002.5 662.8
0 6 7 8 1 9 2
0 1001.5 0.0 0.0 0.0 0.0 2048.3 1027.0 1066.7 761.5 0.0 0.0 0.0
**********2022-05-23 23:11:45**********
33041.694 33077.675 0.109 56.114 179.324 
0 3 10
0 0 0 2908.5 0 0 0 0 0 0 2996.5 0 0
0 4 12 5 11
0 0.0 0.0 0.0 2574.4 665.3 0.0 0.0 0.0 0.0 0.0 2002.5 662.8
0 6 7 8 1 9 2
0 1001.5 0.0 0.0 0.0 0.0 2048.3 1027.0 1066.7 761.5 0.0 0.0 0.0
**********2022-05-23 23:11:49**********
33041.705 33077.675 0.109 56.114 183.182 
0 3 10
0 0 0 2908.5 0 0 0 0 0 0 2996.5 0 0
0 4 12 5 11
0 0.0 0.0 0.0 2574.4 665.3 0.0 0.0 0.0 0.0 0.0 2002.5 662.8
0 6 7 8 1 9 2
0 1001.5 0.0 0.0 0.0 0.0 2048.3 1027.0 1066.7 761.5 0.0 0.0 0.0
**********2022-05-23 23:11:53**********
33041.713 33077.675 0.109 56.114 186.926 
0 3 10
0 0 0 2908.5 0 0 0 0 0 0 2996.5 0 0
0 4 12 5 11
0 0.0 0.0 0.0 2574.4 665.3 0.0 0.0 0.0 0.0 0.0 2002.5 662.8
0 6 7 8 1 9 2
0 1001.5 0.0 0.0 0.0 0.0 2048.3 1027.0 1066.7 761.5 0.0 0.0 0.0
**********2022-05-23 23:11:58**********
33041.713 33077.675 0.109 56.114 191.628 
0 3 10
0 0 0 2908.5 0 0 0 0 0 0 2996.5 0 0
0 4 12 5 11
0 0.0 0.0 0.0 2574.4 665.3 0.0 0.0 0.0 0.0 0.0 2002.5 662.8
0 6 7 8 1 9 2
0 1001.5 0.0 0.0 0.0 0.0 2048.3 1027.0 1066.7 761.5 0.0 0.0 0.0
**********2022-05-23 23:12:03**********
33041.713 33077.675 0.109 56.114 196.495 
0 3 10
0 0 0 2908.5 0 0 0 0 0 0 2996.5 0 0
0 4 12 5 11
0 0.0 0.0 0.0 2574.4 665.3 0.0 0.0 0.0 0.0 0.0 2002.5 662.8
0 6 7 8 1 9 2
0 1001.5 0.0 0.0 0.0 0.0 2048.3 1027.0 1066.7 761.5 0.0 0.0 0.0
**********2022-05-23 23:12:06**********
33041.713 33077.675 0.109 56.114 200.249 
0 3 10
0 0 0 2908.5 0 0 0 0 0 0 2996.5 0 0
0 4 12 5 11
0 0.0 0.0 0.0 2574.4 665.3 0.0 0.0 0.0 0.0 0.0 2002.5 662.8
0 6 7 8 1 9 2
0 1001.5 0.0 0.0 0.0 0.0 2048.3 1027.0 1066.7 761.5 0.0 0.0 0.0
**********2022-05-23 23:12:12**********
33041.991 33077.675 0.108 56.114 206.033 
0 3 10
0 0 0 2908.5 0 0 0 0 0 0 2996.5 0 0
0 4 12 5 11
0 0.0 0.0 0.0 2574.4 665.3 0.0 0.0 0.0 0.0 0.0 2002.5 662.8
0 6 7 8 1 9 2
0 1001.5 0.0 0.0 0.0 0.0 2048.3 1027.0 1066.7 761.5 0.0 0.0 0.0
**********2022-05-23 23:12:16**********
33041.992 33077.675 0.108 56.114 209.608 
0 3 10
0 0 0 2908.5 0 0 0 0 0 0 2996.5 0 0
0 4 12 5 11
0 0.0 0.0 0.0 2574.4 665.3 0.0 0.0 0.0 0.0 0.0 2002.5 662.8
0 6 7 8 1 9 2
0 1001.5 0.0 0.0 0.0 0.0 2048.3 1027.0 1066.7 761.5 0.0 0.0 0.0
**********2022-05-23 23:12:20**********
33041.992 33077.675 0.108 56.114 213.406 
0 3 10
0 0 0 2908.5 0 0 0 0 0 0 2996.5 0 0
0 4 12 5 11
0 0.0 0.0 0.0 2574.4 665.3 0.0 0.0 0.0 0.0 0.0 2002.5 662.8
0 6 7 8 1 9 2
0 1001.5 0.0 0.0 0.0 0.0 2048.3 1027.0 1066.7 761.5 0.0 0.0 0.0
**********2022-05-23 23:12:23**********
33041.992 33077.675 0.108 56.114 217.111 
0 3 10
0 0 0 2908.5 0 0 0 0 0 0 2996.5 0 0
0 4 12 5 11
0 0.0 0.0 0.0 2574.4 665.3 0.0 0.0 0.0 0.0 0.0 2002.5 662.8
0 6 7 8 1 9 2
0 1001.5 0.0 0.0 0.0 0.0 2048.3 1027.0 1066.7 761.5 0.0 0.0 0.0
**********2022-05-23 23:12:27**********
33042.29 33077.675 0.107 56.114 220.987 
0 3 10
0 0 0 2908.5 0 0 0 0 0 0 2996.5 0 0
0 4 12 5 11
0 0.0 0.0 0.0 2574.4 665.3 0.0 0.0 0.0 0.0 0.0 2002.5 662.8
0 6 7 8 1 9 2
0 1001.5 0.0 0.0 0.0 0.0 2048.3 1027.0 1066.7 761.5 0.0 0.0 0.0
**********2022-05-23 23:12:31**********
33042.513 33077.675 0.106 56.114 224.547 
0 3 10
0 0 0 2908.5 0 0 0 0 0 0 2996.5 0 0
0 4 12 5 11
0 0.0 0.0 0.0 2574.4 665.3 0.0 0.0 0.0 0.0 0.0 2002.5 662.8
0 6 7 8 1 9 2
0 1001.5 0.0 0.0 0.0 0.0 2048.3 1027.0 1066.7 761.5 0.0 0.0 0.0
**********2022-05-23 23:12:36**********
33042.513 33077.675 0.106 56.114 229.765 
0 3 10
0 0 0 2908.5 0 0 0 0 0 0 2996.5 0 0
0 4 12 5 11
0 0.0 0.0 0.0 2574.4 665.3 0.0 0.0 0.0 0.0 0.0 2002.5 662.8
0 6 7 8 1 9 2
0 1001.5 0.0 0.0 0.0 0.0 2048.3 1027.0 1066.7 761.5 0.0 0.0 0.0
**********2022-05-23 23:12:42**********
33042.513 33077.675 0.106 56.114 235.52 
0 3 10
0 0 0 2908.5 0 0 0 0 0 0 2996.5 0 0
0 4 12 5 11
0 0.0 0.0 0.0 2574.4 665.3 0.0 0.0 0.0 0.0 0.0 2002.5 662.8
0 6 7 8 1 9 2
0 1001.5 0.0 0.0 0.0 0.0 2048.3 1027.0 1066.7 761.5 0.0 0.0 0.0
**********2022-05-23 23:12:49**********
33042.513 33077.675 0.106 56.114 242.521 
0 3 10
0 0 0 2908.5 0 0 0 0 0 0 2996.5 0 0
0 4 12 5 11
0 0.0 0.0 0.0 2574.4 665.3 0.0 0.0 0.0 0.0 0.0 2002.5 662.8
0 6 7 8 1 9 2
0 1001.5 0.0 0.0 0.0 0.0 2048.3 1027.0 1066.7 761.5 0.0 0.0 0.0
**********2022-05-23 23:12:56**********
33042.513 33077.675 0.106 56.114 249.698 
0 3 10
0 0 0 2908.5 0 0 0 0 0 0 2996.5 0 0
0 4 12 5 11
0 0.0 0.0 0.0 2574.4 665.3 0.0 0.0 0.0 0.0 0.0 2002.5 662.8
0 6 7 8 1 9 2
0 1001.5 0.0 0.0 0.0 0.0 2048.3 1027.0 1066.7 761.5 0.0 0.0 0.0
**********2022-05-23 23:13:01**********
33042.544 33077.675 0.106 56.114 255.291 
0 3 10
0 0 0 2908.5 0 0 0 0 0 0 2996.5 0 0
0 4 12 5 11
0 0.0 0.0 0.0 2574.4 665.3 0.0 0.0 0.0 0.0 0.0 2002.5 662.8
0 6 7 8 1 9 2
0 1001.5 0.0 0.0 0.0 0.0 2048.3 1027.0 1066.7 761.5 0.0 0.0 0.0
**********2022-05-23 23:13:09**********
33042.544 33077.675 0.106 56.114 263.274 
0 3 10
0 0 0 2908.5 0 0 0 0 0 0 2996.5 0 0
0 4 12 5 11
0 0.0 0.0 0.0 2574.4 665.3 0.0 0.0 0.0 0.0 0.0 2002.5 662.8
0 6 7 8 1 9 2
0 1001.5 0.0 0.0 0.0 0.0 2048.3 1027.0 1066.7 761.5 0.0 0.0 0.0
**********2022-05-23 23:13:18**********
33042.544 33077.675 0.106 56.114 271.721 
0 3 10
0 0 0 2908.5 0 0 0 0 0 0 2996.5 0 0
0 4 12 5 11
0 0.0 0.0 0.0 2574.4 665.3 0.0 0.0 0.0 0.0 0.0 2002.5 662.8
0 6 7 8 1 9 2
0 1001.5 0.0 0.0 0.0 0.0 2048.3 1027.0 1066.7 761.5 0.0 0.0 0.0
**********2022-05-23 23:13:24**********
33042.58 33077.675 0.106 56.114 277.844 
0 3 10
0 0 0 2908.5 0 0 0 0 0 0 2996.5 0 0
0 4 12 5 11
0 0.0 0.0 0.0 2574.4 665.3 0.0 0.0 0.0 0.0 0.0 2002.5 662.8
0 6 7 8 1 9 2
0 1001.5 0.0 0.0 0.0 0.0 2048.3 1027.0 1066.7 761.5 0.0 0.0 0.0
**********2022-05-23 23:13:29**********
33042.58 33077.675 0.106 56.114 282.576 
0 3 10
0 0 0 2908.5 0 0 0 0 0 0 2996.5 0 0
0 4 12 5 11
0 0.0 0.0 0.0 2574.4 665.3 0.0 0.0 0.0 0.0 0.0 2002.5 662.8
0 6 7 8 1 9 2
0 1001.5 0.0 0.0 0.0 0.0 2048.3 1027.0 1066.7 761.5 0.0 0.0 0.0
**********2022-05-23 23:13:33**********
33042.58 33077.675 0.106 56.114 286.981 
0 3 10
0 0 0 2908.5 0 0 0 0 0 0 2996.5 0 0
0 4 12 5 11
0 0.0 0.0 0.0 2574.4 665.3 0.0 0.0 0.0 0.0 0.0 2002.5 662.8
0 6 7 8 1 9 2
0 1001.5 0.0 0.0 0.0 0.0 2048.3 1027.0 1066.7 761.5 0.0 0.0 0.0
**********2022-05-23 23:13:38**********
33042.58 33077.675 0.106 56.114 291.449 
0 3 10
0 0 0 2908.5 0 0 0 0 0 0 2996.5 0 0
0 4 12 5 11
0 0.0 0.0 0.0 2574.4 665.3 0.0 0.0 0.0 0.0 0.0 2002.5 662.8
0 6 7 8 1 9 2
0 1001.5 0.0 0.0 0.0 0.0 2048.3 1027.0 1066.7 761.5 0.0 0.0 0.0
**********2022-05-23 23:13:42**********
33042.6 33077.675 0.106 56.114 295.523 
0 3 10
0 0 0 2908.5 0 0 0 0 0 0 2996.5 0 0
0 4 12 5 11
0 0.0 0.0 0.0 2574.4 665.3 0.0 0.0 0.0 0.0 0.0 2002.5 662.8
0 6 7 8 1 9 2
0 1001.5 0.0 0.0 0.0 0.0 2048.3 1027.0 1066.7 761.5 0.0 0.0 0.0
**********2022-05-23 23:13:46**********
33042.655 33077.675 0.106 56.114 299.794 
0 3 10
0 0 0 2908.5 0 0 0 0 0 0 2996.5 0 0
0 4 12 5 11
0 0.0 0.0 0.0 2574.4 665.3 0.0 0.0 0.0 0.0 0.0 2002.5 662.8
0 6 7 8 1 9 2
0 1001.5 0.0 0.0 0.0 0.0 2048.3 1027.0 1066.7 761.5 0.0 0.0 0.0
**********2022-05-23 23:13:50**********
33042.753 33077.675 0.106 56.114 303.377 
0 3 10
0 0 0 2908.5 0 0 0 0 0 0 2996.5 0 0
0 4 12 5 11
0 0.0 0.0 0.0 2574.4 665.3 0.0 0.0 0.0 0.0 0.0 2002.5 662.8
0 6 7 8 1 9 2
0 1001.5 0.0 0.0 0.0 0.0 2048.3 1027.0 1066.7 761.5 0.0 0.0 0.0
**********2022-05-23 23:13:54**********
33042.753 33077.675 0.106 56.114 307.816 
0 3 10
0 0 0 2908.5 0 0 0 0 0 0 2996.5 0 0
0 4 12 5 11
0 0.0 0.0 0.0 2574.4 665.3 0.0 0.0 0.0 0.0 0.0 2002.5 662.8
0 6 7 8 1 9 2
0 1001.5 0.0 0.0 0.0 0.0 2048.3 1027.0 1066.7 761.5 0.0 0.0 0.0
**********2022-05-23 23:13:59**********
33042.905 33077.675 0.105 56.114 313.15 
0 3 10
0 0 0 2908.5 0 0 0 0 0 0 2996.5 0 0
0 4 12 5 11
0 0.0 0.0 0.0 2574.4 665.3 0.0 0.0 0.0 0.0 0.0 2002.5 662.8
0 6 7 8 1 9 2
0 1001.5 0.0 0.0 0.0 0.0 2048.3 1027.0 1066.7 761.5 0.0 0.0 0.0
**********2022-05-23 23:14:05**********
33042.905 33077.675 0.105 56.114 319.094 
0 3 10
0 0 0 2908.5 0 0 0 0 0 0 2996.5 0 0
0 4 12 5 11
0 0.0 0.0 0.0 2574.4 665.3 0.0 0.0 0.0 0.0 0.0 2002.5 662.8
0 6 7 8 1 9 2
0 1001.5 0.0 0.0 0.0 0.0 2048.3 1027.0 1066.7 761.5 0.0 0.0 0.0
**********2022-05-23 23:14:09**********
33042.905 33077.675 0.105 56.114 323.149 
0 3 10
0 0 0 2908.5 0 0 0 0 0 0 2996.5 0 0
0 4 12 5 11
0 0.0 0.0 0.0 2574.4 665.3 0.0 0.0 0.0 0.0 0.0 2002.5 662.8
0 6 7 8 1 9 2
0 1001.5 0.0 0.0 0.0 0.0 2048.3 1027.0 1066.7 761.5 0.0 0.0 0.0
**********2022-05-23 23:14:14**********
33042.905 33077.675 0.105 56.114 328.284 
0 3 10
0 0 0 2908.5 0 0 0 0 0 0 2996.5 0 0
0 4 12 5 11
0 0.0 0.0 0.0 2574.4 665.3 0.0 0.0 0.0 0.0 0.0 2002.5 662.8
0 6 7 8 1 9 2
0 1001.5 0.0 0.0 0.0 0.0 2048.3 1027.0 1066.7 761.5 0.0 0.0 0.0
**********2022-05-23 23:14:19**********
33042.912 33077.675 0.105 56.114 332.718 
0 3 10
0 0 0 2908.5 0 0 0 0 0 0 2996.5 0 0
0 4 12 5 11
0 0.0 0.0 0.0 2574.4 665.3 0.0 0.0 0.0 0.0 0.0 2002.5 662.8
0 6 7 8 1 9 2
0 1001.5 0.0 0.0 0.0 0.0 2048.3 1027.0 1066.7 761.5 0.0 0.0 0.0
**********2022-05-23 23:14:24**********
33042.912 33077.675 0.105 56.114 338.097 
0 3 10
0 0 0 2908.5 0 0 0 0 0 0 2996.5 0 0
0 4 12 5 11
0 0.0 0.0 0.0 2574.4 665.3 0.0 0.0 0.0 0.0 0.0 2002.5 662.8
0 6 7 8 1 9 2
0 1001.5 0.0 0.0 0.0 0.0 2048.3 1027.0 1066.7 761.5 0.0 0.0 0.0
**********2022-05-23 23:14:28**********
33042.912 33077.675 0.105 56.114 341.755 
0 3 10
0 0 0 2908.5 0 0 0 0 0 0 2996.5 0 0
0 4 12 5 11
0 0.0 0.0 0.0 2574.4 665.3 0.0 0.0 0.0 0.0 0.0 2002.5 662.8
0 6 7 8 1 9 2
0 1001.5 0.0 0.0 0.0 0.0 2048.3 1027.0 1066.7 761.5 0.0 0.0 0.0
**********2022-05-23 23:14:33**********
33042.912 33077.675 0.105 56.114 346.74 
0 3 10
0 0 0 2908.5 0 0 0 0 0 0 2996.5 0 0
0 4 12 5 11
0 0.0 0.0 0.0 2574.4 665.3 0.0 0.0 0.0 0.0 0.0 2002.5 662.8
0 6 7 8 1 9 2
0 1001.5 0.0 0.0 0.0 0.0 2048.3 1027.0 1066.7 761.5 0.0 0.0 0.0
**********2022-05-23 23:14:36**********
33042.912 33077.675 0.105 56.114 350.253 
0 3 10
0 0 0 2908.5 0 0 0 0 0 0 2996.5 0 0
0 4 12 5 11
0 0.0 0.0 0.0 2574.4 665.3 0.0 0.0 0.0 0.0 0.0 2002.5 662.8
0 6 7 8 1 9 2
0 1001.5 0.0 0.0 0.0 0.0 2048.3 1027.0 1066.7 761.5 0.0 0.0 0.0
**********2022-05-23 23:14:42**********
33042.912 33077.675 0.105 56.114 355.567 
0 3 10
0 0 0 2908.5 0 0 0 0 0 0 2996.5 0 0
0 4 12 5 11
0 0.0 0.0 0.0 2574.4 665.3 0.0 0.0 0.0 0.0 0.0 2002.5 662.8
0 6 7 8 1 9 2
0 1001.5 0.0 0.0 0.0 0.0 2048.3 1027.0 1066.7 761.5 0.0 0.0 0.0
**********2022-05-23 23:14:47**********
33042.912 33077.675 0.105 56.114 360.594 
0 3 10
0 0 0 2908.5 0 0 0 0 0 0 2996.5 0 0
0 4 12 5 11
0 0.0 0.0 0.0 2574.4 665.3 0.0 0.0 0.0 0.0 0.0 2002.5 662.8
0 6 7 8 1 9 2
0 1001.5 0.0 0.0 0.0 0.0 2048.3 1027.0 1066.7 761.5 0.0 0.0 0.0
**********2022-05-23 23:14:51**********
33042.912 33077.675 0.105 56.114 364.423 
0 3 10
0 0 0 2908.5 0 0 0 0 0 0 2996.5 0 0
0 4 12 5 11
0 0.0 0.0 0.0 2574.4 665.3 0.0 0.0 0.0 0.0 0.0 2002.5 662.8
0 6 7 8 1 9 2
0 1001.5 0.0 0.0 0.0 0.0 2048.3 1027.0 1066.7 761.5 0.0 0.0 0.0
**********2022-05-23 23:14:55**********
33042.944 33077.675 0.105 56.114 369.034 
0 3 10
0 0 0 2908.5 0 0 0 0 0 0 2996.5 0 0
0 4 12 5 11
0 0.0 0.0 0.0 2574.4 665.3 0.0 0.0 0.0 0.0 0.0 2002.5 662.8
0 6 7 8 1 9 2
0 1001.5 0.0 0.0 0.0 0.0 2048.3 1027.0 1066.7 761.5 0.0 0.0 0.0
**********2022-05-23 23:14:59**********
33042.944 33077.675 0.105 56.114 373.25 
0 3 10
0 0 0 2908.5 0 0 0 0 0 0 2996.5 0 0
0 4 12 5 11
0 0.0 0.0 0.0 2574.4 665.3 0.0 0.0 0.0 0.0 0.0 2002.5 662.8
0 6 7 8 1 9 2
0 1001.5 0.0 0.0 0.0 0.0 2048.3 1027.0 1066.7 761.5 0.0 0.0 0.0
**********2022-05-23 23:15:03**********
33042.991 33077.675 0.105 56.114 376.693 
0 3 10
0 0 0 2908.5 0 0 0 0 0 0 2996.5 0 0
0 4 12 5 11
0 0.0 0.0 0.0 2574.4 665.3 0.0 0.0 0.0 0.0 0.0 2002.5 662.8
0 6 7 8 1 9 2
0 1001.5 0.0 0.0 0.0 0.0 2048.3 1027.0 1066.7 761.5 0.0 0.0 0.0
**********2022-05-23 23:15:06**********
33043.004 33077.675 0.105 56.114 380.341 
0 3 10
0 0 0 2908.5 0 0 0 0 0 0 2996.5 0 0
0 4 12 5 11
0 0.0 0.0 0.0 2574.4 665.3 0.0 0.0 0.0 0.0 0.0 2002.5 662.8
0 6 7 8 1 9 2
0 1001.5 0.0 0.0 0.0 0.0 2048.3 1027.0 1066.7 761.5 0.0 0.0 0.0
**********2022-05-23 23:15:10**********
33043.006 33077.675 0.105 56.114 384.136 
0 3 10
0 0 0 2908.5 0 0 0 0 0 0 2996.5 0 0
0 4 12 5 11
0 0.0 0.0 0.0 2574.4 665.3 0.0 0.0 0.0 0.0 0.0 2002.5 662.8
0 6 7 8 1 9 2
0 1001.5 0.0 0.0 0.0 0.0 2048.3 1027.0 1066.7 761.5 0.0 0.0 0.0
**********2022-05-23 23:15:14**********
33043.006 33077.675 0.105 56.114 387.731 
0 3 10
0 0 0 2908.5 0 0 0 0 0 0 2996.5 0 0
0 4 12 5 11
0 0.0 0.0 0.0 2574.4 665.3 0.0 0.0 0.0 0.0 0.0 2002.5 662.8
0 6 7 8 1 9 2
0 1001.5 0.0 0.0 0.0 0.0 2048.3 1027.0 1066.7 761.5 0.0 0.0 0.0
**********2022-05-23 23:15:17**********
33043.013 33077.675 0.105 56.114 390.704 
0 3 10
0 0 0 2908.5 0 0 0 0 0 0 2996.5 0 0
0 4 12 5 11
0 0.0 0.0 0.0 2574.4 665.3 0.0 0.0 0.0 0.0 0.0 2002.5 662.8
0 6 7 8 1 9 2
0 1001.5 0.0 0.0 0.0 0.0 2048.3 1027.0 1066.7 761.5 0.0 0.0 0.0
**********2022-05-23 23:15:18**********
33043.013 33077.675 0.105 56.114 391.803 
0 3 10
0 0 0 2908.5 0 0 0 0 0 0 2996.5 0 0
0 4 12 5 11
0 0.0 0.0 0.0 2574.4 665.3 0.0 0.0 0.0 0.0 0.0 2002.5 662.8
0 6 7 8 1 9 2
0 1001.5 0.0 0.0 0.0 0.0 2048.3 1027.0 1066.7 761.5 0.0 0.0 0.0
**********2022-05-23 23:15:21**********
33043.015 33077.675 0.105 56.114 394.42 
0 3 10
0 0 0 2908.5 0 0 0 0 0 0 2996.5 0 0
0 4 12 5 11
0 0.0 0.0 0.0 2574.4 665.3 0.0 0.0 0.0 0.0 0.0 2002.5 662.8
0 6 7 8 1 9 2
0 1001.5 0.0 0.0 0.0 0.0 2048.3 1027.0 1066.7 761.5 0.0 0.0 0.0
**********2022-05-23 23:15:25**********
33043.015 33077.675 0.105 56.114 398.701 
0 3 10
0 0 0 2908.5 0 0 0 0 0 0 2996.5 0 0
0 4 12 5 11
0 0.0 0.0 0.0 2574.4 665.3 0.0 0.0 0.0 0.0 0.0 2002.5 662.8
0 6 7 8 1 9 2
0 1001.5 0.0 0.0 0.0 0.0 2048.3 1027.0 1066.7 761.5 0.0 0.0 0.0
**********2022-05-23 23:15:29**********
33043.024 33077.675 0.105 56.114 402.535 
0 3 10
0 0 0 2908.5 0 0 0 0 0 0 2996.5 0 0
0 4 12 5 11
0 0.0 0.0 0.0 2574.4 665.3 0.0 0.0 0.0 0.0 0.0 2002.5 662.8
0 6 7 8 1 9 2
0 1001.5 0.0 0.0 0.0 0.0 2048.3 1027.0 1066.7 761.5 0.0 0.0 0.0
**********2022-05-23 23:15:33**********
33043.024 33077.675 0.105 56.114 406.545 
0 3 10
0 0 0 2908.5 0 0 0 0 0 0 2996.5 0 0
0 4 12 5 11
0 0.0 0.0 0.0 2574.4 665.3 0.0 0.0 0.0 0.0 0.0 2002.5 662.8
0 6 7 8 1 9 2
0 1001.5 0.0 0.0 0.0 0.0 2048.3 1027.0 1066.7 761.5 0.0 0.0 0.0
**********2022-05-23 23:15:36**********
33043.125 33077.675 0.104 56.114 410.337 
0 3 10
0 0 0 2908.5 0 0 0 0 0 0 2996.5 0 0
0 4 12 5 11
0 0.0 0.0 0.0 2574.4 665.3 0.0 0.0 0.0 0.0 0.0 2002.5 662.8
0 6 7 8 1 9 2
0 1001.5 0.0 0.0 0.0 0.0 2048.3 1027.0 1066.7 761.5 0.0 0.0 0.0
**********2022-05-23 23:15:41**********
33043.129 33077.675 0.104 56.114 415.18 
0 3 10
0 0 0 2908.5 0 0 0 0 0 0 2996.5 0 0
0 4 12 5 11
0 0.0 0.0 0.0 2574.4 665.3 0.0 0.0 0.0 0.0 0.0 2002.5 662.8
0 6 7 8 1 9 2
0 1001.5 0.0 0.0 0.0 0.0 2048.3 1027.0 1066.7 761.5 0.0 0.0 0.0
**********2022-05-23 23:15:46**********
33043.129 33077.675 0.104 56.114 419.558 
0 3 10
0 0 0 2908.5 0 0 0 0 0 0 2996.5 0 0
0 4 12 5 11
0 0.0 0.0 0.0 2574.4 665.3 0.0 0.0 0.0 0.0 0.0 2002.5 662.8
0 6 7 8 1 9 2
0 1001.5 0.0 0.0 0.0 0.0 2048.3 1027.0 1066.7 761.5 0.0 0.0 0.0
**********2022-05-23 23:15:50**********
33043.13 33077.675 0.104 56.114 423.754 
0 3 10
0 0 0 2908.5 0 0 0 0 0 0 2996.5 0 0
0 4 12 5 11
0 0.0 0.0 0.0 2574.4 665.3 0.0 0.0 0.0 0.0 0.0 2002.5 662.8
0 6 7 8 1 9 2
0 1001.5 0.0 0.0 0.0 0.0 2048.3 1027.0 1066.7 761.5 0.0 0.0 0.0
**********2022-05-23 23:15:53**********
33043.13 33077.675 0.104 56.114 426.541 
0 3 10
0 0 0 2908.5 0 0 0 0 0 0 2996.5 0 0
0 4 12 5 11
0 0.0 0.0 0.0 2574.4 665.3 0.0 0.0 0.0 0.0 0.0 2002.5 662.8
0 6 7 8 1 9 2
0 1001.5 0.0 0.0 0.0 0.0 2048.3 1027.0 1066.7 761.5 0.0 0.0 0.0
**********2022-05-23 23:15:55**********
33043.189 33077.675 0.104 56.114 429.232 
0 3 10
0 0 0 2908.5 0 0 0 0 0 0 2996.5 0 0
0 4 12 5 11
0 0.0 0.0 0.0 2574.4 665.3 0.0 0.0 0.0 0.0 0.0 2002.5 662.8
0 6 7 8 1 9 2
0 1001.5 0.0 0.0 0.0 0.0 2048.3 1027.0 1066.7 761.5 0.0 0.0 0.0
**********2022-05-23 23:15:56**********
33043.189 33077.675 0.104 56.114 430.353 
0 3 10
0 0 0 2908.5 0 0 0 0 0 0 2996.5 0 0
0 4 12 5 11
0 0.0 0.0 0.0 2574.4 665.3 0.0 0.0 0.0 0.0 0.0 2002.5 662.8
0 6 7 8 1 9 2
0 1001.5 0.0 0.0 0.0 0.0 2048.3 1027.0 1066.7 761.5 0.0 0.0 0.0
**********2022-05-23 23:16:00**********
33043.189 33077.675 0.104 56.114 433.755 
0 3 10
0 0 0 2908.5 0 0 0 0 0 0 2996.5 0 0
0 4 12 5 11
0 0.0 0.0 0.0 2574.4 665.3 0.0 0.0 0.0 0.0 0.0 2002.5 662.8
0 6 7 8 1 9 2
0 1001.5 0.0 0.0 0.0 0.0 2048.3 1027.0 1066.7 761.5 0.0 0.0 0.0
**********2022-05-23 23:16:04**********
33043.248 33077.675 0.104 56.114 437.682 
0 3 10
0 0 0 2908.5 0 0 0 0 0 0 2996.5 0 0
0 4 12 5 11
0 0.0 0.0 0.0 2574.4 665.3 0.0 0.0 0.0 0.0 0.0 2002.5 662.8
0 6 7 8 1 9 2
0 1001.5 0.0 0.0 0.0 0.0 2048.3 1027.0 1066.7 761.5 0.0 0.0 0.0
**********2022-05-23 23:16:08**********
33043.285 33077.675 0.104 56.114 441.386 
0 3 10
0 0 0 2908.5 0 0 0 0 0 0 2996.5 0 0
0 4 12 5 11
0 0.0 0.0 0.0 2574.4 665.3 0.0 0.0 0.0 0.0 0.0 2002.5 662.8
0 6 7 8 1 9 2
0 1001.5 0.0 0.0 0.0 0.0 2048.3 1027.0 1066.7 761.5 0.0 0.0 0.0
**********2022-05-23 23:16:10**********
33043.285 33077.675 0.104 56.114 444.172 
0 3 10
0 0 0 2908.5 0 0 0 0 0 0 2996.5 0 0
0 4 12 5 11
0 0.0 0.0 0.0 2574.4 665.3 0.0 0.0 0.0 0.0 0.0 2002.5 662.8
0 6 7 8 1 9 2
0 1001.5 0.0 0.0 0.0 0.0 2048.3 1027.0 1066.7 761.5 0.0 0.0 0.0
**********2022-05-23 23:16:15**********
33043.382 33077.675 0.104 56.114 448.422 
0 3 10
0 0 0 2908.5 0 0 0 0 0 0 2996.5 0 0
0 4 12 5 11
0 0.0 0.0 0.0 2574.4 665.3 0.0 0.0 0.0 0.0 0.0 2002.5 662.8
0 6 7 8 1 9 2
0 1001.5 0.0 0.0 0.0 0.0 2048.3 1027.0 1066.7 761.5 0.0 0.0 0.0
**********2022-05-23 23:16:23**********
33043.484 33077.675 0.103 56.114 456.692 
0 3 10
0 0 0 2908.5 0 0 0 0 0 0 2996.5 0 0
0 4 12 5 11
0 0.0 0.0 0.0 2574.4 665.3 0.0 0.0 0.0 0.0 0.0 2002.5 662.8
0 6 7 8 1 9 2
0 1001.5 0.0 0.0 0.0 0.0 2048.3 1027.0 1066.7 761.5 0.0 0.0 0.0
**********2022-05-23 23:16:29**********
33043.484 33077.675 0.103 56.114 463.203 
0 3 10
0 0 0 2908.5 0 0 0 0 0 0 2996.5 0 0
0 4 12 5 11
0 0.0 0.0 0.0 2574.4 665.3 0.0 0.0 0.0 0.0 0.0 2002.5 662.8
0 6 7 8 1 9 2
0 1001.5 0.0 0.0 0.0 0.0 2048.3 1027.0 1066.7 761.5 0.0 0.0 0.0
**********2022-05-23 23:16:34**********
33043.484 33077.675 0.103 56.114 468.194 
0 3 10
0 0 0 2908.5 0 0 0 0 0 0 2996.5 0 0
0 4 12 5 11
0 0.0 0.0 0.0 2574.4 665.3 0.0 0.0 0.0 0.0 0.0 2002.5 662.8
0 6 7 8 1 9 2
0 1001.5 0.0 0.0 0.0 0.0 2048.3 1027.0 1066.7 761.5 0.0 0.0 0.0
**********2022-05-23 23:16:40**********
33043.516 33077.675 0.103 56.114 474.011 
0 3 10
0 0 0 2908.5 0 0 0 0 0 0 2996.5 0 0
0 4 12 5 11
0 0.0 0.0 0.0 2574.4 665.3 0.0 0.0 0.0 0.0 0.0 2002.5 662.8
0 6 7 8 1 9 2
0 1001.5 0.0 0.0 0.0 0.0 2048.3 1027.0 1066.7 761.5 0.0 0.0 0.0
**********2022-05-23 23:16:44**********
33043.661 33077.675 0.103 56.114 478.18 
0 3 10
0 0 0 2908.5 0 0 0 0 0 0 2996.5 0 0
0 4 12 5 11
0 0.0 0.0 0.0 2574.4 665.3 0.0 0.0 0.0 0.0 0.0 2002.5 662.8
0 6 7 8 1 9 2
0 1001.5 0.0 0.0 0.0 0.0 2048.3 1027.0 1066.7 761.5 0.0 0.0 0.0
**********2022-05-23 23:16:51**********
33043.661 33077.675 0.103 56.114 484.634 
0 3 10
0 0 0 2908.5 0 0 0 0 0 0 2996.5 0 0
0 4 12 5 11
0 0.0 0.0 0.0 2574.4 665.3 0.0 0.0 0.0 0.0 0.0 2002.5 662.8
0 6 7 8 1 9 2
0 1001.5 0.0 0.0 0.0 0.0 2048.3 1027.0 1066.7 761.5 0.0 0.0 0.0
**********2022-05-23 23:16:56**********
33043.683 33077.675 0.103 56.114 489.385 
0 3 10
0 0 0 2908.5 0 0 0 0 0 0 2996.5 0 0
0 4 12 5 11
0 0.0 0.0 0.0 2574.4 665.3 0.0 0.0 0.0 0.0 0.0 2002.5 662.8
0 6 7 8 1 9 2
0 1001.5 0.0 0.0 0.0 0.0 2048.3 1027.0 1066.7 761.5 0.0 0.0 0.0
**********2022-05-23 23:17:01**********
33043.683 33077.675 0.103 56.114 495.297 
0 3 10
0 0 0 2908.5 0 0 0 0 0 0 2996.5 0 0
0 4 12 5 11
0 0.0 0.0 0.0 2574.4 665.3 0.0 0.0 0.0 0.0 0.0 2002.5 662.8
0 6 7 8 1 9 2
0 1001.5 0.0 0.0 0.0 0.0 2048.3 1027.0 1066.7 761.5 0.0 0.0 0.0
**********2022-05-23 23:17:06**********
33043.78 33077.675 0.102 56.114 499.624 
0 3 10
0 0 0 2908.5 0 0 0 0 0 0 2996.5 0 0
0 4 12 5 11
0 0.0 0.0 0.0 2574.4 665.3 0.0 0.0 0.0 0.0 0.0 2002.5 662.8
0 6 7 8 1 9 2
0 1001.5 0.0 0.0 0.0 0.0 2048.3 1027.0 1066.7 761.5 0.0 0.0 0.0
**********2022-05-23 23:17:12**********
33043.78 33077.675 0.102 56.114 506.066 
0 3 10
0 0 0 2908.5 0 0 0 0 0 0 2996.5 0 0
0 4 12 5 11
0 0.0 0.0 0.0 2574.4 665.3 0.0 0.0 0.0 0.0 0.0 2002.5 662.8
0 6 7 8 1 9 2
0 1001.5 0.0 0.0 0.0 0.0 2048.3 1027.0 1066.7 761.5 0.0 0.0 0.0
**********2022-05-23 23:17:18**********
33043.78 33077.675 0.102 56.114 511.92 
0 3 10
0 0 0 2908.5 0 0 0 0 0 0 2996.5 0 0
0 4 12 5 11
0 0.0 0.0 0.0 2574.4 665.3 0.0 0.0 0.0 0.0 0.0 2002.5 662.8
0 6 7 8 1 9 2
0 1001.5 0.0 0.0 0.0 0.0 2048.3 1027.0 1066.7 761.5 0.0 0.0 0.0
**********2022-05-23 23:17:23**********
33043.855 33077.675 0.102 56.114 516.596 
0 3 10
0 0 0 2908.5 0 0 0 0 0 0 2996.5 0 0
0 4 12 5 11
0 0.0 0.0 0.0 2574.4 665.3 0.0 0.0 0.0 0.0 0.0 2002.5 662.8
0 6 7 8 1 9 2
0 1001.5 0.0 0.0 0.0 0.0 2048.3 1027.0 1066.7 761.5 0.0 0.0 0.0
**********2022-05-23 23:17:27**********
33043.886 33077.675 0.102 56.114 520.847 
0 3 10
0 0 0 2908.5 0 0 0 0 0 0 2996.5 0 0
0 4 12 5 11
0 0.0 0.0 0.0 2574.4 665.3 0.0 0.0 0.0 0.0 0.0 2002.5 662.8
0 6 7 8 1 9 2
0 1001.5 0.0 0.0 0.0 0.0 2048.3 1027.0 1066.7 761.5 0.0 0.0 0.0
**********2022-05-23 23:17:34**********
33044.0 33077.675 0.102 56.114 528.334 
0 3 10
0 0 0 2908.5 0 0 0 0 0 0 2996.5 0 0
0 4 12 5 11
0 0.0 0.0 0.0 2574.4 665.3 0.0 0.0 0.0 0.0 0.0 2002.5 662.8
0 6 7 8 1 9 2
0 1001.5 0.0 0.0 0.0 0.0 2048.3 1027.0 1066.7 761.5 0.0 0.0 0.0
**********2022-05-23 23:17:38**********
33044.003 33077.675 0.102 56.114 531.969 
0 3 10
0 0 0 2908.5 0 0 0 0 0 0 2996.5 0 0
0 4 12 5 11
0 0.0 0.0 0.0 2574.4 665.3 0.0 0.0 0.0 0.0 0.0 2002.5 662.8
0 6 7 8 1 9 2
0 1001.5 0.0 0.0 0.0 0.0 2048.3 1027.0 1066.7 761.5 0.0 0.0 0.0
**********2022-05-23 23:17:42**********
33044.007 33077.675 0.102 56.114 535.993 
0 3 10
0 0 0 2908.5 0 0 0 0 0 0 2996.5 0 0
0 4 12 5 11
0 0.0 0.0 0.0 2574.4 665.3 0.0 0.0 0.0 0.0 0.0 2002.5 662.8
0 6 7 8 1 9 2
0 1001.5 0.0 0.0 0.0 0.0 2048.3 1027.0 1066.7 761.5 0.0 0.0 0.0
**********2022-05-23 23:17:46**********
33044.012 33077.675 0.102 56.114 539.771 
0 3 10
0 0 0 2908.5 0 0 0 0 0 0 2996.5 0 0
0 4 12 5 11
0 0.0 0.0 0.0 2574.4 665.3 0.0 0.0 0.0 0.0 0.0 2002.5 662.8
0 6 7 8 1 9 2
0 1001.5 0.0 0.0 0.0 0.0 2048.3 1027.0 1066.7 761.5 0.0 0.0 0.0
**********2022-05-23 23:17:51**********
33044.064 33077.675 0.102 56.114 545.337 
0 3 10
0 0 0 2908.5 0 0 0 0 0 0 2996.5 0 0
0 4 12 5 11
0 0.0 0.0 0.0 2574.4 665.3 0.0 0.0 0.0 0.0 0.0 2002.5 662.8
0 6 7 8 1 9 2
0 1001.5 0.0 0.0 0.0 0.0 2048.3 1027.0 1066.7 761.5 0.0 0.0 0.0
**********2022-05-23 23:17:55**********
33044.117 33077.675 0.101 56.114 548.974 
0 3 10
0 0 0 2908.5 0 0 0 0 0 0 2996.5 0 0
0 4 12 5 11
0 0.0 0.0 0.0 2574.4 665.3 0.0 0.0 0.0 0.0 0.0 2002.5 662.8
0 6 7 8 1 9 2
0 1001.5 0.0 0.0 0.0 0.0 2048.3 1027.0 1066.7 761.5 0.0 0.0 0.0
**********2022-05-23 23:18:01**********
33044.133 33077.675 0.101 56.114 554.561 
0 3 10
0 0 0 2908.5 0 0 0 0 0 0 2996.5 0 0
0 4 12 5 11
0 0.0 0.0 0.0 2574.4 665.3 0.0 0.0 0.0 0.0 0.0 2002.5 662.8
0 6 7 8 1 9 2
0 1001.5 0.0 0.0 0.0 0.0 2048.3 1027.0 1066.7 761.5 0.0 0.0 0.0
**********2022-05-23 23:18:04**********
33044.136 33077.675 0.101 56.114 557.968 
0 3 10
0 0 0 2908.5 0 0 0 0 0 0 2996.5 0 0
0 4 12 5 11
0 0.0 0.0 0.0 2574.4 665.3 0.0 0.0 0.0 0.0 0.0 2002.5 662.8
0 6 7 8 1 9 2
0 1001.5 0.0 0.0 0.0 0.0 2048.3 1027.0 1066.7 761.5 0.0 0.0 0.0
**********2022-05-23 23:18:08**********
33044.136 33077.675 0.101 56.114 561.712 
0 3 10
0 0 0 2908.5 0 0 0 0 0 0 2996.5 0 0
0 4 12 5 11
0 0.0 0.0 0.0 2574.4 665.3 0.0 0.0 0.0 0.0 0.0 2002.5 662.8
0 6 7 8 1 9 2
0 1001.5 0.0 0.0 0.0 0.0 2048.3 1027.0 1066.7 761.5 0.0 0.0 0.0
**********2022-05-23 23:18:11**********
33044.137 33077.675 0.101 56.114 564.417 
0 3 10
0 0 0 2908.5 0 0 0 0 0 0 2996.5 0 0
0 4 12 5 11
0 0.0 0.0 0.0 2574.4 665.3 0.0 0.0 0.0 0.0 0.0 2002.5 662.8
0 6 7 8 1 9 2
0 1001.5 0.0 0.0 0.0 0.0 2048.3 1027.0 1066.7 761.5 0.0 0.0 0.0
**********2022-05-23 23:18:16**********
33044.145 33077.675 0.101 56.114 569.391 
0 3 10
0 0 0 2908.5 0 0 0 0 0 0 2996.5 0 0
0 4 12 5 11
0 0.0 0.0 0.0 2574.4 665.3 0.0 0.0 0.0 0.0 0.0 2002.5 662.8
0 6 7 8 1 9 2
0 1001.5 0.0 0.0 0.0 0.0 2048.3 1027.0 1066.7 761.5 0.0 0.0 0.0
**********2022-05-23 23:18:20**********
33044.145 33077.675 0.101 56.114 574.352 
0 3 10
0 0 0 2908.5 0 0 0 0 0 0 2996.5 0 0
0 4 12 5 11
0 0.0 0.0 0.0 2574.4 665.3 0.0 0.0 0.0 0.0 0.0 2002.5 662.8
0 6 7 8 1 9 2
0 1001.5 0.0 0.0 0.0 0.0 2048.3 1027.0 1066.7 761.5 0.0 0.0 0.0
**********2022-05-23 23:18:24**********
33044.145 33077.675 0.101 56.114 578.333 
0 3 10
0 0 0 2908.5 0 0 0 0 0 0 2996.5 0 0
0 4 12 5 11
0 0.0 0.0 0.0 2574.4 665.3 0.0 0.0 0.0 0.0 0.0 2002.5 662.8
0 6 7 8 1 9 2
0 1001.5 0.0 0.0 0.0 0.0 2048.3 1027.0 1066.7 761.5 0.0 0.0 0.0
**********2022-05-23 23:18:28**********
33044.152 33077.675 0.101 56.114 582.301 
0 3 10
0 0 0 2908.5 0 0 0 0 0 0 2996.5 0 0
0 4 12 5 11
0 0.0 0.0 0.0 2574.4 665.3 0.0 0.0 0.0 0.0 0.0 2002.5 662.8
0 6 7 8 1 9 2
0 1001.5 0.0 0.0 0.0 0.0 2048.3 1027.0 1066.7 761.5 0.0 0.0 0.0
**********2022-05-23 23:18:32**********
33044.186 33077.675 0.101 56.114 586.072 
0 3 10
0 0 0 2908.5 0 0 0 0 0 0 2996.5 0 0
0 4 12 5 11
0 0.0 0.0 0.0 2574.4 665.3 0.0 0.0 0.0 0.0 0.0 2002.5 662.8
0 6 7 8 1 9 2
0 1001.5 0.0 0.0 0.0 0.0 2048.3 1027.0 1066.7 761.5 0.0 0.0 0.0
**********2022-05-23 23:18:36**********
33044.186 33077.675 0.101 56.114 590.037 
0 3 10
0 0 0 2908.5 0 0 0 0 0 0 2996.5 0 0
0 4 12 5 11
0 0.0 0.0 0.0 2574.4 665.3 0.0 0.0 0.0 0.0 0.0 2002.5 662.8
0 6 7 8 1 9 2
0 1001.5 0.0 0.0 0.0 0.0 2048.3 1027.0 1066.7 761.5 0.0 0.0 0.0
**********2022-05-23 23:18:41**********
33044.186 33077.675 0.101 56.114 594.532 
0 3 10
0 0 0 2908.5 0 0 0 0 0 0 2996.5 0 0
0 4 12 5 11
0 0.0 0.0 0.0 2574.4 665.3 0.0 0.0 0.0 0.0 0.0 2002.5 662.8
0 6 7 8 1 9 2
0 1001.5 0.0 0.0 0.0 0.0 2048.3 1027.0 1066.7 761.5 0.0 0.0 0.0
**********2022-05-23 23:18:45**********
33044.186 33077.675 0.101 56.114 598.813 
0 3 10
0 0 0 2908.5 0 0 0 0 0 0 2996.5 0 0
0 4 12 5 11
0 0.0 0.0 0.0 2574.4 665.3 0.0 0.0 0.0 0.0 0.0 2002.5 662.8
0 6 7 8 1 9 2
0 1001.5 0.0 0.0 0.0 0.0 2048.3 1027.0 1066.7 761.5 0.0 0.0 0.0
**********2022-05-23 23:18:50**********
33044.186 33077.675 0.101 56.114 604.002 
0 3 10
0 0 0 2908.5 0 0 0 0 0 0 2996.5 0 0
0 4 12 5 11
0 0.0 0.0 0.0 2574.4 665.3 0.0 0.0 0.0 0.0 0.0 2002.5 662.8
0 6 7 8 1 9 2
0 1001.5 0.0 0.0 0.0 0.0 2048.3 1027.0 1066.7 761.5 0.0 0.0 0.0
**********2022-05-23 23:18:55**********
33044.186 33077.675 0.101 56.114 608.679 
0 3 10
0 0 0 2908.5 0 0 0 0 0 0 2996.5 0 0
0 4 12 5 11
0 0.0 0.0 0.0 2574.4 665.3 0.0 0.0 0.0 0.0 0.0 2002.5 662.8
0 6 7 8 1 9 2
0 1001.5 0.0 0.0 0.0 0.0 2048.3 1027.0 1066.7 761.5 0.0 0.0 0.0
**********2022-05-23 23:18:59**********
33044.288 33077.675 0.101 56.114 613.112 
0 3 10
0 0 0 2908.5 0 0 0 0 0 0 2996.5 0 0
0 4 12 5 11
0 0.0 0.0 0.0 2574.4 665.3 0.0 0.0 0.0 0.0 0.0 2002.5 662.8
0 6 7 8 1 9 2
0 1001.5 0.0 0.0 0.0 0.0 2048.3 1027.0 1066.7 761.5 0.0 0.0 0.0
**********2022-05-23 23:19:00**********
33044.288 33077.675 0.101 56.114 614.199 
0 3 10
0 0 0 2908.5 0 0 0 0 0 0 2996.5 0 0
0 4 12 5 11
0 0.0 0.0 0.0 2574.4 665.3 0.0 0.0 0.0 0.0 0.0 2002.5 662.8
0 6 7 8 1 9 2
0 1001.5 0.0 0.0 0.0 0.0 2048.3 1027.0 1066.7 761.5 0.0 0.0 0.0
**********2022-05-23 23:19:03**********
33044.288 33077.675 0.101 56.114 617.079 
0 3 10
0 0 0 2908.5 0 0 0 0 0 0 2996.5 0 0
0 4 12 5 11
0 0.0 0.0 0.0 2574.4 665.3 0.0 0.0 0.0 0.0 0.0 2002.5 662.8
0 6 7 8 1 9 2
0 1001.5 0.0 0.0 0.0 0.0 2048.3 1027.0 1066.7 761.5 0.0 0.0 0.0
**********2022-05-23 23:19:04**********
33044.288 33077.675 0.101 56.114 618.137 
0 3 10
0 0 0 2908.5 0 0 0 0 0 0 2996.5 0 0
0 4 12 5 11
0 0.0 0.0 0.0 2574.4 665.3 0.0 0.0 0.0 0.0 0.0 2002.5 662.8
0 6 7 8 1 9 2
0 1001.5 0.0 0.0 0.0 0.0 2048.3 1027.0 1066.7 761.5 0.0 0.0 0.0
**********2022-05-23 23:19:07**********
33044.288 33077.675 0.101 56.114 621.036 
0 3 10
0 0 0 2908.5 0 0 0 0 0 0 2996.5 0 0
0 4 12 5 11
0 0.0 0.0 0.0 2574.4 665.3 0.0 0.0 0.0 0.0 0.0 2002.5 662.8
0 6 7 8 1 9 2
0 1001.5 0.0 0.0 0.0 0.0 2048.3 1027.0 1066.7 761.5 0.0 0.0 0.0
**********2022-05-23 23:19:11**********
33044.294 33077.675 0.101 56.114 624.389 
0 3 10
0 0 0 2908.5 0 0 0 0 0 0 2996.5 0 0
0 4 12 5 11
0 0.0 0.0 0.0 2574.4 665.3 0.0 0.0 0.0 0.0 0.0 2002.5 662.8
0 6 7 8 1 9 2
0 1001.5 0.0 0.0 0.0 0.0 2048.3 1027.0 1066.7 761.5 0.0 0.0 0.0
**********2022-05-23 23:19:14**********
33044.353 33077.675 0.101 56.114 627.81 
0 3 10
0 0 0 2908.5 0 0 0 0 0 0 2996.5 0 0
0 4 12 5 11
0 0.0 0.0 0.0 2574.4 665.3 0.0 0.0 0.0 0.0 0.0 2002.5 662.8
0 6 7 8 1 9 2
0 1001.5 0.0 0.0 0.0 0.0 2048.3 1027.0 1066.7 761.5 0.0 0.0 0.0
**********2022-05-23 23:19:17**********
33044.353 33077.675 0.101 56.114 630.749 
0 3 10
0 0 0 2908.5 0 0 0 0 0 0 2996.5 0 0
0 4 12 5 11
0 0.0 0.0 0.0 2574.4 665.3 0.0 0.0 0.0 0.0 0.0 2002.5 662.8
0 6 7 8 1 9 2
0 1001.5 0.0 0.0 0.0 0.0 2048.3 1027.0 1066.7 761.5 0.0 0.0 0.0
**********2022-05-23 23:19:20**********
33044.353 33077.675 0.101 56.114 633.886 
0 3 10
0 0 0 2908.5 0 0 0 0 0 0 2996.5 0 0
0 4 12 5 11
0 0.0 0.0 0.0 2574.4 665.3 0.0 0.0 0.0 0.0 0.0 2002.5 662.8
0 6 7 8 1 9 2
0 1001.5 0.0 0.0 0.0 0.0 2048.3 1027.0 1066.7 761.5 0.0 0.0 0.0
**********2022-05-23 23:19:23**********
33044.4 33077.675 0.101 56.114 636.848 
0 3 10
0 0 0 2908.5 0 0 0 0 0 0 2996.5 0 0
0 4 12 5 11
0 0.0 0.0 0.0 2574.4 665.3 0.0 0.0 0.0 0.0 0.0 2002.5 662.8
0 6 7 8 1 9 2
0 1001.5 0.0 0.0 0.0 0.0 2048.3 1027.0 1066.7 761.5 0.0 0.0 0.0
**********2022-05-23 23:19:26**********
33044.4 33077.675 0.101 56.114 640.312 
0 3 10
0 0 0 2908.5 0 0 0 0 0 0 2996.5 0 0
0 4 12 5 11
0 0.0 0.0 0.0 2574.4 665.3 0.0 0.0 0.0 0.0 0.0 2002.5 662.8
0 6 7 8 1 9 2
0 1001.5 0.0 0.0 0.0 0.0 2048.3 1027.0 1066.7 761.5 0.0 0.0 0.0
**********2022-05-23 23:19:30**********
33044.414 33077.675 0.101 56.114 643.574 
0 3 10
0 0 0 2908.5 0 0 0 0 0 0 2996.5 0 0
0 4 12 5 11
0 0.0 0.0 0.0 2574.4 665.3 0.0 0.0 0.0 0.0 0.0 2002.5 662.8
0 6 7 8 1 9 2
0 1001.5 0.0 0.0 0.0 0.0 2048.3 1027.0 1066.7 761.5 0.0 0.0 0.0
**********2022-05-23 23:19:34**********
33044.414 33077.675 0.101 56.114 648.153 
0 3 10
0 0 0 2908.5 0 0 0 0 0 0 2996.5 0 0
0 4 12 5 11
0 0.0 0.0 0.0 2574.4 665.3 0.0 0.0 0.0 0.0 0.0 2002.5 662.8
0 6 7 8 1 9 2
0 1001.5 0.0 0.0 0.0 0.0 2048.3 1027.0 1066.7 761.5 0.0 0.0 0.0
**********2022-05-23 23:19:39**********
33044.46 33077.675 0.1 56.114 652.751 
0 3 10
0 0 0 2908.5 0 0 0 0 0 0 2996.5 0 0
0 4 12 5 11
0 0.0 0.0 0.0 2574.4 665.3 0.0 0.0 0.0 0.0 0.0 2002.5 662.8
0 6 7 8 1 9 2
0 1001.5 0.0 0.0 0.0 0.0 2048.3 1027.0 1066.7 761.5 0.0 0.0 0.0
**********2022-05-23 23:19:44**********
33044.465 33077.675 0.1 56.114 657.865 
0 3 10
0 0 0 2908.5 0 0 0 0 0 0 2996.5 0 0
0 4 12 5 11
0 0.0 0.0 0.0 2574.4 665.3 0.0 0.0 0.0 0.0 0.0 2002.5 662.8
0 6 7 8 1 9 2
0 1001.5 0.0 0.0 0.0 0.0 2048.3 1027.0 1066.7 761.5 0.0 0.0 0.0
**********2022-05-23 23:19:48**********
33044.503 33077.675 0.1 56.114 661.636 
0 3 10
0 0 0 2908.5 0 0 0 0 0 0 2996.5 0 0
0 4 12 5 11
0 0.0 0.0 0.0 2574.4 665.3 0.0 0.0 0.0 0.0 0.0 2002.5 662.8
0 6 7 8 1 9 2
0 1001.5 0.0 0.0 0.0 0.0 2048.3 1027.0 1066.7 761.5 0.0 0.0 0.0
**********2022-05-23 23:19:49**********
33044.503 33077.675 0.1 56.114 662.663 
0 3 10
0 0 0 2908.5 0 0 0 0 0 0 2996.5 0 0
0 4 12 5 11
0 0.0 0.0 0.0 2574.4 665.3 0.0 0.0 0.0 0.0 0.0 2002.5 662.8
0 6 7 8 1 9 2
0 1001.5 0.0 0.0 0.0 0.0 2048.3 1027.0 1066.7 761.5 0.0 0.0 0.0
**********2022-06-05 13:17:21**********
33048.189 33090.009 0.126 17.791 17.792 
0 3 10
0 0 0 2908.5 0 0 0 0 0 0 2996.5 0 0
0 4 12 5 11
0 0.0 0.0 0.0 2574.4 665.3 0.0 0.0 0.0 0.0 0.0 2002.5 662.8
0 6 7 8 1 9 2
0 1000.9 3.5 0.0 0.0 0.0 2047.1 1026.4 1066.1 761.0 0.0 0.0 0.0
**********2022-06-05 13:17:32**********
33048.189 33090.009 0.126 17.791 28.324 
0 3 10
0 0 0 2908.5 0 0 0 0 0 0 2996.5 0 0
0 4 12 5 11
0 0.0 0.0 0.0 2574.4 665.3 0.0 0.0 0.0 0.0 0.0 2002.5 662.8
0 6 7 8 1 9 2
0 1000.9 3.5 0.0 0.0 0.0 2047.1 1026.4 1066.1 761.0 0.0 0.0 0.0
**********2022-06-05 13:17:42**********
33048.189 33090.009 0.126 17.791 38.282 
0 3 10
0 0 0 2908.5 0 0 0 0 0 0 2996.5 0 0
0 4 12 5 11
0 0.0 0.0 0.0 2574.4 665.3 0.0 0.0 0.0 0.0 0.0 2002.5 662.8
0 6 7 8 1 9 2
0 1000.9 3.5 0.0 0.0 0.0 2047.1 1026.4 1066.1 761.0 0.0 0.0 0.0
**********2022-06-05 13:17:53**********
33048.189 33090.009 0.126 17.791 49.371 
0 3 10
0 0 0 2908.5 0 0 0 0 0 0 2996.5 0 0
0 4 12 5 11
0 0.0 0.0 0.0 2574.4 665.3 0.0 0.0 0.0 0.0 0.0 2002.5 662.8
0 6 7 8 1 9 2
0 1000.9 3.5 0.0 0.0 0.0 2047.1 1026.4 1066.1 761.0 0.0 0.0 0.0
**********2022-06-05 13:18:04**********
33048.189 33090.009 0.126 17.791 60.089 
0 3 10
0 0 0 2908.5 0 0 0 0 0 0 2996.5 0 0
0 4 12 5 11
0 0.0 0.0 0.0 2574.4 665.3 0.0 0.0 0.0 0.0 0.0 2002.5 662.8
0 6 7 8 1 9 2
0 1000.9 3.5 0.0 0.0 0.0 2047.1 1026.4 1066.1 761.0 0.0 0.0 0.0
**********2022-06-05 13:18:15**********
33048.232 33090.009 0.126 17.791 71.529 
0 3 10
0 0 0 2908.5 0 0 0 0 0 0 2996.5 0 0
0 4 12 5 11
0 0.0 0.0 0.0 2574.4 665.3 0.0 0.0 0.0 0.0 0.0 2002.5 662.8
0 6 7 8 1 9 2
0 1000.9 3.5 0.0 0.0 0.0 2047.1 1026.4 1066.1 761.0 0.0 0.0 0.0
**********2022-06-05 13:18:24**********
33048.232 33090.009 0.126 17.791 80.28 
0 3 10
0 0 0 2908.5 0 0 0 0 0 0 2996.5 0 0
0 4 12 5 11
0 0.0 0.0 0.0 2574.4 665.3 0.0 0.0 0.0 0.0 0.0 2002.5 662.8
0 6 7 8 1 9 2
0 1000.9 3.5 0.0 0.0 0.0 2047.1 1026.4 1066.1 761.0 0.0 0.0 0.0
**********2022-06-05 13:18:31**********
33048.232 33090.009 0.126 17.791 87.314 
0 3 10
0 0 0 2908.5 0 0 0 0 0 0 2996.5 0 0
0 4 12 5 11
0 0.0 0.0 0.0 2574.4 665.3 0.0 0.0 0.0 0.0 0.0 2002.5 662.8
0 6 7 8 1 9 2
0 1000.9 3.5 0.0 0.0 0.0 2047.1 1026.4 1066.1 761.0 0.0 0.0 0.0
**********2022-06-05 13:18:39**********
33048.282 33090.009 0.126 17.791 95.592 
0 3 10
0 0 0 2908.5 0 0 0 0 0 0 2996.5 0 0
0 4 12 5 11
0 0.0 0.0 0.0 2574.4 665.3 0.0 0.0 0.0 0.0 0.0 2002.5 662.8
0 6 7 8 1 9 2
0 1000.9 3.5 0.0 0.0 0.0 2047.1 1026.4 1066.1 761.0 0.0 0.0 0.0
**********2022-06-05 13:18:46**********
33048.316 33090.009 0.126 17.791 102.036 
0 3 10
0 0 0 2908.5 0 0 0 0 0 0 2996.5 0 0
0 4 12 5 11
0 0.0 0.0 0.0 2574.4 665.3 0.0 0.0 0.0 0.0 0.0 2002.5 662.8
0 6 7 8 1 9 2
0 1000.9 3.5 0.0 0.0 0.0 2047.1 1026.4 1066.1 761.0 0.0 0.0 0.0
**********2022-06-05 13:18:52**********
33048.317 33090.009 0.126 17.791 108.534 
0 3 10
0 0 0 2908.5 0 0 0 0 0 0 2996.5 0 0
0 4 12 5 11
0 0.0 0.0 0.0 2574.4 665.3 0.0 0.0 0.0 0.0 0.0 2002.5 662.8
0 6 7 8 1 9 2
0 1000.9 3.5 0.0 0.0 0.0 2047.1 1026.4 1066.1 761.0 0.0 0.0 0.0
**********2022-06-05 13:19:00**********
33049.262 33090.009 0.123 17.791 116.402 
0 3 10
0 0 0 2908.5 0 0 0 0 0 0 2996.5 0 0
0 4 12 5 11
0 0.0 0.0 0.0 2574.4 665.3 0.0 0.0 0.0 0.0 0.0 2002.5 662.8
0 6 7 8 1 9 2
0 1000.9 3.5 0.0 0.0 0.0 2047.1 1026.4 1066.1 761.0 0.0 0.0 0.0
**********2022-06-05 13:19:07**********
33049.262 33090.009 0.123 17.791 123.675 
0 3 10
0 0 0 2908.5 0 0 0 0 0 0 2996.5 0 0
0 4 12 5 11
0 0.0 0.0 0.0 2574.4 665.3 0.0 0.0 0.0 0.0 0.0 2002.5 662.8
0 6 7 8 1 9 2
0 1000.9 3.5 0.0 0.0 0.0 2047.1 1026.4 1066.1 761.0 0.0 0.0 0.0
**********2022-06-05 13:19:15**********
33049.262 33090.009 0.123 17.791 131.003 
0 3 10
0 0 0 2908.5 0 0 0 0 0 0 2996.5 0 0
0 4 12 5 11
0 0.0 0.0 0.0 2574.4 665.3 0.0 0.0 0.0 0.0 0.0 2002.5 662.8
0 6 7 8 1 9 2
0 1000.9 3.5 0.0 0.0 0.0 2047.1 1026.4 1066.1 761.0 0.0 0.0 0.0
**********2022-06-05 13:19:17**********
33049.262 33090.009 0.123 17.791 133.243 
0 3 10
0 0 0 2908.5 0 0 0 0 0 0 2996.5 0 0
0 4 12 5 11
0 0.0 0.0 0.0 2574.4 665.3 0.0 0.0 0.0 0.0 0.0 2002.5 662.8
0 6 7 8 1 9 2
0 1000.9 3.5 0.0 0.0 0.0 2047.1 1026.4 1066.1 761.0 0.0 0.0 0.0
**********2022-06-05 13:19:24**********
33050.127 33090.009 0.121 17.791 140.136 
0 3 10
0 0 0 2908.5 0 0 0 0 0 0 2996.5 0 0
0 4 12 5 11
0 0.0 0.0 0.0 2574.4 665.3 0.0 0.0 0.0 0.0 0.0 2002.5 662.8
0 6 7 8 1 9 2
0 1000.9 3.5 0.0 0.0 0.0 2047.1 1026.4 1066.1 761.0 0.0 0.0 0.0
**********2022-06-05 13:19:30**********
33050.127 33090.009 0.121 17.791 146.08 
0 3 10
0 0 0 2908.5 0 0 0 0 0 0 2996.5 0 0
0 4 12 5 11
0 0.0 0.0 0.0 2574.4 665.3 0.0 0.0 0.0 0.0 0.0 2002.5 662.8
0 6 7 8 1 9 2
0 1000.9 3.5 0.0 0.0 0.0 2047.1 1026.4 1066.1 761.0 0.0 0.0 0.0
**********2022-06-05 13:19:37**********
33050.127 33090.009 0.121 17.791 153.304 
0 3 10
0 0 0 2908.5 0 0 0 0 0 0 2996.5 0 0
0 4 12 5 11
0 0.0 0.0 0.0 2574.4 665.3 0.0 0.0 0.0 0.0 0.0 2002.5 662.8
0 6 7 8 1 9 2
0 1000.9 3.5 0.0 0.0 0.0 2047.1 1026.4 1066.1 761.0 0.0 0.0 0.0
**********2022-06-05 13:19:43**********
33050.127 33090.009 0.121 17.791 159.893 
0 3 10
0 0 0 2908.5 0 0 0 0 0 0 2996.5 0 0
0 4 12 5 11
0 0.0 0.0 0.0 2574.4 665.3 0.0 0.0 0.0 0.0 0.0 2002.5 662.8
0 6 7 8 1 9 2
0 1000.9 3.5 0.0 0.0 0.0 2047.1 1026.4 1066.1 761.0 0.0 0.0 0.0
**********2022-06-05 13:19:49**********
33050.501 33090.009 0.119 17.791 165.706 
0 3 10
0 0 0 2908.5 0 0 0 0 0 0 2996.5 0 0
0 4 12 5 11
0 0.0 0.0 0.0 2574.4 665.3 0.0 0.0 0.0 0.0 0.0 2002.5 662.8
0 6 7 8 1 9 2
0 1000.9 3.5 0.0 0.0 0.0 2047.1 1026.4 1066.1 761.0 0.0 0.0 0.0
**********2022-06-05 13:19:59**********
33050.501 33090.009 0.119 17.791 175.08 
0 3 10
0 0 0 2908.5 0 0 0 0 0 0 2996.5 0 0
0 4 12 5 11
0 0.0 0.0 0.0 2574.4 665.3 0.0 0.0 0.0 0.0 0.0 2002.5 662.8
0 6 7 8 1 9 2
0 1000.9 3.5 0.0 0.0 0.0 2047.1 1026.4 1066.1 761.0 0.0 0.0 0.0
**********2022-06-05 13:20:06**********
33050.501 33090.009 0.119 17.791 182.444 
0 3 10
0 0 0 2908.5 0 0 0 0 0 0 2996.5 0 0
0 4 12 5 11
0 0.0 0.0 0.0 2574.4 665.3 0.0 0.0 0.0 0.0 0.0 2002.5 662.8
0 6 7 8 1 9 2
0 1000.9 3.5 0.0 0.0 0.0 2047.1 1026.4 1066.1 761.0 0.0 0.0 0.0
**********2022-06-05 13:20:13**********
33050.501 33090.009 0.119 17.791 189.37 
0 3 10
0 0 0 2908.5 0 0 0 0 0 0 2996.5 0 0
0 4 12 5 11
0 0.0 0.0 0.0 2574.4 665.3 0.0 0.0 0.0 0.0 0.0 2002.5 662.8
0 6 7 8 1 9 2
0 1000.9 3.5 0.0 0.0 0.0 2047.1 1026.4 1066.1 761.0 0.0 0.0 0.0
**********2022-06-05 13:20:22**********
33050.501 33090.009 0.119 17.791 198.416 
0 3 10
0 0 0 2908.5 0 0 0 0 0 0 2996.5 0 0
0 4 12 5 11
0 0.0 0.0 0.0 2574.4 665.3 0.0 0.0 0.0 0.0 0.0 2002.5 662.8
0 6 7 8 1 9 2
0 1000.9 3.5 0.0 0.0 0.0 2047.1 1026.4 1066.1 761.0 0.0 0.0 0.0
**********2022-06-05 13:20:30**********
33050.573 33090.009 0.119 17.791 206.238 
0 3 10
0 0 0 2908.5 0 0 0 0 0 0 2996.5 0 0
0 4 12 5 11
0 0.0 0.0 0.0 2574.4 665.3 0.0 0.0 0.0 0.0 0.0 2002.5 662.8
0 6 7 8 1 9 2
0 1000.9 3.5 0.0 0.0 0.0 2047.1 1026.4 1066.1 761.0 0.0 0.0 0.0
**********2022-06-05 13:20:38**********
33050.802 33090.009 0.118 17.791 214.007 
0 3 10
0 0 0 2908.5 0 0 0 0 0 0 2996.5 0 0
0 4 12 5 11
0 0.0 0.0 0.0 2574.4 665.3 0.0 0.0 0.0 0.0 0.0 2002.5 662.8
0 6 7 8 1 9 2
0 1000.9 3.5 0.0 0.0 0.0 2047.1 1026.4 1066.1 761.0 0.0 0.0 0.0
**********2022-06-05 13:20:45**********
33050.802 33090.009 0.118 17.791 221.63 
0 3 10
0 0 0 2908.5 0 0 0 0 0 0 2996.5 0 0
0 4 12 5 11
0 0.0 0.0 0.0 2574.4 665.3 0.0 0.0 0.0 0.0 0.0 2002.5 662.8
0 6 7 8 1 9 2
0 1000.9 3.5 0.0 0.0 0.0 2047.1 1026.4 1066.1 761.0 0.0 0.0 0.0
**********2022-06-05 13:20:53**********
33050.839 33090.009 0.118 17.791 229.593 
0 3 10
0 0 0 2908.5 0 0 0 0 0 0 2996.5 0 0
0 4 12 5 11
0 0.0 0.0 0.0 2574.4 665.3 0.0 0.0 0.0 0.0 0.0 2002.5 662.8
0 6 7 8 1 9 2
0 1000.9 3.5 0.0 0.0 0.0 2047.1 1026.4 1066.1 761.0 0.0 0.0 0.0
**********2022-06-05 13:20:59**********
33050.839 33090.009 0.118 17.791 235.393 
0 3 10
0 0 0 2908.5 0 0 0 0 0 0 2996.5 0 0
0 4 12 5 11
0 0.0 0.0 0.0 2574.4 665.3 0.0 0.0 0.0 0.0 0.0 2002.5 662.8
0 6 7 8 1 9 2
0 1000.9 3.5 0.0 0.0 0.0 2047.1 1026.4 1066.1 761.0 0.0 0.0 0.0
**********2022-06-05 13:21:05**********
33050.839 33090.009 0.118 17.791 241.602 
0 3 10
0 0 0 2908.5 0 0 0 0 0 0 2996.5 0 0
0 4 12 5 11
0 0.0 0.0 0.0 2574.4 665.3 0.0 0.0 0.0 0.0 0.0 2002.5 662.8
0 6 7 8 1 9 2
0 1000.9 3.5 0.0 0.0 0.0 2047.1 1026.4 1066.1 761.0 0.0 0.0 0.0
**********2022-06-05 13:21:11**********
33050.839 33090.009 0.118 17.791 247.559 
0 3 10
0 0 0 2908.5 0 0 0 0 0 0 2996.5 0 0
0 4 12 5 11
0 0.0 0.0 0.0 2574.4 665.3 0.0 0.0 0.0 0.0 0.0 2002.5 662.8
0 6 7 8 1 9 2
0 1000.9 3.5 0.0 0.0 0.0 2047.1 1026.4 1066.1 761.0 0.0 0.0 0.0
**********2022-06-05 13:21:17**********
33050.84 33090.009 0.118 17.791 253.315 
0 3 10
0 0 0 2908.5 0 0 0 0 0 0 2996.5 0 0
0 4 12 5 11
0 0.0 0.0 0.0 2574.4 665.3 0.0 0.0 0.0 0.0 0.0 2002.5 662.8
0 6 7 8 1 9 2
0 1000.9 3.5 0.0 0.0 0.0 2047.1 1026.4 1066.1 761.0 0.0 0.0 0.0
**********2022-06-05 13:21:23**********
33050.987 33090.009 0.118 17.791 259.845 
0 3 10
0 0 0 2908.5 0 0 0 0 0 0 2996.5 0 0
0 4 12 5 11
0 0.0 0.0 0.0 2574.4 665.3 0.0 0.0 0.0 0.0 0.0 2002.5 662.8
0 6 7 8 1 9 2
0 1000.9 3.5 0.0 0.0 0.0 2047.1 1026.4 1066.1 761.0 0.0 0.0 0.0
**********2022-06-05 13:21:29**********
33051.335 33090.009 0.117 17.791 265.013 
0 3 10
0 0 0 2908.5 0 0 0 0 0 0 2996.5 0 0
0 4 12 5 11
0 0.0 0.0 0.0 2574.4 665.3 0.0 0.0 0.0 0.0 0.0 2002.5 662.8
0 6 7 8 1 9 2
0 1000.9 3.5 0.0 0.0 0.0 2047.1 1026.4 1066.1 761.0 0.0 0.0 0.0
**********2022-06-05 13:21:36**********
33051.335 33090.009 0.117 17.791 272.207 
0 3 10
0 0 0 2908.5 0 0 0 0 0 0 2996.5 0 0
0 4 12 5 11
0 0.0 0.0 0.0 2574.4 665.3 0.0 0.0 0.0 0.0 0.0 2002.5 662.8
0 6 7 8 1 9 2
0 1000.9 3.5 0.0 0.0 0.0 2047.1 1026.4 1066.1 761.0 0.0 0.0 0.0
**********2022-06-05 13:21:43**********
33051.596 33090.009 0.116 17.791 278.941 
0 3 10
0 0 0 2908.5 0 0 0 0 0 0 2996.5 0 0
0 4 12 5 11
0 0.0 0.0 0.0 2574.4 665.3 0.0 0.0 0.0 0.0 0.0 2002.5 662.8
0 6 7 8 1 9 2
0 1000.9 3.5 0.0 0.0 0.0 2047.1 1026.4 1066.1 761.0 0.0 0.0 0.0
**********2022-06-05 13:21:46**********
33051.596 33090.009 0.116 17.791 282.648 
0 3 10
0 0 0 2908.5 0 0 0 0 0 0 2996.5 0 0
0 4 12 5 11
0 0.0 0.0 0.0 2574.4 665.3 0.0 0.0 0.0 0.0 0.0 2002.5 662.8
0 6 7 8 1 9 2
0 1000.9 3.5 0.0 0.0 0.0 2047.1 1026.4 1066.1 761.0 0.0 0.0 0.0
**********2022-06-05 13:21:51**********
33051.837 33090.009 0.115 17.791 287.159 
0 3 10
0 0 0 2908.5 0 0 0 0 0 0 2996.5 0 0
0 4 12 5 11
0 0.0 0.0 0.0 2574.4 665.3 0.0 0.0 0.0 0.0 0.0 2002.5 662.8
0 6 7 8 1 9 2
0 1000.9 3.5 0.0 0.0 0.0 2047.1 1026.4 1066.1 761.0 0.0 0.0 0.0
**********2022-06-05 13:21:57**********
33052.0 33090.009 0.115 17.791 293.145 
0 3 10
0 0 0 2908.5 0 0 0 0 0 0 2996.5 0 0
0 4 12 5 11
0 0.0 0.0 0.0 2574.4 665.3 0.0 0.0 0.0 0.0 0.0 2002.5 662.8
0 6 7 8 1 9 2
0 1000.9 3.5 0.0 0.0 0.0 2047.1 1026.4 1066.1 761.0 0.0 0.0 0.0
**********2022-06-05 13:22:04**********
33052.0 33090.009 0.115 17.791 300.603 
0 3 10
0 0 0 2908.5 0 0 0 0 0 0 2996.5 0 0
0 4 12 5 11
0 0.0 0.0 0.0 2574.4 665.3 0.0 0.0 0.0 0.0 0.0 2002.5 662.8
0 6 7 8 1 9 2
0 1000.9 3.5 0.0 0.0 0.0 2047.1 1026.4 1066.1 761.0 0.0 0.0 0.0
**********2022-06-05 13:22:11**********
33052.0 33090.009 0.115 17.791 307.702 
0 3 10
0 0 0 2908.5 0 0 0 0 0 0 2996.5 0 0
0 4 12 5 11
0 0.0 0.0 0.0 2574.4 665.3 0.0 0.0 0.0 0.0 0.0 2002.5 662.8
0 6 7 8 1 9 2
0 1000.9 3.5 0.0 0.0 0.0 2047.1 1026.4 1066.1 761.0 0.0 0.0 0.0
**********2022-06-05 13:22:17**********
33052.23 33090.009 0.114 17.791 313.027 
0 3 10
0 0 0 2908.5 0 0 0 0 0 0 2996.5 0 0
0 4 12 5 11
0 0.0 0.0 0.0 2574.4 665.3 0.0 0.0 0.0 0.0 0.0 2002.5 662.8
0 6 7 8 1 9 2
0 1000.9 3.5 0.0 0.0 0.0 2047.1 1026.4 1066.1 761.0 0.0 0.0 0.0
**********2022-06-05 13:22:24**********
33052.318 33090.009 0.114 17.791 320.5 
0 3 10
0 0 0 2908.5 0 0 0 0 0 0 2996.5 0 0
0 4 12 5 11
0 0.0 0.0 0.0 2574.4 665.3 0.0 0.0 0.0 0.0 0.0 2002.5 662.8
0 6 7 8 1 9 2
0 1000.9 3.5 0.0 0.0 0.0 2047.1 1026.4 1066.1 761.0 0.0 0.0 0.0
**********2022-06-05 13:22:32**********
33052.318 33090.009 0.114 17.791 328.718 
0 3 10
0 0 0 2908.5 0 0 0 0 0 0 2996.5 0 0
0 4 12 5 11
0 0.0 0.0 0.0 2574.4 665.3 0.0 0.0 0.0 0.0 0.0 2002.5 662.8
0 6 7 8 1 9 2
0 1000.9 3.5 0.0 0.0 0.0 2047.1 1026.4 1066.1 761.0 0.0 0.0 0.0
**********2022-06-05 13:22:41**********
33052.536 33090.009 0.113 17.791 337.283 
0 3 10
0 0 0 2908.5 0 0 0 0 0 0 2996.5 0 0
0 4 12 5 11
0 0.0 0.0 0.0 2574.4 665.3 0.0 0.0 0.0 0.0 0.0 2002.5 662.8
0 6 7 8 1 9 2
0 1000.9 3.5 0.0 0.0 0.0 2047.1 1026.4 1066.1 761.0 0.0 0.0 0.0
**********2022-06-05 13:22:49**********
33052.565 33090.009 0.113 17.791 345.778 
0 3 10
0 0 0 2908.5 0 0 0 0 0 0 2996.5 0 0
0 4 12 5 11
0 0.0 0.0 0.0 2574.4 665.3 0.0 0.0 0.0 0.0 0.0 2002.5 662.8
0 6 7 8 1 9 2
0 1000.9 3.5 0.0 0.0 0.0 2047.1 1026.4 1066.1 761.0 0.0 0.0 0.0
**********2022-06-05 13:22:58**********
33052.565 33090.009 0.113 17.791 354.374 
0 3 10
0 0 0 2908.5 0 0 0 0 0 0 2996.5 0 0
0 4 12 5 11
0 0.0 0.0 0.0 2574.4 665.3 0.0 0.0 0.0 0.0 0.0 2002.5 662.8
0 6 7 8 1 9 2
0 1000.9 3.5 0.0 0.0 0.0 2047.1 1026.4 1066.1 761.0 0.0 0.0 0.0
**********2022-06-05 13:23:06**********
33052.575 33090.009 0.113 17.791 362.85 
0 3 10
0 0 0 2908.5 0 0 0 0 0 0 2996.5 0 0
0 4 12 5 11
0 0.0 0.0 0.0 2574.4 665.3 0.0 0.0 0.0 0.0 0.0 2002.5 662.8
0 6 7 8 1 9 2
0 1000.9 3.5 0.0 0.0 0.0 2047.1 1026.4 1066.1 761.0 0.0 0.0 0.0
**********2022-06-05 13:23:10**********
33052.72 33090.009 0.113 17.791 366.28 
0 3 10
0 0 0 2908.5 0 0 0 0 0 0 2996.5 0 0
0 4 12 5 11
0 0.0 0.0 0.0 2574.4 665.3 0.0 0.0 0.0 0.0 0.0 2002.5 662.8
0 6 7 8 1 9 2
0 1000.9 3.5 0.0 0.0 0.0 2047.1 1026.4 1066.1 761.0 0.0 0.0 0.0
**********2022-06-05 13:23:16**********
33052.759 33090.009 0.113 17.791 372.249 
0 3 10
0 0 0 2908.5 0 0 0 0 0 0 2996.5 0 0
0 4 12 5 11
0 0.0 0.0 0.0 2574.4 665.3 0.0 0.0 0.0 0.0 0.0 2002.5 662.8
0 6 7 8 1 9 2
0 1000.9 3.5 0.0 0.0 0.0 2047.1 1026.4 1066.1 761.0 0.0 0.0 0.0
**********2022-06-05 13:23:23**********
33052.759 33090.009 0.113 17.791 379.667 
0 3 10
0 0 0 2908.5 0 0 0 0 0 0 2996.5 0 0
0 4 12 5 11
0 0.0 0.0 0.0 2574.4 665.3 0.0 0.0 0.0 0.0 0.0 2002.5 662.8
0 6 7 8 1 9 2
0 1000.9 3.5 0.0 0.0 0.0 2047.1 1026.4 1066.1 761.0 0.0 0.0 0.0
**********2022-06-05 13:23:31**********
33052.759 33090.009 0.113 17.791 387.839 
0 3 10
0 0 0 2908.5 0 0 0 0 0 0 2996.5 0 0
0 4 12 5 11
0 0.0 0.0 0.0 2574.4 665.3 0.0 0.0 0.0 0.0 0.0 2002.5 662.8
0 6 7 8 1 9 2
0 1000.9 3.5 0.0 0.0 0.0 2047.1 1026.4 1066.1 761.0 0.0 0.0 0.0
**********2022-06-05 13:23:38**********
33052.759 33090.009 0.113 17.791 394.525 
0 3 10
0 0 0 2908.5 0 0 0 0 0 0 2996.5 0 0
0 4 12 5 11
0 0.0 0.0 0.0 2574.4 665.3 0.0 0.0 0.0 0.0 0.0 2002.5 662.8
0 6 7 8 1 9 2
0 1000.9 3.5 0.0 0.0 0.0 2047.1 1026.4 1066.1 761.0 0.0 0.0 0.0
**********2022-06-05 13:23:44**********
33052.764 33090.009 0.113 17.791 400.107 
0 3 10
0 0 0 2908.5 0 0 0 0 0 0 2996.5 0 0
0 4 12 5 11
0 0.0 0.0 0.0 2574.4 665.3 0.0 0.0 0.0 0.0 0.0 2002.5 662.8
0 6 7 8 1 9 2
0 1000.9 3.5 0.0 0.0 0.0 2047.1 1026.4 1066.1 761.0 0.0 0.0 0.0
**********2022-06-05 13:23:48**********
33052.83 33090.009 0.112 17.791 404.493 
0 3 10
0 0 0 2908.5 0 0 0 0 0 0 2996.5 0 0
0 4 12 5 11
0 0.0 0.0 0.0 2574.4 665.3 0.0 0.0 0.0 0.0 0.0 2002.5 662.8
0 6 7 8 1 9 2
0 1000.9 3.5 0.0 0.0 0.0 2047.1 1026.4 1066.1 761.0 0.0 0.0 0.0
**********2022-06-05 13:23:54**********
33052.946 33090.009 0.112 17.791 410.286 
0 3 10
0 0 0 2908.5 0 0 0 0 0 0 2996.5 0 0
0 4 12 5 11
0 0.0 0.0 0.0 2574.4 665.3 0.0 0.0 0.0 0.0 0.0 2002.5 662.8
0 6 7 8 1 9 2
0 1000.9 3.5 0.0 0.0 0.0 2047.1 1026.4 1066.1 761.0 0.0 0.0 0.0
**********2022-06-05 13:23:58**********
33053.135 33090.009 0.111 17.791 414.834 
0 3 10
0 0 0 2908.5 0 0 0 0 0 0 2996.5 0 0
0 4 12 5 11
0 0.0 0.0 0.0 2574.4 665.3 0.0 0.0 0.0 0.0 0.0 2002.5 662.8
0 6 7 8 1 9 2
0 1000.9 3.5 0.0 0.0 0.0 2047.1 1026.4 1066.1 761.0 0.0 0.0 0.0
**********2022-06-05 13:24:03**********
33053.242 33090.009 0.111 17.791 419.624 
0 3 10
0 0 0 2908.5 0 0 0 0 0 0 2996.5 0 0
0 4 12 5 11
0 0.0 0.0 0.0 2574.4 665.3 0.0 0.0 0.0 0.0 0.0 2002.5 662.8
0 6 7 8 1 9 2
0 1000.9 3.5 0.0 0.0 0.0 2047.1 1026.4 1066.1 761.0 0.0 0.0 0.0
**********2022-06-05 13:24:09**********
33053.268 33090.009 0.111 17.791 425.238 
0 3 10
0 0 0 2908.5 0 0 0 0 0 0 2996.5 0 0
0 4 12 5 11
0 0.0 0.0 0.0 2574.4 665.3 0.0 0.0 0.0 0.0 0.0 2002.5 662.8
0 6 7 8 1 9 2
0 1000.9 3.5 0.0 0.0 0.0 2047.1 1026.4 1066.1 761.0 0.0 0.0 0.0
**********2022-06-05 13:24:11**********
33053.268 33090.009 0.111 17.791 426.966 
0 3 10
0 0 0 2908.5 0 0 0 0 0 0 2996.5 0 0
0 4 12 5 11
0 0.0 0.0 0.0 2574.4 665.3 0.0 0.0 0.0 0.0 0.0 2002.5 662.8
0 6 7 8 1 9 2
0 1000.9 3.5 0.0 0.0 0.0 2047.1 1026.4 1066.1 761.0 0.0 0.0 0.0
**********2022-06-05 13:24:14**********
33053.268 33090.009 0.111 17.791 430.379 
0 3 10
0 0 0 2908.5 0 0 0 0 0 0 2996.5 0 0
0 4 12 5 11
0 0.0 0.0 0.0 2574.4 665.3 0.0 0.0 0.0 0.0 0.0 2002.5 662.8
0 6 7 8 1 9 2
0 1000.9 3.5 0.0 0.0 0.0 2047.1 1026.4 1066.1 761.0 0.0 0.0 0.0
**********2022-06-05 13:24:18**********
33053.5 33090.009 0.11 17.791 434.685 
0 3 10
0 0 0 2908.5 0 0 0 0 0 0 2996.5 0 0
0 4 12 5 11
0 0.0 0.0 0.0 2574.4 665.3 0.0 0.0 0.0 0.0 0.0 2002.5 662.8
0 6 7 8 1 9 2
0 1000.9 3.5 0.0 0.0 0.0 2047.1 1026.4 1066.1 761.0 0.0 0.0 0.0
**********2022-06-05 13:24:25**********
33053.5 33090.009 0.11 17.791 441.908 
0 3 10
0 0 0 2908.5 0 0 0 0 0 0 2996.5 0 0
0 4 12 5 11
0 0.0 0.0 0.0 2574.4 665.3 0.0 0.0 0.0 0.0 0.0 2002.5 662.8
0 6 7 8 1 9 2
0 1000.9 3.5 0.0 0.0 0.0 2047.1 1026.4 1066.1 761.0 0.0 0.0 0.0
**********2022-06-05 13:24:33**********
33053.502 33090.009 0.11 17.791 449.928 
0 3 10
0 0 0 2908.5 0 0 0 0 0 0 2996.5 0 0
0 4 12 5 11
0 0.0 0.0 0.0 2574.4 665.3 0.0 0.0 0.0 0.0 0.0 2002.5 662.8
0 6 7 8 1 9 2
0 1000.9 3.5 0.0 0.0 0.0 2047.1 1026.4 1066.1 761.0 0.0 0.0 0.0
**********2022-06-05 13:24:42**********
33053.502 33090.009 0.11 17.791 458.076 
0 3 10
0 0 0 2908.5 0 0 0 0 0 0 2996.5 0 0
0 4 12 5 11
0 0.0 0.0 0.0 2574.4 665.3 0.0 0.0 0.0 0.0 0.0 2002.5 662.8
0 6 7 8 1 9 2
0 1000.9 3.5 0.0 0.0 0.0 2047.1 1026.4 1066.1 761.0 0.0 0.0 0.0
**********2022-06-05 13:24:49**********
33053.527 33090.009 0.11 17.791 465.625 
0 3 10
0 0 0 2908.5 0 0 0 0 0 0 2996.5 0 0
0 4 12 5 11
0 0.0 0.0 0.0 2574.4 665.3 0.0 0.0 0.0 0.0 0.0 2002.5 662.8
0 6 7 8 1 9 2
0 1000.9 3.5 0.0 0.0 0.0 2047.1 1026.4 1066.1 761.0 0.0 0.0 0.0
**********2022-06-05 13:24:57**********
33053.527 33090.009 0.11 17.791 473.186 
0 3 10
0 0 0 2908.5 0 0 0 0 0 0 2996.5 0 0
0 4 12 5 11
0 0.0 0.0 0.0 2574.4 665.3 0.0 0.0 0.0 0.0 0.0 2002.5 662.8
0 6 7 8 1 9 2
0 1000.9 3.5 0.0 0.0 0.0 2047.1 1026.4 1066.1 761.0 0.0 0.0 0.0
**********2022-06-05 13:25:03**********
33053.527 33090.009 0.11 17.791 479.343 
0 3 10
0 0 0 2908.5 0 0 0 0 0 0 2996.5 0 0
0 4 12 5 11
0 0.0 0.0 0.0 2574.4 665.3 0.0 0.0 0.0 0.0 0.0 2002.5 662.8
0 6 7 8 1 9 2
0 1000.9 3.5 0.0 0.0 0.0 2047.1 1026.4 1066.1 761.0 0.0 0.0 0.0
**********2022-06-05 13:25:09**********
33053.527 33090.009 0.11 17.791 485.735 
0 3 10
0 0 0 2908.5 0 0 0 0 0 0 2996.5 0 0
0 4 12 5 11
0 0.0 0.0 0.0 2574.4 665.3 0.0 0.0 0.0 0.0 0.0 2002.5 662.8
0 6 7 8 1 9 2
0 1000.9 3.5 0.0 0.0 0.0 2047.1 1026.4 1066.1 761.0 0.0 0.0 0.0
**********2022-06-05 13:25:16**********
33053.551 33090.009 0.11 17.791 492.349 
0 3 10
0 0 0 2908.5 0 0 0 0 0 0 2996.5 0 0
0 4 12 5 11
0 0.0 0.0 0.0 2574.4 665.3 0.0 0.0 0.0 0.0 0.0 2002.5 662.8
0 6 7 8 1 9 2
0 1000.9 3.5 0.0 0.0 0.0 2047.1 1026.4 1066.1 761.0 0.0 0.0 0.0
**********2022-06-05 13:25:22**********
33053.551 33090.009 0.11 17.791 497.971 
0 3 10
0 0 0 2908.5 0 0 0 0 0 0 2996.5 0 0
0 4 12 5 11
0 0.0 0.0 0.0 2574.4 665.3 0.0 0.0 0.0 0.0 0.0 2002.5 662.8
0 6 7 8 1 9 2
0 1000.9 3.5 0.0 0.0 0.0 2047.1 1026.4 1066.1 761.0 0.0 0.0 0.0
**********2022-06-05 13:25:28**********
33053.564 33090.009 0.11 17.791 504.616 
0 3 10
0 0 0 2908.5 0 0 0 0 0 0 2996.5 0 0
0 4 12 5 11
0 0.0 0.0 0.0 2574.4 665.3 0.0 0.0 0.0 0.0 0.0 2002.5 662.8
0 6 7 8 1 9 2
0 1000.9 3.5 0.0 0.0 0.0 2047.1 1026.4 1066.1 761.0 0.0 0.0 0.0
**********2022-06-05 13:25:34**********
33053.642 33090.009 0.11 17.791 510.649 
0 3 10
0 0 0 2908.5 0 0 0 0 0 0 2996.5 0 0
0 4 12 5 11
0 0.0 0.0 0.0 2574.4 665.3 0.0 0.0 0.0 0.0 0.0 2002.5 662.8
0 6 7 8 1 9 2
0 1000.9 3.5 0.0 0.0 0.0 2047.1 1026.4 1066.1 761.0 0.0 0.0 0.0
**********2022-06-05 13:25:40**********
33053.642 33090.009 0.11 17.791 516.556 
0 3 10
0 0 0 2908.5 0 0 0 0 0 0 2996.5 0 0
0 4 12 5 11
0 0.0 0.0 0.0 2574.4 665.3 0.0 0.0 0.0 0.0 0.0 2002.5 662.8
0 6 7 8 1 9 2
0 1000.9 3.5 0.0 0.0 0.0 2047.1 1026.4 1066.1 761.0 0.0 0.0 0.0
**********2022-06-05 13:25:47**********
33053.66 33090.009 0.11 17.791 522.969 
0 3 10
0 0 0 2908.5 0 0 0 0 0 0 2996.5 0 0
0 4 12 5 11
0 0.0 0.0 0.0 2574.4 665.3 0.0 0.0 0.0 0.0 0.0 2002.5 662.8
0 6 7 8 1 9 2
0 1000.9 3.5 0.0 0.0 0.0 2047.1 1026.4 1066.1 761.0 0.0 0.0 0.0
**********2022-06-05 13:25:53**********
33053.668 33090.009 0.11 17.791 529.812 
0 3 10
0 0 0 2908.5 0 0 0 0 0 0 2996.5 0 0
0 4 12 5 11
0 0.0 0.0 0.0 2574.4 665.3 0.0 0.0 0.0 0.0 0.0 2002.5 662.8
0 6 7 8 1 9 2
0 1000.9 3.5 0.0 0.0 0.0 2047.1 1026.4 1066.1 761.0 0.0 0.0 0.0
**********2022-06-05 13:26:00**********
33053.668 33090.009 0.11 17.791 536.433 
0 3 10
0 0 0 2908.5 0 0 0 0 0 0 2996.5 0 0
0 4 12 5 11
0 0.0 0.0 0.0 2574.4 665.3 0.0 0.0 0.0 0.0 0.0 2002.5 662.8
0 6 7 8 1 9 2
0 1000.9 3.5 0.0 0.0 0.0 2047.1 1026.4 1066.1 761.0 0.0 0.0 0.0
**********2022-06-05 13:26:07**********
33053.668 33090.009 0.11 17.791 543.442 
0 3 10
0 0 0 2908.5 0 0 0 0 0 0 2996.5 0 0
0 4 12 5 11
0 0.0 0.0 0.0 2574.4 665.3 0.0 0.0 0.0 0.0 0.0 2002.5 662.8
0 6 7 8 1 9 2
0 1000.9 3.5 0.0 0.0 0.0 2047.1 1026.4 1066.1 761.0 0.0 0.0 0.0
**********2022-06-05 13:26:15**********
33053.689 33090.009 0.11 17.791 551.024 
0 3 10
0 0 0 2908.5 0 0 0 0 0 0 2996.5 0 0
0 4 12 5 11
0 0.0 0.0 0.0 2574.4 665.3 0.0 0.0 0.0 0.0 0.0 2002.5 662.8
0 6 7 8 1 9 2
0 1000.9 3.5 0.0 0.0 0.0 2047.1 1026.4 1066.1 761.0 0.0 0.0 0.0
**********2022-06-05 13:26:24**********
33053.689 33090.009 0.11 17.791 560.297 
0 3 10
0 0 0 2908.5 0 0 0 0 0 0 2996.5 0 0
0 4 12 5 11
0 0.0 0.0 0.0 2574.4 665.3 0.0 0.0 0.0 0.0 0.0 2002.5 662.8
0 6 7 8 1 9 2
0 1000.9 3.5 0.0 0.0 0.0 2047.1 1026.4 1066.1 761.0 0.0 0.0 0.0
**********2022-06-05 13:26:35**********
33053.689 33090.009 0.11 17.791 571.782 
0 3 10
0 0 0 2908.5 0 0 0 0 0 0 2996.5 0 0
0 4 12 5 11
0 0.0 0.0 0.0 2574.4 665.3 0.0 0.0 0.0 0.0 0.0 2002.5 662.8
0 6 7 8 1 9 2
0 1000.9 3.5 0.0 0.0 0.0 2047.1 1026.4 1066.1 761.0 0.0 0.0 0.0
**********2022-06-05 13:26:42**********
33053.698 33090.009 0.11 17.791 578.845 
0 3 10
0 0 0 2908.5 0 0 0 0 0 0 2996.5 0 0
0 4 12 5 11
0 0.0 0.0 0.0 2574.4 665.3 0.0 0.0 0.0 0.0 0.0 2002.5 662.8
0 6 7 8 1 9 2
0 1000.9 3.5 0.0 0.0 0.0 2047.1 1026.4 1066.1 761.0 0.0 0.0 0.0
**********2022-06-05 13:26:50**********
33053.698 33090.009 0.11 17.791 585.98 
0 3 10
0 0 0 2908.5 0 0 0 0 0 0 2996.5 0 0
0 4 12 5 11
0 0.0 0.0 0.0 2574.4 665.3 0.0 0.0 0.0 0.0 0.0 2002.5 662.8
0 6 7 8 1 9 2
0 1000.9 3.5 0.0 0.0 0.0 2047.1 1026.4 1066.1 761.0 0.0 0.0 0.0
**********2022-06-05 13:26:57**********
33053.698 33090.009 0.11 17.791 593.861 
0 3 10
0 0 0 2908.5 0 0 0 0 0 0 2996.5 0 0
0 4 12 5 11
0 0.0 0.0 0.0 2574.4 665.3 0.0 0.0 0.0 0.0 0.0 2002.5 662.8
0 6 7 8 1 9 2
0 1000.9 3.5 0.0 0.0 0.0 2047.1 1026.4 1066.1 761.0 0.0 0.0 0.0
**********2022-06-05 13:27:04**********
33053.854 33090.009 0.109 17.791 600.751 
0 3 10
0 0 0 2908.5 0 0 0 0 0 0 2996.5 0 0
0 4 12 5 11
0 0.0 0.0 0.0 2574.4 665.3 0.0 0.0 0.0 0.0 0.0 2002.5 662.8
0 6 7 8 1 9 2
0 1000.9 3.5 0.0 0.0 0.0 2047.1 1026.4 1066.1 761.0 0.0 0.0 0.0
**********2022-06-05 13:27:11**********
33053.974 33090.009 0.109 17.791 607.011 
0 3 10
0 0 0 2908.5 0 0 0 0 0 0 2996.5 0 0
0 4 12 5 11
0 0.0 0.0 0.0 2574.4 665.3 0.0 0.0 0.0 0.0 0.0 2002.5 662.8
0 6 7 8 1 9 2
0 1000.9 3.5 0.0 0.0 0.0 2047.1 1026.4 1066.1 761.0 0.0 0.0 0.0
**********2022-06-05 13:27:16**********
33054.023 33090.009 0.109 17.791 612.424 
0 3 10
0 0 0 2908.5 0 0 0 0 0 0 2996.5 0 0
0 4 12 5 11
0 0.0 0.0 0.0 2574.4 665.3 0.0 0.0 0.0 0.0 0.0 2002.5 662.8
0 6 7 8 1 9 2
0 1000.9 3.5 0.0 0.0 0.0 2047.1 1026.4 1066.1 761.0 0.0 0.0 0.0
**********2022-06-05 13:27:26**********
33054.023 33090.009 0.109 17.791 622.655 
0 3 10
0 0 0 2908.5 0 0 0 0 0 0 2996.5 0 0
0 4 12 5 11
0 0.0 0.0 0.0 2574.4 665.3 0.0 0.0 0.0 0.0 0.0 2002.5 662.8
0 6 7 8 1 9 2
0 1000.9 3.5 0.0 0.0 0.0 2047.1 1026.4 1066.1 761.0 0.0 0.0 0.0
**********2022-06-05 13:27:34**********
33054.023 33090.009 0.109 17.791 630.898 
0 3 10
0 0 0 2908.5 0 0 0 0 0 0 2996.5 0 0
0 4 12 5 11
0 0.0 0.0 0.0 2574.4 665.3 0.0 0.0 0.0 0.0 0.0 2002.5 662.8
0 6 7 8 1 9 2
0 1000.9 3.5 0.0 0.0 0.0 2047.1 1026.4 1066.1 761.0 0.0 0.0 0.0
**********2022-06-05 13:27:43**********
33054.023 33090.009 0.109 17.791 639.539 
0 3 10
0 0 0 2908.5 0 0 0 0 0 0 2996.5 0 0
0 4 12 5 11
0 0.0 0.0 0.0 2574.4 665.3 0.0 0.0 0.0 0.0 0.0 2002.5 662.8
0 6 7 8 1 9 2
0 1000.9 3.5 0.0 0.0 0.0 2047.1 1026.4 1066.1 761.0 0.0 0.0 0.0
**********2022-06-05 13:27:52**********
33054.023 33090.009 0.109 17.791 648.317 
0 3 10
0 0 0 2908.5 0 0 0 0 0 0 2996.5 0 0
0 4 12 5 11
0 0.0 0.0 0.0 2574.4 665.3 0.0 0.0 0.0 0.0 0.0 2002.5 662.8
0 6 7 8 1 9 2
0 1000.9 3.5 0.0 0.0 0.0 2047.1 1026.4 1066.1 761.0 0.0 0.0 0.0
**********2022-06-05 13:27:59**********
33054.096 33090.009 0.109 17.791 655.356 
0 3 10
0 0 0 2908.5 0 0 0 0 0 0 2996.5 0 0
0 4 12 5 11
0 0.0 0.0 0.0 2574.4 665.3 0.0 0.0 0.0 0.0 0.0 2002.5 662.8
0 6 7 8 1 9 2
0 1000.9 3.5 0.0 0.0 0.0 2047.1 1026.4 1066.1 761.0 0.0 0.0 0.0
**********2022-06-05 13:28:08**********
33054.096 33090.009 0.109 17.791 664.015 
0 3 10
0 0 0 2908.5 0 0 0 0 0 0 2996.5 0 0
0 4 12 5 11
0 0.0 0.0 0.0 2574.4 665.3 0.0 0.0 0.0 0.0 0.0 2002.5 662.8
0 6 7 8 1 9 2
0 1000.9 3.5 0.0 0.0 0.0 2047.1 1026.4 1066.1 761.0 0.0 0.0 0.0
**********2022-06-05 13:28:16**********
33054.103 33090.009 0.109 17.791 671.963 
0 3 10
0 0 0 2908.5 0 0 0 0 0 0 2996.5 0 0
0 4 12 5 11
0 0.0 0.0 0.0 2574.4 665.3 0.0 0.0 0.0 0.0 0.0 2002.5 662.8
0 6 7 8 1 9 2
0 1000.9 3.5 0.0 0.0 0.0 2047.1 1026.4 1066.1 761.0 0.0 0.0 0.0
**********2022-06-05 13:28:23**********
33054.103 33090.009 0.109 17.791 679.17 
0 3 10
0 0 0 2908.5 0 0 0 0 0 0 2996.5 0 0
0 4 12 5 11
0 0.0 0.0 0.0 2574.4 665.3 0.0 0.0 0.0 0.0 0.0 2002.5 662.8
0 6 7 8 1 9 2
0 1000.9 3.5 0.0 0.0 0.0 2047.1 1026.4 1066.1 761.0 0.0 0.0 0.0
**********2022-06-05 13:28:29**********
33054.132 33090.009 0.108 17.791 685.517 
0 3 10
0 0 0 2908.5 0 0 0 0 0 0 2996.5 0 0
0 4 12 5 11
0 0.0 0.0 0.0 2574.4 665.3 0.0 0.0 0.0 0.0 0.0 2002.5 662.8
0 6 7 8 1 9 2
0 1000.9 3.5 0.0 0.0 0.0 2047.1 1026.4 1066.1 761.0 0.0 0.0 0.0
**********2022-06-05 13:28:36**********
33054.346 33090.009 0.108 17.791 692.76 
0 3 10
0 0 0 2908.5 0 0 0 0 0 0 2996.5 0 0
0 4 12 5 11
0 0.0 0.0 0.0 2574.4 665.3 0.0 0.0 0.0 0.0 0.0 2002.5 662.8
0 6 7 8 1 9 2
0 1000.9 3.5 0.0 0.0 0.0 2047.1 1026.4 1066.1 761.0 0.0 0.0 0.0
**********2022-06-05 13:28:38**********
33054.346 33090.009 0.108 17.791 694.817 
0 3 10
0 0 0 2908.5 0 0 0 0 0 0 2996.5 0 0
0 4 12 5 11
0 0.0 0.0 0.0 2574.4 665.3 0.0 0.0 0.0 0.0 0.0 2002.5 662.8
0 6 7 8 1 9 2
0 1000.9 3.5 0.0 0.0 0.0 2047.1 1026.4 1066.1 761.0 0.0 0.0 0.0
**********2022-06-05 13:28:43**********
33054.346 33090.009 0.108 17.791 699.466 
0 3 10
0 0 0 2908.5 0 0 0 0 0 0 2996.5 0 0
0 4 12 5 11
0 0.0 0.0 0.0 2574.4 665.3 0.0 0.0 0.0 0.0 0.0 2002.5 662.8
0 6 7 8 1 9 2
0 1000.9 3.5 0.0 0.0 0.0 2047.1 1026.4 1066.1 761.0 0.0 0.0 0.0
**********2022-06-05 13:28:47**********
33054.346 33090.009 0.108 17.791 703.863 
0 3 10
0 0 0 2908.5 0 0 0 0 0 0 2996.5 0 0
0 4 12 5 11
0 0.0 0.0 0.0 2574.4 665.3 0.0 0.0 0.0 0.0 0.0 2002.5 662.8
0 6 7 8 1 9 2
0 1000.9 3.5 0.0 0.0 0.0 2047.1 1026.4 1066.1 761.0 0.0 0.0 0.0
**********2022-06-05 13:28:52**********
33054.402 33090.009 0.108 17.791 708.793 
0 3 10
0 0 0 2908.5 0 0 0 0 0 0 2996.5 0 0
0 4 12 5 11
0 0.0 0.0 0.0 2574.4 665.3 0.0 0.0 0.0 0.0 0.0 2002.5 662.8
0 6 7 8 1 9 2
0 1000.9 3.5 0.0 0.0 0.0 2047.1 1026.4 1066.1 761.0 0.0 0.0 0.0
**********2022-06-05 13:29:00**********
33054.404 33090.009 0.108 17.791 716.059 
0 3 10
0 0 0 2908.5 0 0 0 0 0 0 2996.5 0 0
0 4 12 5 11
0 0.0 0.0 0.0 2574.4 665.3 0.0 0.0 0.0 0.0 0.0 2002.5 662.8
0 6 7 8 1 9 2
0 1000.9 3.5 0.0 0.0 0.0 2047.1 1026.4 1066.1 761.0 0.0 0.0 0.0
**********2022-06-05 13:29:05**********
33054.425 33090.009 0.108 17.791 721.925 
0 3 10
0 0 0 2908.5 0 0 0 0 0 0 2996.5 0 0
0 4 12 5 11
0 0.0 0.0 0.0 2574.4 665.3 0.0 0.0 0.0 0.0 0.0 2002.5 662.8
0 6 7 8 1 9 2
0 1000.9 3.5 0.0 0.0 0.0 2047.1 1026.4 1066.1 761.0 0.0 0.0 0.0
**********2022-06-05 13:29:12**********
33054.459 33090.009 0.107 17.791 728.271 
0 3 10
0 0 0 2908.5 0 0 0 0 0 0 2996.5 0 0
0 4 12 5 11
0 0.0 0.0 0.0 2574.4 665.3 0.0 0.0 0.0 0.0 0.0 2002.5 662.8
0 6 7 8 1 9 2
0 1000.9 3.5 0.0 0.0 0.0 2047.1 1026.4 1066.1 761.0 0.0 0.0 0.0
**********2022-06-05 13:29:14**********
33054.459 33090.009 0.107 17.791 730.105 
0 3 10
0 0 0 2908.5 0 0 0 0 0 0 2996.5 0 0
0 4 12 5 11
0 0.0 0.0 0.0 2574.4 665.3 0.0 0.0 0.0 0.0 0.0 2002.5 662.8
0 6 7 8 1 9 2
0 1000.9 3.5 0.0 0.0 0.0 2047.1 1026.4 1066.1 761.0 0.0 0.0 0.0
**********2022-06-05 13:29:18**********
33054.459 33090.009 0.107 17.791 734.031 
0 3 10
0 0 0 2908.5 0 0 0 0 0 0 2996.5 0 0
0 4 12 5 11
0 0.0 0.0 0.0 2574.4 665.3 0.0 0.0 0.0 0.0 0.0 2002.5 662.8
0 6 7 8 1 9 2
0 1000.9 3.5 0.0 0.0 0.0 2047.1 1026.4 1066.1 761.0 0.0 0.0 0.0
**********2022-06-05 13:29:22**********
33054.459 33090.009 0.107 17.791 738.01 
0 3 10
0 0 0 2908.5 0 0 0 0 0 0 2996.5 0 0
0 4 12 5 11
0 0.0 0.0 0.0 2574.4 665.3 0.0 0.0 0.0 0.0 0.0 2002.5 662.8
0 6 7 8 1 9 2
0 1000.9 3.5 0.0 0.0 0.0 2047.1 1026.4 1066.1 761.0 0.0 0.0 0.0
**********2022-06-05 13:29:26**********
33054.459 33090.009 0.107 17.791 742.227 
0 3 10
0 0 0 2908.5 0 0 0 0 0 0 2996.5 0 0
0 4 12 5 11
0 0.0 0.0 0.0 2574.4 665.3 0.0 0.0 0.0 0.0 0.0 2002.5 662.8
0 6 7 8 1 9 2
0 1000.9 3.5 0.0 0.0 0.0 2047.1 1026.4 1066.1 761.0 0.0 0.0 0.0
**********2022-06-05 13:29:30**********
33054.459 33090.009 0.107 17.791 746.383 
0 3 10
0 0 0 2908.5 0 0 0 0 0 0 2996.5 0 0
0 4 12 5 11
0 0.0 0.0 0.0 2574.4 665.3 0.0 0.0 0.0 0.0 0.0 2002.5 662.8
0 6 7 8 1 9 2
0 1000.9 3.5 0.0 0.0 0.0 2047.1 1026.4 1066.1 761.0 0.0 0.0 0.0
**********2022-06-05 13:29:34**********
33054.459 33090.009 0.107 17.791 750.803 
0 3 10
0 0 0 2908.5 0 0 0 0 0 0 2996.5 0 0
0 4 12 5 11
0 0.0 0.0 0.0 2574.4 665.3 0.0 0.0 0.0 0.0 0.0 2002.5 662.8
0 6 7 8 1 9 2
0 1000.9 3.5 0.0 0.0 0.0 2047.1 1026.4 1066.1 761.0 0.0 0.0 0.0
**********2022-06-05 13:29:39**********
33054.495 33090.009 0.107 17.791 755.322 
0 3 10
0 0 0 2908.5 0 0 0 0 0 0 2996.5 0 0
0 4 12 5 11
0 0.0 0.0 0.0 2574.4 665.3 0.0 0.0 0.0 0.0 0.0 2002.5 662.8
0 6 7 8 1 9 2
0 1000.9 3.5 0.0 0.0 0.0 2047.1 1026.4 1066.1 761.0 0.0 0.0 0.0
**********2022-06-05 13:29:44**********
33054.495 33090.009 0.107 17.791 760.325 
0 3 10
0 0 0 2908.5 0 0 0 0 0 0 2996.5 0 0
0 4 12 5 11
0 0.0 0.0 0.0 2574.4 665.3 0.0 0.0 0.0 0.0 0.0 2002.5 662.8
0 6 7 8 1 9 2
0 1000.9 3.5 0.0 0.0 0.0 2047.1 1026.4 1066.1 761.0 0.0 0.0 0.0
**********2022-06-05 13:29:50**********
33054.505 33090.009 0.107 17.791 766.485 
0 3 10
0 0 0 2908.5 0 0 0 0 0 0 2996.5 0 0
0 4 12 5 11
0 0.0 0.0 0.0 2574.4 665.3 0.0 0.0 0.0 0.0 0.0 2002.5 662.8
0 6 7 8 1 9 2
0 1000.9 3.5 0.0 0.0 0.0 2047.1 1026.4 1066.1 761.0 0.0 0.0 0.0
**********2022-06-05 13:29:57**********
33054.505 33090.009 0.107 17.791 773.065 
0 3 10
0 0 0 2908.5 0 0 0 0 0 0 2996.5 0 0
0 4 12 5 11
0 0.0 0.0 0.0 2574.4 665.3 0.0 0.0 0.0 0.0 0.0 2002.5 662.8
0 6 7 8 1 9 2
0 1000.9 3.5 0.0 0.0 0.0 2047.1 1026.4 1066.1 761.0 0.0 0.0 0.0
**********2022-06-05 13:30:04**********
33054.505 33090.009 0.107 17.791 779.967 
0 3 10
0 0 0 2908.5 0 0 0 0 0 0 2996.5 0 0
0 4 12 5 11
0 0.0 0.0 0.0 2574.4 665.3 0.0 0.0 0.0 0.0 0.0 2002.5 662.8
0 6 7 8 1 9 2
0 1000.9 3.5 0.0 0.0 0.0 2047.1 1026.4 1066.1 761.0 0.0 0.0 0.0
**********2022-06-05 13:30:10**********
33054.523 33090.009 0.107 17.791 786.596 
0 3 10
0 0 0 2908.5 0 0 0 0 0 0 2996.5 0 0
0 4 12 5 11
0 0.0 0.0 0.0 2574.4 665.3 0.0 0.0 0.0 0.0 0.0 2002.5 662.8
0 6 7 8 1 9 2
0 1000.9 3.5 0.0 0.0 0.0 2047.1 1026.4 1066.1 761.0 0.0 0.0 0.0
**********2022-06-05 13:30:18**********
33054.523 33090.009 0.107 17.791 794.404 
0 3 10
0 0 0 2908.5 0 0 0 0 0 0 2996.5 0 0
0 4 12 5 11
0 0.0 0.0 0.0 2574.4 665.3 0.0 0.0 0.0 0.0 0.0 2002.5 662.8
0 6 7 8 1 9 2
0 1000.9 3.5 0.0 0.0 0.0 2047.1 1026.4 1066.1 761.0 0.0 0.0 0.0
**********2022-06-05 13:30:27**********
33054.523 33090.009 0.107 17.791 803.463 
0 3 10
0 0 0 2908.5 0 0 0 0 0 0 2996.5 0 0
0 4 12 5 11
0 0.0 0.0 0.0 2574.4 665.3 0.0 0.0 0.0 0.0 0.0 2002.5 662.8
0 6 7 8 1 9 2
0 1000.9 3.5 0.0 0.0 0.0 2047.1 1026.4 1066.1 761.0 0.0 0.0 0.0
**********2022-06-05 13:30:38**********
33054.525 33090.009 0.107 17.791 814.071 
0 3 10
0 0 0 2908.5 0 0 0 0 0 0 2996.5 0 0
0 4 12 5 11
0 0.0 0.0 0.0 2574.4 665.3 0.0 0.0 0.0 0.0 0.0 2002.5 662.8
0 6 7 8 1 9 2
0 1000.9 3.5 0.0 0.0 0.0 2047.1 1026.4 1066.1 761.0 0.0 0.0 0.0
**********2022-06-05 13:30:45**********
33054.525 33090.009 0.107 17.791 821.261 
0 3 10
0 0 0 2908.5 0 0 0 0 0 0 2996.5 0 0
0 4 12 5 11
0 0.0 0.0 0.0 2574.4 665.3 0.0 0.0 0.0 0.0 0.0 2002.5 662.8
0 6 7 8 1 9 2
0 1000.9 3.5 0.0 0.0 0.0 2047.1 1026.4 1066.1 761.0 0.0 0.0 0.0
**********2022-06-05 13:30:52**********
33054.525 33090.009 0.107 17.791 828.605 
0 3 10
0 0 0 2908.5 0 0 0 0 0 0 2996.5 0 0
0 4 12 5 11
0 0.0 0.0 0.0 2574.4 665.3 0.0 0.0 0.0 0.0 0.0 2002.5 662.8
0 6 7 8 1 9 2
0 1000.9 3.5 0.0 0.0 0.0 2047.1 1026.4 1066.1 761.0 0.0 0.0 0.0
**********2022-06-05 13:30:59**********
33054.525 33090.009 0.107 17.791 835.324 
0 3 10
0 0 0 2908.5 0 0 0 0 0 0 2996.5 0 0
0 4 12 5 11
0 0.0 0.0 0.0 2574.4 665.3 0.0 0.0 0.0 0.0 0.0 2002.5 662.8
0 6 7 8 1 9 2
0 1000.9 3.5 0.0 0.0 0.0 2047.1 1026.4 1066.1 761.0 0.0 0.0 0.0
**********2022-06-05 13:31:06**********
33054.532 33090.009 0.107 17.791 842.094 
0 3 10
0 0 0 2908.5 0 0 0 0 0 0 2996.5 0 0
0 4 12 5 11
0 0.0 0.0 0.0 2574.4 665.3 0.0 0.0 0.0 0.0 0.0 2002.5 662.8
0 6 7 8 1 9 2
0 1000.9 3.5 0.0 0.0 0.0 2047.1 1026.4 1066.1 761.0 0.0 0.0 0.0
**********2022-06-05 13:31:13**********
33054.532 33090.009 0.107 17.791 849.056 
0 3 10
0 0 0 2908.5 0 0 0 0 0 0 2996.5 0 0
0 4 12 5 11
0 0.0 0.0 0.0 2574.4 665.3 0.0 0.0 0.0 0.0 0.0 2002.5 662.8
0 6 7 8 1 9 2
0 1000.9 3.5 0.0 0.0 0.0 2047.1 1026.4 1066.1 761.0 0.0 0.0 0.0
**********2022-06-05 13:31:22**********
33054.532 33090.009 0.107 17.791 858.342 
0 3 10
0 0 0 2908.5 0 0 0 0 0 0 2996.5 0 0
0 4 12 5 11
0 0.0 0.0 0.0 2574.4 665.3 0.0 0.0 0.0 0.0 0.0 2002.5 662.8
0 6 7 8 1 9 2
0 1000.9 3.5 0.0 0.0 0.0 2047.1 1026.4 1066.1 761.0 0.0 0.0 0.0
**********2022-06-05 13:31:29**********
33054.532 33090.009 0.107 17.791 865.376 
0 3 10
0 0 0 2908.5 0 0 0 0 0 0 2996.5 0 0
0 4 12 5 11
0 0.0 0.0 0.0 2574.4 665.3 0.0 0.0 0.0 0.0 0.0 2002.5 662.8
0 6 7 8 1 9 2
0 1000.9 3.5 0.0 0.0 0.0 2047.1 1026.4 1066.1 761.0 0.0 0.0 0.0
**********2022-06-05 13:31:36**********
33054.575 33090.009 0.107 17.791 872.026 
0 3 10
0 0 0 2908.5 0 0 0 0 0 0 2996.5 0 0
0 4 12 5 11
0 0.0 0.0 0.0 2574.4 665.3 0.0 0.0 0.0 0.0 0.0 2002.5 662.8
0 6 7 8 1 9 2
0 1000.9 3.5 0.0 0.0 0.0 2047.1 1026.4 1066.1 761.0 0.0 0.0 0.0
**********2022-06-05 13:31:42**********
33054.575 33090.009 0.107 17.791 878.788 
0 3 10
0 0 0 2908.5 0 0 0 0 0 0 2996.5 0 0
0 4 12 5 11
0 0.0 0.0 0.0 2574.4 665.3 0.0 0.0 0.0 0.0 0.0 2002.5 662.8
0 6 7 8 1 9 2
0 1000.9 3.5 0.0 0.0 0.0 2047.1 1026.4 1066.1 761.0 0.0 0.0 0.0
**********2022-06-05 13:31:49**********
33054.575 33090.009 0.107 17.791 885.537 
0 3 10
0 0 0 2908.5 0 0 0 0 0 0 2996.5 0 0
0 4 12 5 11
0 0.0 0.0 0.0 2574.4 665.3 0.0 0.0 0.0 0.0 0.0 2002.5 662.8
0 6 7 8 1 9 2
0 1000.9 3.5 0.0 0.0 0.0 2047.1 1026.4 1066.1 761.0 0.0 0.0 0.0
**********2022-06-05 13:31:56**********
33054.575 33090.009 0.107 17.791 892.43 
0 3 10
0 0 0 2908.5 0 0 0 0 0 0 2996.5 0 0
0 4 12 5 11
0 0.0 0.0 0.0 2574.4 665.3 0.0 0.0 0.0 0.0 0.0 2002.5 662.8
0 6 7 8 1 9 2
0 1000.9 3.5 0.0 0.0 0.0 2047.1 1026.4 1066.1 761.0 0.0 0.0 0.0
**********2022-06-05 13:32:02**********
33054.575 33090.009 0.107 17.791 898.483 
0 3 10
0 0 0 2908.5 0 0 0 0 0 0 2996.5 0 0
0 4 12 5 11
0 0.0 0.0 0.0 2574.4 665.3 0.0 0.0 0.0 0.0 0.0 2002.5 662.8
0 6 7 8 1 9 2
0 1000.9 3.5 0.0 0.0 0.0 2047.1 1026.4 1066.1 761.0 0.0 0.0 0.0
**********2022-06-05 13:32:09**********
33054.583 33090.009 0.107 17.791 905.145 
0 3 10
0 0 0 2908.5 0 0 0 0 0 0 2996.5 0 0
0 4 12 5 11
0 0.0 0.0 0.0 2574.4 665.3 0.0 0.0 0.0 0.0 0.0 2002.5 662.8
0 6 7 8 1 9 2
0 1000.9 3.5 0.0 0.0 0.0 2047.1 1026.4 1066.1 761.0 0.0 0.0 0.0
**********2022-06-05 13:32:16**********
33054.583 33090.009 0.107 17.791 912.807 
0 3 10
0 0 0 2908.5 0 0 0 0 0 0 2996.5 0 0
0 4 12 5 11
0 0.0 0.0 0.0 2574.4 665.3 0.0 0.0 0.0 0.0 0.0 2002.5 662.8
0 6 7 8 1 9 2
0 1000.9 3.5 0.0 0.0 0.0 2047.1 1026.4 1066.1 761.0 0.0 0.0 0.0
**********2022-06-05 13:32:24**********
33054.583 33090.009 0.107 17.791 920.865 
0 3 10
0 0 0 2908.5 0 0 0 0 0 0 2996.5 0 0
0 4 12 5 11
0 0.0 0.0 0.0 2574.4 665.3 0.0 0.0 0.0 0.0 0.0 2002.5 662.8
0 6 7 8 1 9 2
0 1000.9 3.5 0.0 0.0 0.0 2047.1 1026.4 1066.1 761.0 0.0 0.0 0.0
**********2022-06-05 13:32:33**********
33054.583 33090.009 0.107 17.791 929.163 
0 3 10
0 0 0 2908.5 0 0 0 0 0 0 2996.5 0 0
0 4 12 5 11
0 0.0 0.0 0.0 2574.4 665.3 0.0 0.0 0.0 0.0 0.0 2002.5 662.8
0 6 7 8 1 9 2
0 1000.9 3.5 0.0 0.0 0.0 2047.1 1026.4 1066.1 761.0 0.0 0.0 0.0
**********2022-06-05 13:32:42**********
33054.629 33090.009 0.107 17.791 938.006 
0 3 10
0 0 0 2908.5 0 0 0 0 0 0 2996.5 0 0
0 4 12 5 11
0 0.0 0.0 0.0 2574.4 665.3 0.0 0.0 0.0 0.0 0.0 2002.5 662.8
0 6 7 8 1 9 2
0 1000.9 3.5 0.0 0.0 0.0 2047.1 1026.4 1066.1 761.0 0.0 0.0 0.0
**********2022-06-05 13:32:46**********
33054.67 33090.009 0.107 17.791 942.814 
0 3 10
0 0 0 2908.5 0 0 0 0 0 0 2996.5 0 0
0 4 12 5 11
0 0.0 0.0 0.0 2574.4 665.3 0.0 0.0 0.0 0.0 0.0 2002.5 662.8
0 6 7 8 1 9 2
0 1000.9 3.5 0.0 0.0 0.0 2047.1 1026.4 1066.1 761.0 0.0 0.0 0.0
**********2022-06-05 13:32:52**********
33054.67 33090.009 0.107 17.791 948.223 
0 3 10
0 0 0 2908.5 0 0 0 0 0 0 2996.5 0 0
0 4 12 5 11
0 0.0 0.0 0.0 2574.4 665.3 0.0 0.0 0.0 0.0 0.0 2002.5 662.8
0 6 7 8 1 9 2
0 1000.9 3.5 0.0 0.0 0.0 2047.1 1026.4 1066.1 761.0 0.0 0.0 0.0
**********2022-06-05 13:32:57**********
33054.757 33090.009 0.107 17.791 953.518 
0 3 10
0 0 0 2908.5 0 0 0 0 0 0 2996.5 0 0
0 4 12 5 11
0 0.0 0.0 0.0 2574.4 665.3 0.0 0.0 0.0 0.0 0.0 2002.5 662.8
0 6 7 8 1 9 2
0 1000.9 3.5 0.0 0.0 0.0 2047.1 1026.4 1066.1 761.0 0.0 0.0 0.0
**********2022-06-05 13:33:05**********
33054.774 33090.009 0.106 17.791 961.435 
0 3 10
0 0 0 2908.5 0 0 0 0 0 0 2996.5 0 0
0 4 12 5 11
0 0.0 0.0 0.0 2574.4 665.3 0.0 0.0 0.0 0.0 0.0 2002.5 662.8
0 6 7 8 1 9 2
0 1000.9 3.5 0.0 0.0 0.0 2047.1 1026.4 1066.1 761.0 0.0 0.0 0.0
**********2022-06-05 13:33:11**********
33054.774 33090.009 0.106 17.791 967.598 
0 3 10
0 0 0 2908.5 0 0 0 0 0 0 2996.5 0 0
0 4 12 5 11
0 0.0 0.0 0.0 2574.4 665.3 0.0 0.0 0.0 0.0 0.0 2002.5 662.8
0 6 7 8 1 9 2
0 1000.9 3.5 0.0 0.0 0.0 2047.1 1026.4 1066.1 761.0 0.0 0.0 0.0
**********2022-06-05 13:33:19**********
33054.774 33090.009 0.106 17.791 974.985 
0 3 10
0 0 0 2908.5 0 0 0 0 0 0 2996.5 0 0
0 4 12 5 11
0 0.0 0.0 0.0 2574.4 665.3 0.0 0.0 0.0 0.0 0.0 2002.5 662.8
0 6 7 8 1 9 2
0 1000.9 3.5 0.0 0.0 0.0 2047.1 1026.4 1066.1 761.0 0.0 0.0 0.0
**********2022-06-05 13:33:25**********
33054.774 33090.009 0.106 17.791 981.674 
0 3 10
0 0 0 2908.5 0 0 0 0 0 0 2996.5 0 0
0 4 12 5 11
0 0.0 0.0 0.0 2574.4 665.3 0.0 0.0 0.0 0.0 0.0 2002.5 662.8
0 6 7 8 1 9 2
0 1000.9 3.5 0.0 0.0 0.0 2047.1 1026.4 1066.1 761.0 0.0 0.0 0.0
**********2022-06-05 13:33:31**********
33054.797 33090.009 0.106 17.791 987.77 
0 3 10
0 0 0 2908.5 0 0 0 0 0 0 2996.5 0 0
0 4 12 5 11
0 0.0 0.0 0.0 2574.4 665.3 0.0 0.0 0.0 0.0 0.0 2002.5 662.8
0 6 7 8 1 9 2
0 1000.9 3.5 0.0 0.0 0.0 2047.1 1026.4 1066.1 761.0 0.0 0.0 0.0
**********2022-06-05 13:33:37**********
33054.815 33090.009 0.106 17.791 993.776 
0 3 10
0 0 0 2908.5 0 0 0 0 0 0 2996.5 0 0
0 4 12 5 11
0 0.0 0.0 0.0 2574.4 665.3 0.0 0.0 0.0 0.0 0.0 2002.5 662.8
0 6 7 8 1 9 2
0 1000.9 3.5 0.0 0.0 0.0 2047.1 1026.4 1066.1 761.0 0.0 0.0 0.0
**********2022-06-05 13:33:43**********
33054.815 33090.009 0.106 17.791 999.746 
0 3 10
0 0 0 2908.5 0 0 0 0 0 0 2996.5 0 0
0 4 12 5 11
0 0.0 0.0 0.0 2574.4 665.3 0.0 0.0 0.0 0.0 0.0 2002.5 662.8
0 6 7 8 1 9 2
0 1000.9 3.5 0.0 0.0 0.0 2047.1 1026.4 1066.1 761.0 0.0 0.0 0.0
**********2022-06-05 13:33:49**********
33054.815 33090.009 0.106 17.791 1005.697 
0 3 10
0 0 0 2908.5 0 0 0 0 0 0 2996.5 0 0
0 4 12 5 11
0 0.0 0.0 0.0 2574.4 665.3 0.0 0.0 0.0 0.0 0.0 2002.5 662.8
0 6 7 8 1 9 2
0 1000.9 3.5 0.0 0.0 0.0 2047.1 1026.4 1066.1 761.0 0.0 0.0 0.0
**********2022-06-05 13:33:52**********
33054.815 33090.009 0.106 17.791 1007.938 
0 3 10
0 0 0 2908.5 0 0 0 0 0 0 2996.5 0 0
0 4 12 5 11
0 0.0 0.0 0.0 2574.4 665.3 0.0 0.0 0.0 0.0 0.0 2002.5 662.8
0 6 7 8 1 9 2
0 1000.9 3.5 0.0 0.0 0.0 2047.1 1026.4 1066.1 761.0 0.0 0.0 0.0
