**********2022-06-12 14:33:40**********
41480.819 21381.213 -94.006 306.13 14.878 
0 5 10
0 0.0 0.0 0.0 0.0 0.6 0.0 0.0 0.0 0.0 16073.4 0.0 0.0
0 3 12 4 11
0 0 0 1891.2 859.1 0 0 0 0 0 0 9875.4 1319.9
0 2 9 1 8 7 6
0 3961.3 88.6 0 0 0 233.8 1202.6 3712.3 968.0 0 0 0
**********2022-06-12 22:47:44**********
41480.819 21460.42 -93.29 232.39 13.117 
0 2 10
0 0.0 0.6 0.0 0.0 0.0 0.0 0.0 0.0 0.0 18291.4 0.0 0.0
0 4 12 5 11
0 0 0 0 584.0 5957.0 0 0 0 0 0 7420.4 578.0
0 6 7 8 1 9 3
0 1003.1 0 2765.6 0 0 2311.3 2874.3 29.2 3917.1 0 0 0
**********2022-06-12 22:51:52**********
41480.819 41508.783 0.067 16.367 16.368 
0 7 9 3 12 11
0 0 0 6234.9 0 0 0 5479.3 0 3461.3 0 7694.2 566.7
0 8 4 5 6 1
0 3180.4 0 0 473.8 6167.0 7605.3 0 6.0 0 0 0 0
0 2 10
0 0.0 0.5 0.0 0.0 0.0 0.0 0.0 0.0 0.0 27245.5 0.0 0.0
**********2022-06-12 22:52:06**********
41480.819 41504.797 0.058 29.55 29.55 
0 2 10
0 0.0 0.5 0.0 0.0 0.0 0.0 0.0 0.0 0.0 27245.5 0.0 0.0
0 6 9 1
0 3180.4 0 0 0 0 7605.3 0 0 3461.3 0 0 0
0 3 11 7 5 8 12 4
0 0 0 6234.9 473.8 6167.0 0 5479.3 6.0 0 0 7694.2 566.7
**********2022-06-12 22:52:18**********
41480.819 41504.797 0.058 29.55 41.389 
0 2 10
0 0.0 0.5 0.0 0.0 0.0 0.0 0.0 0.0 0.0 27245.5 0.0 0.0
0 6 9 1
0 3180.4 0 0 0 0 7605.3 0 0 3461.3 0 0 0
0 3 11 7 5 8 12 4
0 0 0 6234.9 473.8 6167.0 0 5479.3 6.0 0 0 7694.2 566.7
**********2022-06-12 22:52:29**********
41480.819 41501.755 0.05 52.695 52.695 
0 2 10
0 0.0 0.5 0.0 0.0 0.0 0.0 0.0 0.0 0.0 27245.5 0.0 0.0
0 3 11 6
0 0 0 6234.9 0 0 7605.3 0 0 0 0 7694.2 0
0 8 1 12 7 9 5 4
0 3180.4 0 0 473.8 6167.0 0 5479.3 6.0 3461.3 0 0 566.7
**********2022-06-12 22:52:39**********
41480.819 41501.755 0.05 52.695 62.798 
0 2 10
0 0.0 0.5 0.0 0.0 0.0 0.0 0.0 0.0 0.0 27245.5 0.0 0.0
0 3 11 6
0 0 0 6234.9 0 0 7605.3 0 0 0 0 7694.2 0
0 8 1 12 7 9 5 4
0 3180.4 0 0 473.8 6167.0 0 5479.3 6.0 3461.3 0 0 566.7
**********2022-06-12 22:52:48**********
41480.819 41501.755 0.05 52.695 71.692 
0 2 10
0 0.0 0.5 0.0 0.0 0.0 0.0 0.0 0.0 0.0 27245.5 0.0 0.0
0 3 11 6
0 0 0 6234.9 0 0 7605.3 0 0 0 0 7694.2 0
0 8 1 12 7 9 5 4
0 3180.4 0 0 473.8 6167.0 0 5479.3 6.0 3461.3 0 0 566.7
**********2022-06-12 22:52:55**********
41480.819 41501.755 0.05 52.695 79.025 
0 2 10
0 0.0 0.5 0.0 0.0 0.0 0.0 0.0 0.0 0.0 27245.5 0.0 0.0
0 3 11 6
0 0 0 6234.9 0 0 7605.3 0 0 0 0 7694.2 0
0 8 1 12 7 9 5 4
0 3180.4 0 0 473.8 6167.0 0 5479.3 6.0 3461.3 0 0 566.7
**********2022-06-12 22:53:05**********
41480.819 41500.333 0.047 89.215 89.216 
0 3 9 12 5 7
0 0 0 6234.9 0 6167.0 0 5479.3 0 3461.3 0 0 566.7
0 1 8 11 6 4
0 3180.4 0 0 473.8 0 7605.3 0 6.0 0 0 7694.2 0
0 10 2
0 0 0.5 0 0 0 0 0 0 0 27245.5 0 0
**********2022-06-12 22:53:12**********
41480.819 41495.791 0.036 96.054 96.054 
0 2 10
0 0.0 0.5 0.0 0.0 0.0 0.0 0.0 0.0 0.0 27245.5 0.0 0.0
0 3 9 12 5 7
0 0 0 6234.9 0 6167.0 0 5479.3 0 3461.3 0 0 566.7
0 1 8 11 6 4
0 3180.4 0 0 473.8 0 7605.3 0 6.0 0 0 7694.2 0
**********2022-06-12 22:53:18**********
41480.819 41495.791 0.036 96.054 102.356 
0 2 10
0 0.0 0.5 0.0 0.0 0.0 0.0 0.0 0.0 0.0 27245.5 0.0 0.0
0 3 9 12 5 7
0 0 0 6234.9 0 6167.0 0 5479.3 0 3461.3 0 0 566.7
0 1 8 11 6 4
0 3180.4 0 0 473.8 0 7605.3 0 6.0 0 0 7694.2 0
**********2022-06-12 22:53:24**********
41480.819 41490.801 0.024 108.113 108.113 
0 2 10
0 0.0 0.5 0.0 0.0 0.0 0.0 0.0 0.0 0.0 27245.5 0.0 0.0
0 6 11 8 7
0 0 0 0 0 0 7605.3 5479.3 6.0 0 0 7694.2 0
0 1 9 3 5 12 4
0 3180.4 0 6234.9 473.8 6167.0 0 0 0 3461.3 0 0 566.7
**********2022-06-12 22:53:31**********
41480.819 41488.505 0.019 114.964 114.965 
0 2 10
0 0.0 0.5 0.0 0.0 0.0 0.0 0.0 0.0 0.0 27245.5 0.0 0.0
0 3 9 1 8 11
0 3180.4 0 6234.9 0 0 0 0 6.0 3461.3 0 7694.2 0
0 5 12 4 6 7
0 0 0 0 473.8 6167.0 7605.3 5479.3 0 0 0 0 566.7
**********2022-06-12 22:53:37**********
41480.819 41488.505 0.019 120.575 120.575 
0 2 10
0 0.0 0.5 0.0 0.0 0.0 0.0 0.0 0.0 0.0 27245.5 0.0 0.0
0 3 9 1 8 11
0 3180.4 0 6234.9 0 0 0 0 6.0 3461.3 0 7694.2 0
0 5 12 4 6 7
0 0 0 0 473.8 6167.0 7605.3 5479.3 0 0 0 0 566.7
**********2022-06-12 22:53:42**********
41480.819 41488.505 0.019 120.575 125.621 
0 2 10
0 0.0 0.5 0.0 0.0 0.0 0.0 0.0 0.0 0.0 27245.5 0.0 0.0
0 3 9 1 8 11
0 3180.4 0 6234.9 0 0 0 0 6.0 3461.3 0 7694.2 0
0 5 12 4 6 7
0 0 0 0 473.8 6167.0 7605.3 5479.3 0 0 0 0 566.7
**********2022-06-12 22:53:47**********
41480.819 41488.505 0.019 120.575 130.811 
0 2 10
0 0.0 0.5 0.0 0.0 0.0 0.0 0.0 0.0 0.0 27245.5 0.0 0.0
0 3 9 1 8 11
0 3180.4 0 6234.9 0 0 0 0 6.0 3461.3 0 7694.2 0
0 5 12 4 6 7
0 0 0 0 473.8 6167.0 7605.3 5479.3 0 0 0 0 566.7
**********2022-06-12 22:53:51**********
41480.819 41488.355 0.018 135.089 135.089 
0 2 10
0 0 0.5 0 0 0 0 0 0 0 27245.5 0 0
0 4 6 7 5 12
0 0 0 0 473.8 6167.0 7605.3 5479.3 0 0 0 0 566.7
0 3 9 1 8 11
0 3180.4 0 6234.9 0 0 0 0 6.0 3461.3 0 7694.2 0
**********2022-06-12 22:53:56**********
41480.819 41488.355 0.018 135.089 139.455 
0 2 10
0 0 0.5 0 0 0 0 0 0 0 27245.5 0 0
0 4 6 7 5 12
0 0 0 0 473.8 6167.0 7605.3 5479.3 0 0 0 0 566.7
0 3 9 1 8 11
0 3180.4 0 6234.9 0 0 0 0 6.0 3461.3 0 7694.2 0
**********2022-06-12 22:54:00**********
41480.819 41488.355 0.018 135.089 143.836 
0 2 10
0 0 0.5 0 0 0 0 0 0 0 27245.5 0 0
0 4 6 7 5 12
0 0 0 0 473.8 6167.0 7605.3 5479.3 0 0 0 0 566.7
0 3 9 1 8 11
0 3180.4 0 6234.9 0 0 0 0 6.0 3461.3 0 7694.2 0
**********2022-06-12 22:54:05**********
41480.819 41488.355 0.018 135.089 148.448 
0 2 10
0 0 0.5 0 0 0 0 0 0 0 27245.5 0 0
0 4 6 7 5 12
0 0 0 0 473.8 6167.0 7605.3 5479.3 0 0 0 0 566.7
0 3 9 1 8 11
0 3180.4 0 6234.9 0 0 0 0 6.0 3461.3 0 7694.2 0
**********2022-06-12 22:54:08**********
41480.819 41485.155 0.01 152.356 152.356 
0 2 10
0 0.0 0.5 0.0 0.0 0.0 0.0 0.0 0.0 0.0 27245.5 0.0 0.0
0 3 9 1 8 11
0 3180.4 0 6234.9 0 0 0 0 6.0 3461.3 0 7694.2 0
0 6 7 5 12 4
0 0 0 0 473.8 6167.0 7605.3 5479.3 0 0 0 0 566.7
**********2022-06-12 22:54:12**********
41480.819 41485.155 0.01 152.356 156.053 
0 2 10
0 0.0 0.5 0.0 0.0 0.0 0.0 0.0 0.0 0.0 27245.5 0.0 0.0
0 3 9 1 8 11
0 3180.4 0 6234.9 0 0 0 0 6.0 3461.3 0 7694.2 0
0 6 7 5 12 4
0 0 0 0 473.8 6167.0 7605.3 5479.3 0 0 0 0 566.7
**********2022-06-12 22:54:14**********
41480.819 41485.155 0.01 152.356 157.784 
0 2 10
0 0.0 0.5 0.0 0.0 0.0 0.0 0.0 0.0 0.0 27245.5 0.0 0.0
0 3 9 1 8 11
0 3180.4 0 6234.9 0 0 0 0 6.0 3461.3 0 7694.2 0
0 6 7 5 12 4
0 0 0 0 473.8 6167.0 7605.3 5479.3 0 0 0 0 566.7
**********2022-06-12 22:54:16**********
41480.819 41485.155 0.01 152.356 159.553 
0 2 10
0 0.0 0.5 0.0 0.0 0.0 0.0 0.0 0.0 0.0 27245.5 0.0 0.0
0 3 9 1 8 11
0 3180.4 0 6234.9 0 0 0 0 6.0 3461.3 0 7694.2 0
0 6 7 5 12 4
0 0 0 0 473.8 6167.0 7605.3 5479.3 0 0 0 0 566.7
**********2022-06-12 22:54:19**********
41480.819 41485.155 0.01 152.356 163.218 
0 2 10
0 0.0 0.5 0.0 0.0 0.0 0.0 0.0 0.0 0.0 27245.5 0.0 0.0
0 3 9 1 8 11
0 3180.4 0 6234.9 0 0 0 0 6.0 3461.3 0 7694.2 0
0 6 7 5 12 4
0 0 0 0 473.8 6167.0 7605.3 5479.3 0 0 0 0 566.7
**********2022-06-12 22:54:23**********
41480.819 41485.155 0.01 152.356 167.364 
0 2 10
0 0.0 0.5 0.0 0.0 0.0 0.0 0.0 0.0 0.0 27245.5 0.0 0.0
0 3 9 1 8 11
0 3180.4 0 6234.9 0 0 0 0 6.0 3461.3 0 7694.2 0
0 6 7 5 12 4
0 0 0 0 473.8 6167.0 7605.3 5479.3 0 0 0 0 566.7
**********2022-06-12 22:54:28**********
41480.819 41485.155 0.01 152.356 171.561 
0 2 10
0 0.0 0.5 0.0 0.0 0.0 0.0 0.0 0.0 0.0 27245.5 0.0 0.0
0 3 9 1 8 11
0 3180.4 0 6234.9 0 0 0 0 6.0 3461.3 0 7694.2 0
0 6 7 5 12 4
0 0 0 0 473.8 6167.0 7605.3 5479.3 0 0 0 0 566.7
**********2022-06-12 22:54:31**********
41480.819 41485.155 0.01 152.356 175.018 
0 2 10
0 0.0 0.5 0.0 0.0 0.0 0.0 0.0 0.0 0.0 27245.5 0.0 0.0
0 3 9 1 8 11
0 3180.4 0 6234.9 0 0 0 0 6.0 3461.3 0 7694.2 0
0 6 7 5 12 4
0 0 0 0 473.8 6167.0 7605.3 5479.3 0 0 0 0 566.7
**********2022-06-12 22:54:35**********
41480.819 41485.155 0.01 152.356 178.855 
0 2 10
0 0.0 0.5 0.0 0.0 0.0 0.0 0.0 0.0 0.0 27245.5 0.0 0.0
0 3 9 1 8 11
0 3180.4 0 6234.9 0 0 0 0 6.0 3461.3 0 7694.2 0
0 6 7 5 12 4
0 0 0 0 473.8 6167.0 7605.3 5479.3 0 0 0 0 566.7
**********2022-06-12 22:54:39**********
41480.819 41485.155 0.01 152.356 182.648 
0 2 10
0 0.0 0.5 0.0 0.0 0.0 0.0 0.0 0.0 0.0 27245.5 0.0 0.0
0 3 9 1 8 11
0 3180.4 0 6234.9 0 0 0 0 6.0 3461.3 0 7694.2 0
0 6 7 5 12 4
0 0 0 0 473.8 6167.0 7605.3 5479.3 0 0 0 0 566.7
**********2022-06-12 22:54:41**********
41480.819 41485.155 0.01 152.356 184.42 
0 2 10
0 0.0 0.5 0.0 0.0 0.0 0.0 0.0 0.0 0.0 27245.5 0.0 0.0
0 3 9 1 8 11
0 3180.4 0 6234.9 0 0 0 0 6.0 3461.3 0 7694.2 0
0 6 7 5 12 4
0 0 0 0 473.8 6167.0 7605.3 5479.3 0 0 0 0 566.7
**********2022-06-12 22:54:45**********
41480.819 41485.155 0.01 188.54 188.54 
0 2 10
0 0.0 0.5 0.0 0.0 0.0 0.0 0.0 0.0 0.0 27245.5 0.0 0.0
0 3 9 1 8 11
0 3180.4 0 6234.9 0 0 0 0 6.0 3461.3 0 7694.2 0
0 6 7 5 12 4
0 0 0 0 473.8 6167.0 7605.3 5479.3 0 0 0 0 566.7
**********2022-06-12 22:54:48**********
41480.819 41485.155 0.01 188.54 191.849 
0 2 10
0 0.0 0.5 0.0 0.0 0.0 0.0 0.0 0.0 0.0 27245.5 0.0 0.0
0 3 9 1 8 11
0 3180.4 0 6234.9 0 0 0 0 6.0 3461.3 0 7694.2 0
0 6 7 5 12 4
0 0 0 0 473.8 6167.0 7605.3 5479.3 0 0 0 0 566.7
**********2022-06-12 22:54:51**********
41480.819 41485.155 0.01 188.54 195.355 
0 2 10
0 0.0 0.5 0.0 0.0 0.0 0.0 0.0 0.0 0.0 27245.5 0.0 0.0
0 3 9 1 8 11
0 3180.4 0 6234.9 0 0 0 0 6.0 3461.3 0 7694.2 0
0 6 7 5 12 4
0 0 0 0 473.8 6167.0 7605.3 5479.3 0 0 0 0 566.7
**********2022-06-12 22:54:55**********
41480.819 41485.155 0.01 188.54 198.766 
0 2 10
0 0.0 0.5 0.0 0.0 0.0 0.0 0.0 0.0 0.0 27245.5 0.0 0.0
0 3 9 1 8 11
0 3180.4 0 6234.9 0 0 0 0 6.0 3461.3 0 7694.2 0
0 6 7 5 12 4
0 0 0 0 473.8 6167.0 7605.3 5479.3 0 0 0 0 566.7
**********2022-06-12 22:54:58**********
41480.819 41485.155 0.01 188.54 201.726 
0 2 10
0 0.0 0.5 0.0 0.0 0.0 0.0 0.0 0.0 0.0 27245.5 0.0 0.0
0 3 9 1 8 11
0 3180.4 0 6234.9 0 0 0 0 6.0 3461.3 0 7694.2 0
0 6 7 5 12 4
0 0 0 0 473.8 6167.0 7605.3 5479.3 0 0 0 0 566.7
**********2022-06-12 22:55:01**********
41480.819 41485.155 0.01 188.54 205.019 
0 2 10
0 0.0 0.5 0.0 0.0 0.0 0.0 0.0 0.0 0.0 27245.5 0.0 0.0
0 3 9 1 8 11
0 3180.4 0 6234.9 0 0 0 0 6.0 3461.3 0 7694.2 0
0 6 7 5 12 4
0 0 0 0 473.8 6167.0 7605.3 5479.3 0 0 0 0 566.7
**********2022-06-12 22:55:04**********
41480.819 41485.155 0.01 188.54 208.254 
0 2 10
0 0.0 0.5 0.0 0.0 0.0 0.0 0.0 0.0 0.0 27245.5 0.0 0.0
0 3 9 1 8 11
0 3180.4 0 6234.9 0 0 0 0 6.0 3461.3 0 7694.2 0
0 6 7 5 12 4
0 0 0 0 473.8 6167.0 7605.3 5479.3 0 0 0 0 566.7
**********2022-06-12 22:55:08**********
41480.819 41485.155 0.01 188.54 211.6 
0 2 10
0 0.0 0.5 0.0 0.0 0.0 0.0 0.0 0.0 0.0 27245.5 0.0 0.0
0 3 9 1 8 11
0 3180.4 0 6234.9 0 0 0 0 6.0 3461.3 0 7694.2 0
0 6 7 5 12 4
0 0 0 0 473.8 6167.0 7605.3 5479.3 0 0 0 0 566.7
**********2022-06-12 22:55:11**********
41480.819 41483.329 0.006 214.885 214.885 
0 2 10
0 0.0 0.5 0.0 0.0 0.0 0.0 0.0 0.0 0.0 27245.5 0.0 0.0
0 3 9 1 8 11
0 3180.4 0 6234.9 0 0 0 0 6.0 3461.3 0 7694.2 0
0 4 12 5 7 6
0 0 0 0 473.8 6167.0 7605.3 5479.3 0 0 0 0 566.7
