**********2022-05-23 14:27:51**********
71324.057 71367.166 0.06 12.241 12.241 
0 4 7 9 3 11
0 0 0 2732.1 295.5 0 0 747.6 0 5253.4 0 2394.3 0
0 6 2 1 5 12
0 107.3 134.5 0 0 4279.6 6669.8 0 0 0 0 0 231.8
0 8 10
0 0.0 0.0 0.0 0.0 0.0 0.0 0.0 0.0 0.0 11423.0 0.0 0.0
**********2022-05-23 14:27:59**********
71324.047 71367.166 0.06 12.241 20.975 
0 4 7 9 3 11
0 0 0 2732.1 295.5 0 0 747.6 0 5253.4 0 2394.3 0
0 6 2 1 5 12
0 107.3 134.5 0 0 4279.6 6669.8 0 0 0 0 0 231.8
0 8 10
0 0.0 0.0 0.0 0.0 0.0 0.0 0.0 0.0 0.0 11423.0 0.0 0.0
**********2022-05-23 14:28:10**********
71324.029 71367.166 0.06 12.241 31.679 
0 4 7 9 3 11
0 0 0 2732.1 295.5 0 0 747.6 0 5253.4 0 2394.3 0
0 6 2 1 5 12
0 107.3 134.5 0 0 4279.6 6669.8 0 0 0 0 0 231.8
0 8 10
0 0.0 0.0 0.0 0.0 0.0 0.0 0.0 0.0 0.0 11423.0 0.0 0.0
**********2022-05-23 14:28:19**********
71324.029 71367.166 0.06 12.241 40.827 
0 4 7 9 3 11
0 0 0 2732.1 295.5 0 0 747.6 0 5253.4 0 2394.3 0
0 6 2 1 5 12
0 107.3 134.5 0 0 4279.6 6669.8 0 0 0 0 0 231.8
0 8 10
0 0.0 0.0 0.0 0.0 0.0 0.0 0.0 0.0 0.0 11423.0 0.0 0.0
**********2022-05-23 14:28:26**********
71324.029 71367.166 0.06 12.241 47.832 
0 4 7 9 3 11
0 0 0 2732.1 295.5 0 0 747.6 0 5253.4 0 2394.3 0
0 6 2 1 5 12
0 107.3 134.5 0 0 4279.6 6669.8 0 0 0 0 0 231.8
0 8 10
0 0.0 0.0 0.0 0.0 0.0 0.0 0.0 0.0 0.0 11423.0 0.0 0.0
**********2022-05-23 14:28:32**********
71324.057 71367.166 0.06 12.241 53.143 
0 4 7 9 3 11
0 0 0 2732.1 295.5 0 0 747.6 0 5253.4 0 2394.3 0
0 6 2 1 5 12
0 107.3 134.5 0 0 4279.6 6669.8 0 0 0 0 0 231.8
0 8 10
0 0.0 0.0 0.0 0.0 0.0 0.0 0.0 0.0 0.0 11423.0 0.0 0.0
**********2022-05-23 14:28:38**********
71324.485 71367.166 0.06 12.241 59.445 
0 4 7 9 3 11
0 0 0 2732.1 295.5 0 0 747.6 0 5253.4 0 2394.3 0
0 6 2 1 5 12
0 107.3 134.5 0 0 4279.6 6669.8 0 0 0 0 0 231.8
0 8 10
0 0.0 0.0 0.0 0.0 0.0 0.0 0.0 0.0 0.0 11423.0 0.0 0.0
**********2022-05-23 14:28:44**********
71324.485 71367.166 0.06 12.241 65.67 
0 4 7 9 3 11
0 0 0 2732.1 295.5 0 0 747.6 0 5253.4 0 2394.3 0
0 6 2 1 5 12
0 107.3 134.5 0 0 4279.6 6669.8 0 0 0 0 0 231.8
0 8 10
0 0.0 0.0 0.0 0.0 0.0 0.0 0.0 0.0 0.0 11423.0 0.0 0.0
**********2022-05-23 14:28:51**********
71324.485 71367.166 0.06 12.241 72.079 
0 4 7 9 3 11
0 0 0 2732.1 295.5 0 0 747.6 0 5253.4 0 2394.3 0
0 6 2 1 5 12
0 107.3 134.5 0 0 4279.6 6669.8 0 0 0 0 0 231.8
0 8 10
0 0.0 0.0 0.0 0.0 0.0 0.0 0.0 0.0 0.0 11423.0 0.0 0.0
**********2022-05-23 14:28:57**********
71324.735 71367.166 0.059 12.241 78.497 
0 4 7 9 3 11
0 0 0 2732.1 295.5 0 0 747.6 0 5253.4 0 2394.3 0
0 6 2 1 5 12
0 107.3 134.5 0 0 4279.6 6669.8 0 0 0 0 0 231.8
0 8 10
0 0.0 0.0 0.0 0.0 0.0 0.0 0.0 0.0 0.0 11423.0 0.0 0.0
**********2022-05-23 14:29:03**********
71324.706 71355.429 0.043 84.055 84.055 
0 6 2 1 5 12
0 107.3 134.5 0 0 4279.6 6669.8 0 0 0 0 0 231.8
0 10
0 0 0 0 0 0 0 0 0 0 11423.0 0 0
0 4 9 7 8 3 11
0 0.0 0.0 2732.1 295.5 0.0 0.0 747.6 0.0 5253.4 0.0 2394.3 0.0
**********2022-05-23 14:29:08**********
71324.891 71355.429 0.043 84.055 89.437 
0 6 2 1 5 12
0 107.3 134.5 0 0 4279.6 6669.8 0 0 0 0 0 231.8
0 10
0 0 0 0 0 0 0 0 0 0 11423.0 0 0
0 4 9 7 8 3 11
0 0.0 0.0 2732.1 295.5 0.0 0.0 747.6 0.0 5253.4 0.0 2394.3 0.0
**********2022-05-23 14:29:12**********
71324.891 71355.429 0.043 84.055 93.973 
0 6 2 1 5 12
0 107.3 134.5 0 0 4279.6 6669.8 0 0 0 0 0 231.8
0 10
0 0 0 0 0 0 0 0 0 0 11423.0 0 0
0 4 9 7 8 3 11
0 0.0 0.0 2732.1 295.5 0.0 0.0 747.6 0.0 5253.4 0.0 2394.3 0.0
**********2022-05-23 14:29:16**********
71325.052 71355.429 0.043 84.055 97.96 
0 6 2 1 5 12
0 107.3 134.5 0 0 4279.6 6669.8 0 0 0 0 0 231.8
0 10
0 0 0 0 0 0 0 0 0 0 11423.0 0 0
0 4 9 7 8 3 11
0 0.0 0.0 2732.1 295.5 0.0 0.0 747.6 0.0 5253.4 0.0 2394.3 0.0
**********2022-05-23 14:29:21**********
71325.052 71355.429 0.043 84.055 102.069 
0 6 2 1 5 12
0 107.3 134.5 0 0 4279.6 6669.8 0 0 0 0 0 231.8
0 10
0 0 0 0 0 0 0 0 0 0 11423.0 0 0
0 4 9 7 8 3 11
0 0.0 0.0 2732.1 295.5 0.0 0.0 747.6 0.0 5253.4 0.0 2394.3 0.0
**********2022-05-23 14:29:25**********
71325.06 71355.429 0.043 84.055 106.844 
0 6 2 1 5 12
0 107.3 134.5 0 0 4279.6 6669.8 0 0 0 0 0 231.8
0 10
0 0 0 0 0 0 0 0 0 0 11423.0 0 0
0 4 9 7 8 3 11
0 0.0 0.0 2732.1 295.5 0.0 0.0 747.6 0.0 5253.4 0.0 2394.3 0.0
**********2022-05-23 14:29:31**********
71325.06 71355.429 0.043 84.055 112.702 
0 6 2 1 5 12
0 107.3 134.5 0 0 4279.6 6669.8 0 0 0 0 0 231.8
0 10
0 0 0 0 0 0 0 0 0 0 11423.0 0 0
0 4 9 7 8 3 11
0 0.0 0.0 2732.1 295.5 0.0 0.0 747.6 0.0 5253.4 0.0 2394.3 0.0
**********2022-05-23 14:29:35**********
71325.332 71355.429 0.042 84.055 116.712 
0 6 2 1 5 12
0 107.3 134.5 0 0 4279.6 6669.8 0 0 0 0 0 231.8
0 10
0 0 0 0 0 0 0 0 0 0 11423.0 0 0
0 4 9 7 8 3 11
0 0.0 0.0 2732.1 295.5 0.0 0.0 747.6 0.0 5253.4 0.0 2394.3 0.0
**********2022-05-23 14:29:40**********
71325.332 71355.429 0.042 84.055 121.461 
0 6 2 1 5 12
0 107.3 134.5 0 0 4279.6 6669.8 0 0 0 0 0 231.8
0 10
0 0 0 0 0 0 0 0 0 0 11423.0 0 0
0 4 9 7 8 3 11
0 0.0 0.0 2732.1 295.5 0.0 0.0 747.6 0.0 5253.4 0.0 2394.3 0.0
**********2022-05-23 14:29:45**********
71325.431 71355.429 0.042 84.055 126.852 
0 6 2 1 5 12
0 107.3 134.5 0 0 4279.6 6669.8 0 0 0 0 0 231.8
0 10
0 0 0 0 0 0 0 0 0 0 11423.0 0 0
0 4 9 7 8 3 11
0 0.0 0.0 2732.1 295.5 0.0 0.0 747.6 0.0 5253.4 0.0 2394.3 0.0
**********2022-05-23 14:29:52**********
71325.431 71355.429 0.042 84.055 133.095 
0 6 2 1 5 12
0 107.3 134.5 0 0 4279.6 6669.8 0 0 0 0 0 231.8
0 10
0 0 0 0 0 0 0 0 0 0 11423.0 0 0
0 4 9 7 8 3 11
0 0.0 0.0 2732.1 295.5 0.0 0.0 747.6 0.0 5253.4 0.0 2394.3 0.0
**********2022-05-23 14:29:56**********
71325.461 71355.429 0.042 84.055 137.119 
0 6 2 1 5 12
0 107.3 134.5 0 0 4279.6 6669.8 0 0 0 0 0 231.8
0 10
0 0 0 0 0 0 0 0 0 0 11423.0 0 0
0 4 9 7 8 3 11
0 0.0 0.0 2732.1 295.5 0.0 0.0 747.6 0.0 5253.4 0.0 2394.3 0.0
**********2022-05-23 14:30:02**********
71325.536 71355.429 0.042 84.055 143.848 
0 6 2 1 5 12
0 107.3 134.5 0 0 4279.6 6669.8 0 0 0 0 0 231.8
0 10
0 0 0 0 0 0 0 0 0 0 11423.0 0 0
0 4 9 7 8 3 11
0 0.0 0.0 2732.1 295.5 0.0 0.0 747.6 0.0 5253.4 0.0 2394.3 0.0
**********2022-05-23 14:30:08**********
71325.654 71355.429 0.042 84.055 149.435 
0 6 2 1 5 12
0 107.3 134.5 0 0 4279.6 6669.8 0 0 0 0 0 231.8
0 10
0 0 0 0 0 0 0 0 0 0 11423.0 0 0
0 4 9 7 8 3 11
0 0.0 0.0 2732.1 295.5 0.0 0.0 747.6 0.0 5253.4 0.0 2394.3 0.0
**********2022-05-23 14:30:15**********
71325.671 71355.429 0.042 84.055 156.39 
0 6 2 1 5 12
0 107.3 134.5 0 0 4279.6 6669.8 0 0 0 0 0 231.8
0 10
0 0 0 0 0 0 0 0 0 0 11423.0 0 0
0 4 9 7 8 3 11
0 0.0 0.0 2732.1 295.5 0.0 0.0 747.6 0.0 5253.4 0.0 2394.3 0.0
**********2022-05-23 14:30:20**********
71325.671 71355.429 0.042 84.055 161.655 
0 6 2 1 5 12
0 107.3 134.5 0 0 4279.6 6669.8 0 0 0 0 0 231.8
0 10
0 0 0 0 0 0 0 0 0 0 11423.0 0 0
0 4 9 7 8 3 11
0 0.0 0.0 2732.1 295.5 0.0 0.0 747.6 0.0 5253.4 0.0 2394.3 0.0
**********2022-05-23 14:30:25**********
71325.72 71355.429 0.042 84.055 166.478 
0 6 2 1 5 12
0 107.3 134.5 0 0 4279.6 6669.8 0 0 0 0 0 231.8
0 10
0 0 0 0 0 0 0 0 0 0 11423.0 0 0
0 4 9 7 8 3 11
0 0.0 0.0 2732.1 295.5 0.0 0.0 747.6 0.0 5253.4 0.0 2394.3 0.0
**********2022-05-23 14:30:31**********
71325.949 71355.429 0.041 84.055 172.549 
0 6 2 1 5 12
0 107.3 134.5 0 0 4279.6 6669.8 0 0 0 0 0 231.8
0 10
0 0 0 0 0 0 0 0 0 0 11423.0 0 0
0 4 9 7 8 3 11
0 0.0 0.0 2732.1 295.5 0.0 0.0 747.6 0.0 5253.4 0.0 2394.3 0.0
**********2022-05-23 14:30:37**********
71326.101 71355.429 0.041 84.055 178.398 
0 6 2 1 5 12
0 107.3 134.5 0 0 4279.6 6669.8 0 0 0 0 0 231.8
0 10
0 0 0 0 0 0 0 0 0 0 11423.0 0 0
0 4 9 7 8 3 11
0 0.0 0.0 2732.1 295.5 0.0 0.0 747.6 0.0 5253.4 0.0 2394.3 0.0
**********2022-05-23 14:30:41**********
71326.101 71355.429 0.041 84.055 182.99 
0 6 2 1 5 12
0 107.3 134.5 0 0 4279.6 6669.8 0 0 0 0 0 231.8
0 10
0 0 0 0 0 0 0 0 0 0 11423.0 0 0
0 4 9 7 8 3 11
0 0.0 0.0 2732.1 295.5 0.0 0.0 747.6 0.0 5253.4 0.0 2394.3 0.0
**********2022-05-23 14:30:47**********
71326.168 71355.429 0.041 84.055 189.001 
0 6 2 1 5 12
0 107.3 134.5 0 0 4279.6 6669.8 0 0 0 0 0 231.8
0 10
0 0 0 0 0 0 0 0 0 0 11423.0 0 0
0 4 9 7 8 3 11
0 0.0 0.0 2732.1 295.5 0.0 0.0 747.6 0.0 5253.4 0.0 2394.3 0.0
**********2022-05-23 14:30:53**********
71326.147 71355.429 0.041 84.055 194.54 
0 6 2 1 5 12
0 107.3 134.5 0 0 4279.6 6669.8 0 0 0 0 0 231.8
0 10
0 0 0 0 0 0 0 0 0 0 11423.0 0 0
0 4 9 7 8 3 11
0 0.0 0.0 2732.1 295.5 0.0 0.0 747.6 0.0 5253.4 0.0 2394.3 0.0
**********2022-05-23 14:31:01**********
71326.197 71355.429 0.041 84.055 202.324 
0 6 2 1 5 12
0 107.3 134.5 0 0 4279.6 6669.8 0 0 0 0 0 231.8
0 10
0 0 0 0 0 0 0 0 0 0 11423.0 0 0
0 4 9 7 8 3 11
0 0.0 0.0 2732.1 295.5 0.0 0.0 747.6 0.0 5253.4 0.0 2394.3 0.0
**********2022-05-23 14:31:07**********
71326.197 71355.429 0.041 84.055 208.989 
0 6 2 1 5 12
0 107.3 134.5 0 0 4279.6 6669.8 0 0 0 0 0 231.8
0 10
0 0 0 0 0 0 0 0 0 0 11423.0 0 0
0 4 9 7 8 3 11
0 0.0 0.0 2732.1 295.5 0.0 0.0 747.6 0.0 5253.4 0.0 2394.3 0.0
**********2022-05-23 14:31:15**********
71326.197 71355.429 0.041 84.055 216.359 
0 6 2 1 5 12
0 107.3 134.5 0 0 4279.6 6669.8 0 0 0 0 0 231.8
0 10
0 0 0 0 0 0 0 0 0 0 11423.0 0 0
0 4 9 7 8 3 11
0 0.0 0.0 2732.1 295.5 0.0 0.0 747.6 0.0 5253.4 0.0 2394.3 0.0
**********2022-05-23 14:31:21**********
71326.259 71355.429 0.041 84.055 222.022 
0 6 2 1 5 12
0 107.3 134.5 0 0 4279.6 6669.8 0 0 0 0 0 231.8
0 10
0 0 0 0 0 0 0 0 0 0 11423.0 0 0
0 4 9 7 8 3 11
0 0.0 0.0 2732.1 295.5 0.0 0.0 747.6 0.0 5253.4 0.0 2394.3 0.0
**********2022-05-23 14:31:27**********
71326.209 71355.429 0.041 84.055 228.883 
0 6 2 1 5 12
0 107.3 134.5 0 0 4279.6 6669.8 0 0 0 0 0 231.8
0 10
0 0 0 0 0 0 0 0 0 0 11423.0 0 0
0 4 9 7 8 3 11
0 0.0 0.0 2732.1 295.5 0.0 0.0 747.6 0.0 5253.4 0.0 2394.3 0.0
**********2022-05-23 14:31:34**********
71326.447 71355.429 0.041 84.055 235.158 
0 6 2 1 5 12
0 107.3 134.5 0 0 4279.6 6669.8 0 0 0 0 0 231.8
0 10
0 0 0 0 0 0 0 0 0 0 11423.0 0 0
0 4 9 7 8 3 11
0 0.0 0.0 2732.1 295.5 0.0 0.0 747.6 0.0 5253.4 0.0 2394.3 0.0
**********2022-05-23 14:31:39**********
71326.447 71355.429 0.041 84.055 240.034 
0 6 2 1 5 12
0 107.3 134.5 0 0 4279.6 6669.8 0 0 0 0 0 231.8
0 10
0 0 0 0 0 0 0 0 0 0 11423.0 0 0
0 4 9 7 8 3 11
0 0.0 0.0 2732.1 295.5 0.0 0.0 747.6 0.0 5253.4 0.0 2394.3 0.0
**********2022-05-23 14:31:42**********
71326.447 71355.429 0.041 84.055 243.423 
0 6 2 1 5 12
0 107.3 134.5 0 0 4279.6 6669.8 0 0 0 0 0 231.8
0 10
0 0 0 0 0 0 0 0 0 0 11423.0 0 0
0 4 9 7 8 3 11
0 0.0 0.0 2732.1 295.5 0.0 0.0 747.6 0.0 5253.4 0.0 2394.3 0.0
**********2022-05-23 14:31:48**********
71326.612 71355.429 0.04 84.055 249.638 
0 6 2 1 5 12
0 107.3 134.5 0 0 4279.6 6669.8 0 0 0 0 0 231.8
0 10
0 0 0 0 0 0 0 0 0 0 11423.0 0 0
0 4 9 7 8 3 11
0 0.0 0.0 2732.1 295.5 0.0 0.0 747.6 0.0 5253.4 0.0 2394.3 0.0
**********2022-05-23 14:31:53**********
71326.612 71355.429 0.04 84.055 254.913 
0 6 2 1 5 12
0 107.3 134.5 0 0 4279.6 6669.8 0 0 0 0 0 231.8
0 10
0 0 0 0 0 0 0 0 0 0 11423.0 0 0
0 4 9 7 8 3 11
0 0.0 0.0 2732.1 295.5 0.0 0.0 747.6 0.0 5253.4 0.0 2394.3 0.0
**********2022-05-23 14:31:57**********
71326.612 71355.429 0.04 84.055 258.764 
0 6 2 1 5 12
0 107.3 134.5 0 0 4279.6 6669.8 0 0 0 0 0 231.8
0 10
0 0 0 0 0 0 0 0 0 0 11423.0 0 0
0 4 9 7 8 3 11
0 0.0 0.0 2732.1 295.5 0.0 0.0 747.6 0.0 5253.4 0.0 2394.3 0.0
**********2022-05-23 14:32:01**********
71326.662 71355.429 0.04 84.055 262.439 
0 6 2 1 5 12
0 107.3 134.5 0 0 4279.6 6669.8 0 0 0 0 0 231.8
0 10
0 0 0 0 0 0 0 0 0 0 11423.0 0 0
0 4 9 7 8 3 11
0 0.0 0.0 2732.1 295.5 0.0 0.0 747.6 0.0 5253.4 0.0 2394.3 0.0
**********2022-05-23 14:32:09**********
71326.791 71355.429 0.04 84.055 270.511 
0 6 2 1 5 12
0 107.3 134.5 0 0 4279.6 6669.8 0 0 0 0 0 231.8
0 10
0 0 0 0 0 0 0 0 0 0 11423.0 0 0
0 4 9 7 8 3 11
0 0.0 0.0 2732.1 295.5 0.0 0.0 747.6 0.0 5253.4 0.0 2394.3 0.0
**********2022-05-23 14:32:14**********
71326.791 71355.429 0.04 84.055 275.598 
0 6 2 1 5 12
0 107.3 134.5 0 0 4279.6 6669.8 0 0 0 0 0 231.8
0 10
0 0 0 0 0 0 0 0 0 0 11423.0 0 0
0 4 9 7 8 3 11
0 0.0 0.0 2732.1 295.5 0.0 0.0 747.6 0.0 5253.4 0.0 2394.3 0.0
**********2022-05-23 14:32:19**********
71326.808 71355.429 0.04 84.055 280.415 
0 6 2 1 5 12
0 107.3 134.5 0 0 4279.6 6669.8 0 0 0 0 0 231.8
0 10
0 0 0 0 0 0 0 0 0 0 11423.0 0 0
0 4 9 7 8 3 11
0 0.0 0.0 2732.1 295.5 0.0 0.0 747.6 0.0 5253.4 0.0 2394.3 0.0
**********2022-05-23 14:32:23**********
71326.808 71355.429 0.04 84.055 284.522 
0 6 2 1 5 12
0 107.3 134.5 0 0 4279.6 6669.8 0 0 0 0 0 231.8
0 10
0 0 0 0 0 0 0 0 0 0 11423.0 0 0
0 4 9 7 8 3 11
0 0.0 0.0 2732.1 295.5 0.0 0.0 747.6 0.0 5253.4 0.0 2394.3 0.0
**********2022-05-23 14:32:28**********
71326.808 71355.429 0.04 84.055 289.369 
0 6 2 1 5 12
0 107.3 134.5 0 0 4279.6 6669.8 0 0 0 0 0 231.8
0 10
0 0 0 0 0 0 0 0 0 0 11423.0 0 0
0 4 9 7 8 3 11
0 0.0 0.0 2732.1 295.5 0.0 0.0 747.6 0.0 5253.4 0.0 2394.3 0.0
**********2022-05-23 14:32:34**********
71326.808 71355.429 0.04 84.055 295.365 
0 6 2 1 5 12
0 107.3 134.5 0 0 4279.6 6669.8 0 0 0 0 0 231.8
0 10
0 0 0 0 0 0 0 0 0 0 11423.0 0 0
0 4 9 7 8 3 11
0 0.0 0.0 2732.1 295.5 0.0 0.0 747.6 0.0 5253.4 0.0 2394.3 0.0
**********2022-05-23 14:32:39**********
71326.808 71355.429 0.04 84.055 300.268 
0 6 2 1 5 12
0 107.3 134.5 0 0 4279.6 6669.8 0 0 0 0 0 231.8
0 10
0 0 0 0 0 0 0 0 0 0 11423.0 0 0
0 4 9 7 8 3 11
0 0.0 0.0 2732.1 295.5 0.0 0.0 747.6 0.0 5253.4 0.0 2394.3 0.0
**********2022-05-23 14:32:45**********
71326.835 71355.429 0.04 84.055 306.957 
0 6 2 1 5 12
0 107.3 134.5 0 0 4279.6 6669.8 0 0 0 0 0 231.8
0 10
0 0 0 0 0 0 0 0 0 0 11423.0 0 0
0 4 9 7 8 3 11
0 0.0 0.0 2732.1 295.5 0.0 0.0 747.6 0.0 5253.4 0.0 2394.3 0.0
**********2022-05-23 14:32:51**********
71326.835 71355.429 0.04 84.055 312.663 
0 6 2 1 5 12
0 107.3 134.5 0 0 4279.6 6669.8 0 0 0 0 0 231.8
0 10
0 0 0 0 0 0 0 0 0 0 11423.0 0 0
0 4 9 7 8 3 11
0 0.0 0.0 2732.1 295.5 0.0 0.0 747.6 0.0 5253.4 0.0 2394.3 0.0
**********2022-05-23 14:32:57**********
71326.835 71355.429 0.04 84.055 318.531 
0 6 2 1 5 12
0 107.3 134.5 0 0 4279.6 6669.8 0 0 0 0 0 231.8
0 10
0 0 0 0 0 0 0 0 0 0 11423.0 0 0
0 4 9 7 8 3 11
0 0.0 0.0 2732.1 295.5 0.0 0.0 747.6 0.0 5253.4 0.0 2394.3 0.0
**********2022-05-23 14:33:02**********
71326.954 71355.429 0.04 84.055 323.935 
0 6 2 1 5 12
0 107.3 134.5 0 0 4279.6 6669.8 0 0 0 0 0 231.8
0 10
0 0 0 0 0 0 0 0 0 0 11423.0 0 0
0 4 9 7 8 3 11
0 0.0 0.0 2732.1 295.5 0.0 0.0 747.6 0.0 5253.4 0.0 2394.3 0.0
**********2022-05-23 14:33:07**********
71326.954 71355.429 0.04 84.055 328.112 
0 6 2 1 5 12
0 107.3 134.5 0 0 4279.6 6669.8 0 0 0 0 0 231.8
0 10
0 0 0 0 0 0 0 0 0 0 11423.0 0 0
0 4 9 7 8 3 11
0 0.0 0.0 2732.1 295.5 0.0 0.0 747.6 0.0 5253.4 0.0 2394.3 0.0
**********2022-05-23 14:33:11**********
71326.975 71355.429 0.04 84.055 332.61 
0 6 2 1 5 12
0 107.3 134.5 0 0 4279.6 6669.8 0 0 0 0 0 231.8
0 10
0 0 0 0 0 0 0 0 0 0 11423.0 0 0
0 4 9 7 8 3 11
0 0.0 0.0 2732.1 295.5 0.0 0.0 747.6 0.0 5253.4 0.0 2394.3 0.0
**********2022-05-23 14:33:15**********
71327.168 71355.429 0.04 84.055 336.555 
0 6 2 1 5 12
0 107.3 134.5 0 0 4279.6 6669.8 0 0 0 0 0 231.8
0 10
0 0 0 0 0 0 0 0 0 0 11423.0 0 0
0 4 9 7 8 3 11
0 0.0 0.0 2732.1 295.5 0.0 0.0 747.6 0.0 5253.4 0.0 2394.3 0.0
**********2022-05-23 14:33:21**********
71327.168 71355.429 0.04 84.055 342.486 
0 6 2 1 5 12
0 107.3 134.5 0 0 4279.6 6669.8 0 0 0 0 0 231.8
0 10
0 0 0 0 0 0 0 0 0 0 11423.0 0 0
0 4 9 7 8 3 11
0 0.0 0.0 2732.1 295.5 0.0 0.0 747.6 0.0 5253.4 0.0 2394.3 0.0
**********2022-05-23 14:33:28**********
71327.182 71355.429 0.04 84.055 349.631 
0 6 2 1 5 12
0 107.3 134.5 0 0 4279.6 6669.8 0 0 0 0 0 231.8
0 10
0 0 0 0 0 0 0 0 0 0 11423.0 0 0
0 4 9 7 8 3 11
0 0.0 0.0 2732.1 295.5 0.0 0.0 747.6 0.0 5253.4 0.0 2394.3 0.0
**********2022-05-23 14:33:32**********
71327.209 71355.429 0.04 84.055 353.953 
0 6 2 1 5 12
0 107.3 134.5 0 0 4279.6 6669.8 0 0 0 0 0 231.8
0 10
0 0 0 0 0 0 0 0 0 0 11423.0 0 0
0 4 9 7 8 3 11
0 0.0 0.0 2732.1 295.5 0.0 0.0 747.6 0.0 5253.4 0.0 2394.3 0.0
**********2022-05-23 14:33:38**********
71327.41 71355.429 0.039 84.055 359.528 
0 6 2 1 5 12
0 107.3 134.5 0 0 4279.6 6669.8 0 0 0 0 0 231.8
0 10
0 0 0 0 0 0 0 0 0 0 11423.0 0 0
0 4 9 7 8 3 11
0 0.0 0.0 2732.1 295.5 0.0 0.0 747.6 0.0 5253.4 0.0 2394.3 0.0
**********2022-05-23 14:33:44**********
71327.471 71355.429 0.039 84.055 365.382 
0 6 2 1 5 12
0 107.3 134.5 0 0 4279.6 6669.8 0 0 0 0 0 231.8
0 10
0 0 0 0 0 0 0 0 0 0 11423.0 0 0
0 4 9 7 8 3 11
0 0.0 0.0 2732.1 295.5 0.0 0.0 747.6 0.0 5253.4 0.0 2394.3 0.0
**********2022-05-23 14:33:49**********
71327.482 71355.429 0.039 84.055 370.553 
0 6 2 1 5 12
0 107.3 134.5 0 0 4279.6 6669.8 0 0 0 0 0 231.8
0 10
0 0 0 0 0 0 0 0 0 0 11423.0 0 0
0 4 9 7 8 3 11
0 0.0 0.0 2732.1 295.5 0.0 0.0 747.6 0.0 5253.4 0.0 2394.3 0.0
**********2022-05-23 14:33:52**********
71327.484 71355.429 0.039 84.055 373.794 
0 6 2 1 5 12
0 107.3 134.5 0 0 4279.6 6669.8 0 0 0 0 0 231.8
0 10
0 0 0 0 0 0 0 0 0 0 11423.0 0 0
0 4 9 7 8 3 11
0 0.0 0.0 2732.1 295.5 0.0 0.0 747.6 0.0 5253.4 0.0 2394.3 0.0
**********2022-05-23 14:33:58**********
71327.484 71355.429 0.039 84.055 379.784 
0 6 2 1 5 12
0 107.3 134.5 0 0 4279.6 6669.8 0 0 0 0 0 231.8
0 10
0 0 0 0 0 0 0 0 0 0 11423.0 0 0
0 4 9 7 8 3 11
0 0.0 0.0 2732.1 295.5 0.0 0.0 747.6 0.0 5253.4 0.0 2394.3 0.0
**********2022-05-23 14:34:04**********
71327.484 71355.429 0.039 84.055 385.392 
0 6 2 1 5 12
0 107.3 134.5 0 0 4279.6 6669.8 0 0 0 0 0 231.8
0 10
0 0 0 0 0 0 0 0 0 0 11423.0 0 0
0 4 9 7 8 3 11
0 0.0 0.0 2732.1 295.5 0.0 0.0 747.6 0.0 5253.4 0.0 2394.3 0.0
**********2022-05-23 14:34:09**********
71327.494 71355.429 0.039 84.055 390.642 
0 6 2 1 5 12
0 107.3 134.5 0 0 4279.6 6669.8 0 0 0 0 0 231.8
0 10
0 0 0 0 0 0 0 0 0 0 11423.0 0 0
0 4 9 7 8 3 11
0 0.0 0.0 2732.1 295.5 0.0 0.0 747.6 0.0 5253.4 0.0 2394.3 0.0
**********2022-05-23 14:34:13**********
71327.494 71354.861 0.038 394.09 394.09 
0 10
0 0 0 0 0 0 0 0 0 0 11423.0 0 0
0 3 9 7 8 4 11
0 0.0 0.0 2732.1 295.5 0.0 0.0 747.6 0.0 5253.4 -0.0 2394.3 0.0
0 1 6 5 12 2
0 107.3 134.5 0.0 0.0 4279.6 6669.8 0.0 0.0 0.0 0.0 0.0 231.8
**********2022-05-23 14:34:16**********
71327.494 71354.861 0.038 394.09 397.276 
0 10
0 0 0 0 0 0 0 0 0 0 11423.0 0 0
0 3 9 7 8 4 11
0 0.0 0.0 2732.1 295.5 0.0 0.0 747.6 0.0 5253.4 -0.0 2394.3 0.0
0 1 6 5 12 2
0 107.3 134.5 0.0 0.0 4279.6 6669.8 0.0 0.0 0.0 0.0 0.0 231.8
**********2022-05-23 14:34:19**********
71327.494 71354.861 0.038 394.09 400.827 
0 10
0 0 0 0 0 0 0 0 0 0 11423.0 0 0
0 3 9 7 8 4 11
0 0.0 0.0 2732.1 295.5 0.0 0.0 747.6 0.0 5253.4 -0.0 2394.3 0.0
0 1 6 5 12 2
0 107.3 134.5 0.0 0.0 4279.6 6669.8 0.0 0.0 0.0 0.0 0.0 231.8
**********2022-05-23 14:34:23**********
71327.494 71354.861 0.038 394.09 404.188 
0 10
0 0 0 0 0 0 0 0 0 0 11423.0 0 0
0 3 9 7 8 4 11
0 0.0 0.0 2732.1 295.5 0.0 0.0 747.6 0.0 5253.4 -0.0 2394.3 0.0
0 1 6 5 12 2
0 107.3 134.5 0.0 0.0 4279.6 6669.8 0.0 0.0 0.0 0.0 0.0 231.8
**********2022-05-23 14:34:26**********
71327.494 71354.861 0.038 394.09 407.334 
0 10
0 0 0 0 0 0 0 0 0 0 11423.0 0 0
0 3 9 7 8 4 11
0 0.0 0.0 2732.1 295.5 0.0 0.0 747.6 0.0 5253.4 -0.0 2394.3 0.0
0 1 6 5 12 2
0 107.3 134.5 0.0 0.0 4279.6 6669.8 0.0 0.0 0.0 0.0 0.0 231.8
**********2022-05-23 14:34:27**********
71327.494 71354.861 0.038 394.09 408.382 
0 10
0 0 0 0 0 0 0 0 0 0 11423.0 0 0
0 3 9 7 8 4 11
0 0.0 0.0 2732.1 295.5 0.0 0.0 747.6 0.0 5253.4 -0.0 2394.3 0.0
0 1 6 5 12 2
0 107.3 134.5 0.0 0.0 4279.6 6669.8 0.0 0.0 0.0 0.0 0.0 231.8
**********2022-05-23 14:34:30**********
71327.494 71354.861 0.038 394.09 411.554 
0 10
0 0 0 0 0 0 0 0 0 0 11423.0 0 0
0 3 9 7 8 4 11
0 0.0 0.0 2732.1 295.5 0.0 0.0 747.6 0.0 5253.4 -0.0 2394.3 0.0
0 1 6 5 12 2
0 107.3 134.5 0.0 0.0 4279.6 6669.8 0.0 0.0 0.0 0.0 0.0 231.8
**********2022-05-23 14:34:33**********
71327.494 71354.861 0.038 394.09 414.7 
0 10
0 0 0 0 0 0 0 0 0 0 11423.0 0 0
0 3 9 7 8 4 11
0 0.0 0.0 2732.1 295.5 0.0 0.0 747.6 0.0 5253.4 -0.0 2394.3 0.0
0 1 6 5 12 2
0 107.3 134.5 0.0 0.0 4279.6 6669.8 0.0 0.0 0.0 0.0 0.0 231.8
**********2022-05-23 14:34:36**********
71327.569 71349.814 0.031 417.943 417.944 
0 10
0 0 0 0 0 0 0 0 0 0 11423.0 0 0
0 3 9 7 8 4 11
0 0.0 0.0 2732.1 295.5 0.0 0.0 747.6 0.0 5253.4 0.0 2394.3 0.0
0 6 1 5 2 12
0 107.3 134.5 0 0 4279.6 6669.8 0 0 0 0 0 231.8
**********2022-05-23 14:34:41**********
71327.571 71349.814 0.031 417.943 422.9 
0 10
0 0 0 0 0 0 0 0 0 0 11423.0 0 0
0 3 9 7 8 4 11
0 0.0 0.0 2732.1 295.5 0.0 0.0 747.6 0.0 5253.4 0.0 2394.3 0.0
0 6 1 5 2 12
0 107.3 134.5 0 0 4279.6 6669.8 0 0 0 0 0 231.8
**********2022-05-23 14:34:47**********
71327.581 71349.814 0.031 417.943 428.466 
0 10
0 0 0 0 0 0 0 0 0 0 11423.0 0 0
0 3 9 7 8 4 11
0 0.0 0.0 2732.1 295.5 0.0 0.0 747.6 0.0 5253.4 0.0 2394.3 0.0
0 6 1 5 2 12
0 107.3 134.5 0 0 4279.6 6669.8 0 0 0 0 0 231.8
**********2022-05-23 14:34:52**********
71327.604 71349.814 0.031 417.943 433.495 
0 10
0 0 0 0 0 0 0 0 0 0 11423.0 0 0
0 3 9 7 8 4 11
0 0.0 0.0 2732.1 295.5 0.0 0.0 747.6 0.0 5253.4 0.0 2394.3 0.0
0 6 1 5 2 12
0 107.3 134.5 0 0 4279.6 6669.8 0 0 0 0 0 231.8
**********2022-05-23 14:34:56**********
71327.657 71349.814 0.031 417.943 437.876 
0 10
0 0 0 0 0 0 0 0 0 0 11423.0 0 0
0 3 9 7 8 4 11
0 0.0 0.0 2732.1 295.5 0.0 0.0 747.6 0.0 5253.4 0.0 2394.3 0.0
0 6 1 5 2 12
0 107.3 134.5 0 0 4279.6 6669.8 0 0 0 0 0 231.8
**********2022-05-23 14:35:01**********
71327.657 71349.814 0.031 417.943 442.164 
0 10
0 0 0 0 0 0 0 0 0 0 11423.0 0 0
0 3 9 7 8 4 11
0 0.0 0.0 2732.1 295.5 0.0 0.0 747.6 0.0 5253.4 0.0 2394.3 0.0
0 6 1 5 2 12
0 107.3 134.5 0 0 4279.6 6669.8 0 0 0 0 0 231.8
**********2022-05-23 14:35:05**********
71327.695 71349.814 0.031 417.943 446.464 
0 10
0 0 0 0 0 0 0 0 0 0 11423.0 0 0
0 3 9 7 8 4 11
0 0.0 0.0 2732.1 295.5 0.0 0.0 747.6 0.0 5253.4 0.0 2394.3 0.0
0 6 1 5 2 12
0 107.3 134.5 0 0 4279.6 6669.8 0 0 0 0 0 231.8
**********2022-05-23 14:35:09**********
71327.731 71349.814 0.031 417.943 450.335 
0 10
0 0 0 0 0 0 0 0 0 0 11423.0 0 0
0 3 9 7 8 4 11
0 0.0 0.0 2732.1 295.5 0.0 0.0 747.6 0.0 5253.4 0.0 2394.3 0.0
0 6 1 5 2 12
0 107.3 134.5 0 0 4279.6 6669.8 0 0 0 0 0 231.8
**********2022-05-23 14:35:13**********
71327.732 71349.814 0.031 417.943 454.215 
0 10
0 0 0 0 0 0 0 0 0 0 11423.0 0 0
0 3 9 7 8 4 11
0 0.0 0.0 2732.1 295.5 0.0 0.0 747.6 0.0 5253.4 0.0 2394.3 0.0
0 6 1 5 2 12
0 107.3 134.5 0 0 4279.6 6669.8 0 0 0 0 0 231.8
**********2022-05-23 14:35:19**********
71327.732 71349.814 0.031 417.943 460.318 
0 10
0 0 0 0 0 0 0 0 0 0 11423.0 0 0
0 3 9 7 8 4 11
0 0.0 0.0 2732.1 295.5 0.0 0.0 747.6 0.0 5253.4 0.0 2394.3 0.0
0 6 1 5 2 12
0 107.3 134.5 0 0 4279.6 6669.8 0 0 0 0 0 231.8
**********2022-05-23 14:35:24**********
71327.732 71349.814 0.031 417.943 465.571 
0 10
0 0 0 0 0 0 0 0 0 0 11423.0 0 0
0 3 9 7 8 4 11
0 0.0 0.0 2732.1 295.5 0.0 0.0 747.6 0.0 5253.4 0.0 2394.3 0.0
0 6 1 5 2 12
0 107.3 134.5 0 0 4279.6 6669.8 0 0 0 0 0 231.8
**********2022-05-23 14:35:28**********
71327.733 71349.814 0.031 417.943 469.914 
0 10
0 0 0 0 0 0 0 0 0 0 11423.0 0 0
0 3 9 7 8 4 11
0 0.0 0.0 2732.1 295.5 0.0 0.0 747.6 0.0 5253.4 0.0 2394.3 0.0
0 6 1 5 2 12
0 107.3 134.5 0 0 4279.6 6669.8 0 0 0 0 0 231.8
**********2022-05-23 14:35:33**********
71327.733 71349.814 0.031 417.943 474.292 
0 10
0 0 0 0 0 0 0 0 0 0 11423.0 0 0
0 3 9 7 8 4 11
0 0.0 0.0 2732.1 295.5 0.0 0.0 747.6 0.0 5253.4 0.0 2394.3 0.0
0 6 1 5 2 12
0 107.3 134.5 0 0 4279.6 6669.8 0 0 0 0 0 231.8
**********2022-05-23 14:35:34**********
71327.733 71349.814 0.031 417.943 475.437 
0 10
0 0 0 0 0 0 0 0 0 0 11423.0 0 0
0 3 9 7 8 4 11
0 0.0 0.0 2732.1 295.5 0.0 0.0 747.6 0.0 5253.4 0.0 2394.3 0.0
0 6 1 5 2 12
0 107.3 134.5 0 0 4279.6 6669.8 0 0 0 0 0 231.8
**********2022-05-23 14:35:38**********
71327.736 71349.814 0.031 417.943 479.94 
0 10
0 0 0 0 0 0 0 0 0 0 11423.0 0 0
0 3 9 7 8 4 11
0 0.0 0.0 2732.1 295.5 0.0 0.0 747.6 0.0 5253.4 0.0 2394.3 0.0
0 6 1 5 2 12
0 107.3 134.5 0 0 4279.6 6669.8 0 0 0 0 0 231.8
**********2022-05-23 14:35:42**********
71327.736 71349.814 0.031 417.943 483.522 
0 10
0 0 0 0 0 0 0 0 0 0 11423.0 0 0
0 3 9 7 8 4 11
0 0.0 0.0 2732.1 295.5 0.0 0.0 747.6 0.0 5253.4 0.0 2394.3 0.0
0 6 1 5 2 12
0 107.3 134.5 0 0 4279.6 6669.8 0 0 0 0 0 231.8
**********2022-05-23 14:35:47**********
71327.736 71349.814 0.031 417.943 488.063 
0 10
0 0 0 0 0 0 0 0 0 0 11423.0 0 0
0 3 9 7 8 4 11
0 0.0 0.0 2732.1 295.5 0.0 0.0 747.6 0.0 5253.4 0.0 2394.3 0.0
0 6 1 5 2 12
0 107.3 134.5 0 0 4279.6 6669.8 0 0 0 0 0 231.8
**********2022-05-23 14:35:50**********
71327.736 71349.814 0.031 417.943 491.672 
0 10
0 0 0 0 0 0 0 0 0 0 11423.0 0 0
0 3 9 7 8 4 11
0 0.0 0.0 2732.1 295.5 0.0 0.0 747.6 0.0 5253.4 0.0 2394.3 0.0
0 6 1 5 2 12
0 107.3 134.5 0 0 4279.6 6669.8 0 0 0 0 0 231.8
**********2022-05-23 14:35:54**********
71327.749 71349.814 0.031 417.943 495.859 
0 10
0 0 0 0 0 0 0 0 0 0 11423.0 0 0
0 3 9 7 8 4 11
0 0.0 0.0 2732.1 295.5 0.0 0.0 747.6 0.0 5253.4 0.0 2394.3 0.0
0 6 1 5 2 12
0 107.3 134.5 0 0 4279.6 6669.8 0 0 0 0 0 231.8
**********2022-05-23 14:35:58**********
71327.749 71349.814 0.031 417.943 499.693 
0 10
0 0 0 0 0 0 0 0 0 0 11423.0 0 0
0 3 9 7 8 4 11
0 0.0 0.0 2732.1 295.5 0.0 0.0 747.6 0.0 5253.4 0.0 2394.3 0.0
0 6 1 5 2 12
0 107.3 134.5 0 0 4279.6 6669.8 0 0 0 0 0 231.8
**********2022-05-23 14:36:03**********
71327.802 71349.814 0.031 417.943 504.164 
0 10
0 0 0 0 0 0 0 0 0 0 11423.0 0 0
0 3 9 7 8 4 11
0 0.0 0.0 2732.1 295.5 0.0 0.0 747.6 0.0 5253.4 0.0 2394.3 0.0
0 6 1 5 2 12
0 107.3 134.5 0 0 4279.6 6669.8 0 0 0 0 0 231.8
**********2022-05-23 14:36:06**********
71327.802 71349.814 0.031 417.943 507.318 
0 10
0 0 0 0 0 0 0 0 0 0 11423.0 0 0
0 3 9 7 8 4 11
0 0.0 0.0 2732.1 295.5 0.0 0.0 747.6 0.0 5253.4 0.0 2394.3 0.0
0 6 1 5 2 12
0 107.3 134.5 0 0 4279.6 6669.8 0 0 0 0 0 231.8
**********2022-05-23 14:36:09**********
71327.82 71338.64 0.015 510.584 510.584 
0 10
0 0 0 0 0 0 0 0 0 0 11423.0 0 0
0 3 8 7 9 4 11
0 0.0 0.0 2732.1 295.5 0.0 0.0 747.6 0.0 5253.4 0.0 2394.3 0.0
0 1 6 12 5 2
0 107.3 134.5 0.0 0.0 4279.6 6669.8 0.0 0.0 0.0 0.0 0.0 231.8
**********2022-05-23 14:36:12**********
71327.82 71338.64 0.015 510.584 514.001 
0 10
0 0 0 0 0 0 0 0 0 0 11423.0 0 0
0 3 8 7 9 4 11
0 0.0 0.0 2732.1 295.5 0.0 0.0 747.6 0.0 5253.4 0.0 2394.3 0.0
0 1 6 12 5 2
0 107.3 134.5 0.0 0.0 4279.6 6669.8 0.0 0.0 0.0 0.0 0.0 231.8
**********2022-05-23 14:36:16**********
71327.857 71336.194 0.012 517.929 517.929 
0 10
0 0 0 0 0 0 0 0 0 0 11423.0 0 0
0 3 8 7 9 4 11
0 0.0 0.0 2732.1 295.5 0.0 0.0 747.6 0.0 5253.4 0.0 2394.3 0.0
0 6 1 5 12 2
0 107.3 134.5 0 0 4279.6 6669.8 0 0 0 0 0 231.8
**********2022-05-23 14:36:22**********
71327.884 71336.194 0.012 517.929 523.892 
0 10
0 0 0 0 0 0 0 0 0 0 11423.0 0 0
0 3 8 7 9 4 11
0 0.0 0.0 2732.1 295.5 0.0 0.0 747.6 0.0 5253.4 0.0 2394.3 0.0
0 6 1 5 12 2
0 107.3 134.5 0 0 4279.6 6669.8 0 0 0 0 0 231.8
**********2022-05-23 14:36:27**********
71327.884 71336.194 0.012 517.929 528.476 
0 10
0 0 0 0 0 0 0 0 0 0 11423.0 0 0
0 3 8 7 9 4 11
0 0.0 0.0 2732.1 295.5 0.0 0.0 747.6 0.0 5253.4 0.0 2394.3 0.0
0 6 1 5 12 2
0 107.3 134.5 0 0 4279.6 6669.8 0 0 0 0 0 231.8
**********2022-05-23 14:36:31**********
71327.974 71336.194 0.012 517.929 532.508 
0 10
0 0 0 0 0 0 0 0 0 0 11423.0 0 0
0 3 8 7 9 4 11
0 0.0 0.0 2732.1 295.5 0.0 0.0 747.6 0.0 5253.4 0.0 2394.3 0.0
0 6 1 5 12 2
0 107.3 134.5 0 0 4279.6 6669.8 0 0 0 0 0 231.8
**********2022-05-23 14:36:36**********
71327.992 71336.194 0.011 517.929 537.818 
0 10
0 0 0 0 0 0 0 0 0 0 11423.0 0 0
0 3 8 7 9 4 11
0 0.0 0.0 2732.1 295.5 0.0 0.0 747.6 0.0 5253.4 0.0 2394.3 0.0
0 6 1 5 12 2
0 107.3 134.5 0 0 4279.6 6669.8 0 0 0 0 0 231.8
**********2022-05-23 14:36:42**********
71328.051 71336.194 0.011 517.929 543.939 
0 10
0 0 0 0 0 0 0 0 0 0 11423.0 0 0
0 3 8 7 9 4 11
0 0.0 0.0 2732.1 295.5 0.0 0.0 747.6 0.0 5253.4 0.0 2394.3 0.0
0 6 1 5 12 2
0 107.3 134.5 0 0 4279.6 6669.8 0 0 0 0 0 231.8
**********2022-05-23 14:36:47**********
71328.051 71336.194 0.011 517.929 548.281 
0 10
0 0 0 0 0 0 0 0 0 0 11423.0 0 0
0 3 8 7 9 4 11
0 0.0 0.0 2732.1 295.5 0.0 0.0 747.6 0.0 5253.4 0.0 2394.3 0.0
0 6 1 5 12 2
0 107.3 134.5 0 0 4279.6 6669.8 0 0 0 0 0 231.8
**********2022-05-23 14:36:51**********
71328.109 71336.194 0.011 517.929 552.523 
0 10
0 0 0 0 0 0 0 0 0 0 11423.0 0 0
0 3 8 7 9 4 11
0 0.0 0.0 2732.1 295.5 0.0 0.0 747.6 0.0 5253.4 0.0 2394.3 0.0
0 6 1 5 12 2
0 107.3 134.5 0 0 4279.6 6669.8 0 0 0 0 0 231.8
**********2022-05-23 14:36:55**********
71328.109 71336.194 0.011 517.929 556.914 
0 10
0 0 0 0 0 0 0 0 0 0 11423.0 0 0
0 3 8 7 9 4 11
0 0.0 0.0 2732.1 295.5 0.0 0.0 747.6 0.0 5253.4 0.0 2394.3 0.0
0 6 1 5 12 2
0 107.3 134.5 0 0 4279.6 6669.8 0 0 0 0 0 231.8
**********2022-05-23 14:36:59**********
71328.109 71336.194 0.011 517.929 560.212 
0 10
0 0 0 0 0 0 0 0 0 0 11423.0 0 0
0 3 8 7 9 4 11
0 0.0 0.0 2732.1 295.5 0.0 0.0 747.6 0.0 5253.4 0.0 2394.3 0.0
0 6 1 5 12 2
0 107.3 134.5 0 0 4279.6 6669.8 0 0 0 0 0 231.8
**********2022-05-23 14:37:02**********
71328.149 71336.194 0.011 517.929 563.475 
0 10
0 0 0 0 0 0 0 0 0 0 11423.0 0 0
0 3 8 7 9 4 11
0 0.0 0.0 2732.1 295.5 0.0 0.0 747.6 0.0 5253.4 0.0 2394.3 0.0
0 6 1 5 12 2
0 107.3 134.5 0 0 4279.6 6669.8 0 0 0 0 0 231.8
**********2022-05-23 14:37:06**********
71328.183 71336.194 0.011 517.929 567.232 
0 10
0 0 0 0 0 0 0 0 0 0 11423.0 0 0
0 3 8 7 9 4 11
0 0.0 0.0 2732.1 295.5 0.0 0.0 747.6 0.0 5253.4 0.0 2394.3 0.0
0 6 1 5 12 2
0 107.3 134.5 0 0 4279.6 6669.8 0 0 0 0 0 231.8
**********2022-05-23 14:37:12**********
71328.182 71336.194 0.011 517.929 573.221 
0 10
0 0 0 0 0 0 0 0 0 0 11423.0 0 0
0 3 8 7 9 4 11
0 0.0 0.0 2732.1 295.5 0.0 0.0 747.6 0.0 5253.4 0.0 2394.3 0.0
0 6 1 5 12 2
0 107.3 134.5 0 0 4279.6 6669.8 0 0 0 0 0 231.8
**********2022-05-23 14:37:18**********
71328.182 71336.194 0.011 517.929 579.356 
0 10
0 0 0 0 0 0 0 0 0 0 11423.0 0 0
0 3 8 7 9 4 11
0 0.0 0.0 2732.1 295.5 0.0 0.0 747.6 0.0 5253.4 0.0 2394.3 0.0
0 6 1 5 12 2
0 107.3 134.5 0 0 4279.6 6669.8 0 0 0 0 0 231.8
**********2022-05-23 14:37:22**********
71328.182 71336.194 0.011 517.929 583.417 
0 10
0 0 0 0 0 0 0 0 0 0 11423.0 0 0
0 3 8 7 9 4 11
0 0.0 0.0 2732.1 295.5 0.0 0.0 747.6 0.0 5253.4 0.0 2394.3 0.0
0 6 1 5 12 2
0 107.3 134.5 0 0 4279.6 6669.8 0 0 0 0 0 231.8
**********2022-05-23 14:37:27**********
71328.182 71336.194 0.011 517.929 588.575 
0 10
0 0 0 0 0 0 0 0 0 0 11423.0 0 0
0 3 8 7 9 4 11
0 0.0 0.0 2732.1 295.5 0.0 0.0 747.6 0.0 5253.4 0.0 2394.3 0.0
0 6 1 5 12 2
0 107.3 134.5 0 0 4279.6 6669.8 0 0 0 0 0 231.8
**********2022-05-23 14:37:33**********
71328.182 71336.194 0.011 517.929 594.676 
0 10
0 0 0 0 0 0 0 0 0 0 11423.0 0 0
0 3 8 7 9 4 11
0 0.0 0.0 2732.1 295.5 0.0 0.0 747.6 0.0 5253.4 0.0 2394.3 0.0
0 6 1 5 12 2
0 107.3 134.5 0 0 4279.6 6669.8 0 0 0 0 0 231.8
**********2022-05-23 14:37:39**********
71328.182 71336.194 0.011 517.929 600.684 
0 10
0 0 0 0 0 0 0 0 0 0 11423.0 0 0
0 3 8 7 9 4 11
0 0.0 0.0 2732.1 295.5 0.0 0.0 747.6 0.0 5253.4 0.0 2394.3 0.0
0 6 1 5 12 2
0 107.3 134.5 0 0 4279.6 6669.8 0 0 0 0 0 231.8
**********2022-05-23 14:37:44**********
71328.185 71336.194 0.011 517.929 605.431 
0 10
0 0 0 0 0 0 0 0 0 0 11423.0 0 0
0 3 8 7 9 4 11
0 0.0 0.0 2732.1 295.5 0.0 0.0 747.6 0.0 5253.4 0.0 2394.3 0.0
0 6 1 5 12 2
0 107.3 134.5 0 0 4279.6 6669.8 0 0 0 0 0 231.8
**********2022-05-23 14:37:52**********
71328.169 71336.194 0.011 517.929 613.136 
0 10
0 0 0 0 0 0 0 0 0 0 11423.0 0 0
0 3 8 7 9 4 11
0 0.0 0.0 2732.1 295.5 0.0 0.0 747.6 0.0 5253.4 0.0 2394.3 0.0
0 6 1 5 12 2
0 107.3 134.5 0 0 4279.6 6669.8 0 0 0 0 0 231.8
**********2022-05-23 14:37:58**********
71328.229 71336.194 0.011 517.929 619.598 
0 10
0 0 0 0 0 0 0 0 0 0 11423.0 0 0
0 3 8 7 9 4 11
0 0.0 0.0 2732.1 295.5 0.0 0.0 747.6 0.0 5253.4 0.0 2394.3 0.0
0 6 1 5 12 2
0 107.3 134.5 0 0 4279.6 6669.8 0 0 0 0 0 231.8
**********2022-05-23 14:38:03**********
71328.229 71336.194 0.011 517.929 624.104 
0 10
0 0 0 0 0 0 0 0 0 0 11423.0 0 0
0 3 8 7 9 4 11
0 0.0 0.0 2732.1 295.5 0.0 0.0 747.6 0.0 5253.4 0.0 2394.3 0.0
0 6 1 5 12 2
0 107.3 134.5 0 0 4279.6 6669.8 0 0 0 0 0 231.8
**********2022-05-23 14:38:08**********
71328.242 71336.194 0.011 517.929 629.186 
0 10
0 0 0 0 0 0 0 0 0 0 11423.0 0 0
0 3 8 7 9 4 11
0 0.0 0.0 2732.1 295.5 0.0 0.0 747.6 0.0 5253.4 0.0 2394.3 0.0
0 6 1 5 12 2
0 107.3 134.5 0 0 4279.6 6669.8 0 0 0 0 0 231.8
**********2022-05-23 14:38:12**********
71328.254 71336.194 0.011 517.929 633.741 
0 10
0 0 0 0 0 0 0 0 0 0 11423.0 0 0
0 3 8 7 9 4 11
0 0.0 0.0 2732.1 295.5 0.0 0.0 747.6 0.0 5253.4 0.0 2394.3 0.0
0 6 1 5 12 2
0 107.3 134.5 0 0 4279.6 6669.8 0 0 0 0 0 231.8
**********2022-05-23 14:38:18**********
71328.295 71336.194 0.011 517.929 639.427 
0 10
0 0 0 0 0 0 0 0 0 0 11423.0 0 0
0 3 8 7 9 4 11
0 0.0 0.0 2732.1 295.5 0.0 0.0 747.6 0.0 5253.4 0.0 2394.3 0.0
0 6 1 5 12 2
0 107.3 134.5 0 0 4279.6 6669.8 0 0 0 0 0 231.8
**********2022-05-23 14:38:23**********
71328.295 71336.194 0.011 517.929 644.738 
0 10
0 0 0 0 0 0 0 0 0 0 11423.0 0 0
0 3 8 7 9 4 11
0 0.0 0.0 2732.1 295.5 0.0 0.0 747.6 0.0 5253.4 0.0 2394.3 0.0
0 6 1 5 12 2
0 107.3 134.5 0 0 4279.6 6669.8 0 0 0 0 0 231.8
**********2022-05-23 14:38:29**********
71328.295 71336.194 0.011 517.929 650.803 
0 10
0 0 0 0 0 0 0 0 0 0 11423.0 0 0
0 3 8 7 9 4 11
0 0.0 0.0 2732.1 295.5 0.0 0.0 747.6 0.0 5253.4 0.0 2394.3 0.0
0 6 1 5 12 2
0 107.3 134.5 0 0 4279.6 6669.8 0 0 0 0 0 231.8
**********2022-05-23 14:38:35**********
71328.352 71336.194 0.011 517.929 656.406 
0 10
0 0 0 0 0 0 0 0 0 0 11423.0 0 0
0 3 8 7 9 4 11
0 0.0 0.0 2732.1 295.5 0.0 0.0 747.6 0.0 5253.4 0.0 2394.3 0.0
0 6 1 5 12 2
0 107.3 134.5 0 0 4279.6 6669.8 0 0 0 0 0 231.8
**********2022-05-23 14:38:39**********
71328.352 71336.194 0.011 517.929 660.903 
0 10
0 0 0 0 0 0 0 0 0 0 11423.0 0 0
0 3 8 7 9 4 11
0 0.0 0.0 2732.1 295.5 0.0 0.0 747.6 0.0 5253.4 0.0 2394.3 0.0
0 6 1 5 12 2
0 107.3 134.5 0 0 4279.6 6669.8 0 0 0 0 0 231.8
**********2022-05-23 14:38:44**********
71328.352 71336.194 0.011 517.929 665.872 
0 10
0 0 0 0 0 0 0 0 0 0 11423.0 0 0
0 3 8 7 9 4 11
0 0.0 0.0 2732.1 295.5 0.0 0.0 747.6 0.0 5253.4 0.0 2394.3 0.0
0 6 1 5 12 2
0 107.3 134.5 0 0 4279.6 6669.8 0 0 0 0 0 231.8
**********2022-05-23 14:38:49**********
71328.352 71336.194 0.011 517.929 670.304 
0 10
0 0 0 0 0 0 0 0 0 0 11423.0 0 0
0 3 8 7 9 4 11
0 0.0 0.0 2732.1 295.5 0.0 0.0 747.6 0.0 5253.4 0.0 2394.3 0.0
0 6 1 5 12 2
0 107.3 134.5 0 0 4279.6 6669.8 0 0 0 0 0 231.8
**********2022-05-23 14:38:53**********
71328.352 71336.194 0.011 517.929 674.326 
0 10
0 0 0 0 0 0 0 0 0 0 11423.0 0 0
0 3 8 7 9 4 11
0 0.0 0.0 2732.1 295.5 0.0 0.0 747.6 0.0 5253.4 0.0 2394.3 0.0
0 6 1 5 12 2
0 107.3 134.5 0 0 4279.6 6669.8 0 0 0 0 0 231.8
**********2022-05-23 14:38:58**********
71328.352 71336.194 0.011 517.929 679.687 
0 10
0 0 0 0 0 0 0 0 0 0 11423.0 0 0
0 3 8 7 9 4 11
0 0.0 0.0 2732.1 295.5 0.0 0.0 747.6 0.0 5253.4 0.0 2394.3 0.0
0 6 1 5 12 2
0 107.3 134.5 0 0 4279.6 6669.8 0 0 0 0 0 231.8
**********2022-05-23 14:39:02**********
71328.352 71336.194 0.011 517.929 683.695 
0 10
0 0 0 0 0 0 0 0 0 0 11423.0 0 0
0 3 8 7 9 4 11
0 0.0 0.0 2732.1 295.5 0.0 0.0 747.6 0.0 5253.4 0.0 2394.3 0.0
0 6 1 5 12 2
0 107.3 134.5 0 0 4279.6 6669.8 0 0 0 0 0 231.8
**********2022-05-23 14:39:06**********
71328.357 71336.194 0.011 517.929 687.663 
0 10
0 0 0 0 0 0 0 0 0 0 11423.0 0 0
0 3 8 7 9 4 11
0 0.0 0.0 2732.1 295.5 0.0 0.0 747.6 0.0 5253.4 0.0 2394.3 0.0
0 6 1 5 12 2
0 107.3 134.5 0 0 4279.6 6669.8 0 0 0 0 0 231.8
**********2022-05-23 14:39:10**********
71328.357 71336.194 0.011 517.929 691.039 
0 10
0 0 0 0 0 0 0 0 0 0 11423.0 0 0
0 3 8 7 9 4 11
0 0.0 0.0 2732.1 295.5 0.0 0.0 747.6 0.0 5253.4 0.0 2394.3 0.0
0 6 1 5 12 2
0 107.3 134.5 0 0 4279.6 6669.8 0 0 0 0 0 231.8
**********2022-05-23 14:39:13**********
71328.394 71336.194 0.011 517.929 694.093 
0 10
0 0 0 0 0 0 0 0 0 0 11423.0 0 0
0 3 8 7 9 4 11
0 0.0 0.0 2732.1 295.5 0.0 0.0 747.6 0.0 5253.4 0.0 2394.3 0.0
0 6 1 5 12 2
0 107.3 134.5 0 0 4279.6 6669.8 0 0 0 0 0 231.8
**********2022-05-23 14:39:23**********
71328.393 71336.194 0.011 517.929 704.417 
0 10
0 0 0 0 0 0 0 0 0 0 11423.0 0 0
0 3 8 7 9 4 11
0 0.0 0.0 2732.1 295.5 0.0 0.0 747.6 0.0 5253.4 0.0 2394.3 0.0
0 6 1 5 12 2
0 107.3 134.5 0 0 4279.6 6669.8 0 0 0 0 0 231.8
**********2022-05-23 14:39:33**********
71328.393 71336.194 0.011 517.929 714.234 
0 10
0 0 0 0 0 0 0 0 0 0 11423.0 0 0
0 3 8 7 9 4 11
0 0.0 0.0 2732.1 295.5 0.0 0.0 747.6 0.0 5253.4 0.0 2394.3 0.0
0 6 1 5 12 2
0 107.3 134.5 0 0 4279.6 6669.8 0 0 0 0 0 231.8
**********2022-05-23 14:39:37**********
71328.393 71336.194 0.011 517.929 718.548 
0 10
0 0 0 0 0 0 0 0 0 0 11423.0 0 0
0 3 8 7 9 4 11
0 0.0 0.0 2732.1 295.5 0.0 0.0 747.6 0.0 5253.4 0.0 2394.3 0.0
0 6 1 5 12 2
0 107.3 134.5 0 0 4279.6 6669.8 0 0 0 0 0 231.8
**********2022-05-23 14:39:41**********
71328.393 71336.194 0.011 517.929 722.909 
0 10
0 0 0 0 0 0 0 0 0 0 11423.0 0 0
0 3 8 7 9 4 11
0 0.0 0.0 2732.1 295.5 0.0 0.0 747.6 0.0 5253.4 0.0 2394.3 0.0
0 6 1 5 12 2
0 107.3 134.5 0 0 4279.6 6669.8 0 0 0 0 0 231.8
**********2022-05-23 14:39:46**********
71328.393 71336.194 0.011 517.929 727.605 
0 10
0 0 0 0 0 0 0 0 0 0 11423.0 0 0
0 3 8 7 9 4 11
0 0.0 0.0 2732.1 295.5 0.0 0.0 747.6 0.0 5253.4 0.0 2394.3 0.0
0 6 1 5 12 2
0 107.3 134.5 0 0 4279.6 6669.8 0 0 0 0 0 231.8
**********2022-05-23 14:39:51**********
71328.393 71336.194 0.011 517.929 732.569 
0 10
0 0 0 0 0 0 0 0 0 0 11423.0 0 0
0 3 8 7 9 4 11
0 0.0 0.0 2732.1 295.5 0.0 0.0 747.6 0.0 5253.4 0.0 2394.3 0.0
0 6 1 5 12 2
0 107.3 134.5 0 0 4279.6 6669.8 0 0 0 0 0 231.8
**********2022-05-23 14:39:56**********
71328.404 71336.194 0.011 517.929 738.005 
0 10
0 0 0 0 0 0 0 0 0 0 11423.0 0 0
0 3 8 7 9 4 11
0 0.0 0.0 2732.1 295.5 0.0 0.0 747.6 0.0 5253.4 0.0 2394.3 0.0
0 6 1 5 12 2
0 107.3 134.5 0 0 4279.6 6669.8 0 0 0 0 0 231.8
**********2022-05-23 14:40:07**********
71328.404 71336.194 0.011 517.929 748.26 
0 10
0 0 0 0 0 0 0 0 0 0 11423.0 0 0
0 3 8 7 9 4 11
0 0.0 0.0 2732.1 295.5 0.0 0.0 747.6 0.0 5253.4 0.0 2394.3 0.0
0 6 1 5 12 2
0 107.3 134.5 0 0 4279.6 6669.8 0 0 0 0 0 231.8
**********2022-05-23 14:40:14**********
71328.407 71336.194 0.011 517.929 755.1 
0 10
0 0 0 0 0 0 0 0 0 0 11423.0 0 0
0 3 8 7 9 4 11
0 0.0 0.0 2732.1 295.5 0.0 0.0 747.6 0.0 5253.4 0.0 2394.3 0.0
0 6 1 5 12 2
0 107.3 134.5 0 0 4279.6 6669.8 0 0 0 0 0 231.8
**********2022-05-23 14:40:19**********
71328.447 71336.194 0.011 517.929 760.045 
0 10
0 0 0 0 0 0 0 0 0 0 11423.0 0 0
0 3 8 7 9 4 11
0 0.0 0.0 2732.1 295.5 0.0 0.0 747.6 0.0 5253.4 0.0 2394.3 0.0
0 6 1 5 12 2
0 107.3 134.5 0 0 4279.6 6669.8 0 0 0 0 0 231.8
**********2022-05-23 14:40:23**********
71328.447 71336.194 0.011 517.929 764.422 
0 10
0 0 0 0 0 0 0 0 0 0 11423.0 0 0
0 3 8 7 9 4 11
0 0.0 0.0 2732.1 295.5 0.0 0.0 747.6 0.0 5253.4 0.0 2394.3 0.0
0 6 1 5 12 2
0 107.3 134.5 0 0 4279.6 6669.8 0 0 0 0 0 231.8
**********2022-05-23 14:40:28**********
71328.447 71336.194 0.011 517.929 769.198 
0 10
0 0 0 0 0 0 0 0 0 0 11423.0 0 0
0 3 8 7 9 4 11
0 0.0 0.0 2732.1 295.5 0.0 0.0 747.6 0.0 5253.4 0.0 2394.3 0.0
0 6 1 5 12 2
0 107.3 134.5 0 0 4279.6 6669.8 0 0 0 0 0 231.8
**********2022-05-23 14:40:32**********
71328.447 71336.194 0.011 517.929 773.697 
0 10
0 0 0 0 0 0 0 0 0 0 11423.0 0 0
0 3 8 7 9 4 11
0 0.0 0.0 2732.1 295.5 0.0 0.0 747.6 0.0 5253.4 0.0 2394.3 0.0
0 6 1 5 12 2
0 107.3 134.5 0 0 4279.6 6669.8 0 0 0 0 0 231.8
**********2022-05-23 14:40:36**********
71328.503 71336.194 0.011 517.929 777.324 
0 10
0 0 0 0 0 0 0 0 0 0 11423.0 0 0
0 3 8 7 9 4 11
0 0.0 0.0 2732.1 295.5 0.0 0.0 747.6 0.0 5253.4 0.0 2394.3 0.0
0 6 1 5 12 2
0 107.3 134.5 0 0 4279.6 6669.8 0 0 0 0 0 231.8
**********2022-05-23 14:40:42**********
71328.542 71336.194 0.011 517.929 783.635 
0 10
0 0 0 0 0 0 0 0 0 0 11423.0 0 0
0 3 8 7 9 4 11
0 0.0 0.0 2732.1 295.5 0.0 0.0 747.6 0.0 5253.4 0.0 2394.3 0.0
0 6 1 5 12 2
0 107.3 134.5 0 0 4279.6 6669.8 0 0 0 0 0 231.8
**********2022-05-23 14:41:00**********
71328.542 71336.194 0.011 517.929 801.006 
0 10
0 0 0 0 0 0 0 0 0 0 11423.0 0 0
0 3 8 7 9 4 11
0 0.0 0.0 2732.1 295.5 0.0 0.0 747.6 0.0 5253.4 0.0 2394.3 0.0
0 6 1 5 12 2
0 107.3 134.5 0 0 4279.6 6669.8 0 0 0 0 0 231.8
**********2022-05-23 14:41:07**********
71328.556 71336.194 0.011 517.929 808.659 
0 10
0 0 0 0 0 0 0 0 0 0 11423.0 0 0
0 3 8 7 9 4 11
0 0.0 0.0 2732.1 295.5 0.0 0.0 747.6 0.0 5253.4 0.0 2394.3 0.0
0 6 1 5 12 2
0 107.3 134.5 0 0 4279.6 6669.8 0 0 0 0 0 231.8
**********2022-05-23 14:41:11**********
71328.556 71336.194 0.011 517.929 812.969 
0 10
0 0 0 0 0 0 0 0 0 0 11423.0 0 0
0 3 8 7 9 4 11
0 0.0 0.0 2732.1 295.5 0.0 0.0 747.6 0.0 5253.4 0.0 2394.3 0.0
0 6 1 5 12 2
0 107.3 134.5 0 0 4279.6 6669.8 0 0 0 0 0 231.8
**********2022-05-23 14:41:15**********
71328.556 71336.194 0.011 517.929 816.967 
0 10
0 0 0 0 0 0 0 0 0 0 11423.0 0 0
0 3 8 7 9 4 11
0 0.0 0.0 2732.1 295.5 0.0 0.0 747.6 0.0 5253.4 0.0 2394.3 0.0
0 6 1 5 12 2
0 107.3 134.5 0 0 4279.6 6669.8 0 0 0 0 0 231.8
**********2022-05-23 14:41:20**********
71328.571 71336.194 0.011 517.929 821.846 
0 10
0 0 0 0 0 0 0 0 0 0 11423.0 0 0
0 3 8 7 9 4 11
0 0.0 0.0 2732.1 295.5 0.0 0.0 747.6 0.0 5253.4 0.0 2394.3 0.0
0 6 1 5 12 2
0 107.3 134.5 0 0 4279.6 6669.8 0 0 0 0 0 231.8
**********2022-05-23 14:41:24**********
71328.593 71336.194 0.011 517.929 825.566 
0 10
0 0 0 0 0 0 0 0 0 0 11423.0 0 0
0 3 8 7 9 4 11
0 0.0 0.0 2732.1 295.5 0.0 0.0 747.6 0.0 5253.4 0.0 2394.3 0.0
0 6 1 5 12 2
0 107.3 134.5 0 0 4279.6 6669.8 0 0 0 0 0 231.8
**********2022-05-23 14:41:27**********
71328.593 71336.194 0.011 517.929 828.774 
0 10
0 0 0 0 0 0 0 0 0 0 11423.0 0 0
0 3 8 7 9 4 11
0 0.0 0.0 2732.1 295.5 0.0 0.0 747.6 0.0 5253.4 0.0 2394.3 0.0
0 6 1 5 12 2
0 107.3 134.5 0 0 4279.6 6669.8 0 0 0 0 0 231.8
**********2022-05-23 14:41:31**********
71328.598 71336.194 0.011 517.929 832.097 
0 10
0 0 0 0 0 0 0 0 0 0 11423.0 0 0
0 3 8 7 9 4 11
0 0.0 0.0 2732.1 295.5 0.0 0.0 747.6 0.0 5253.4 0.0 2394.3 0.0
0 6 1 5 12 2
0 107.3 134.5 0 0 4279.6 6669.8 0 0 0 0 0 231.8
**********2022-05-23 14:41:37**********
71328.598 71336.194 0.011 517.929 838.465 
0 10
0 0 0 0 0 0 0 0 0 0 11423.0 0 0
0 3 8 7 9 4 11
0 0.0 0.0 2732.1 295.5 0.0 0.0 747.6 0.0 5253.4 0.0 2394.3 0.0
0 6 1 5 12 2
0 107.3 134.5 0 0 4279.6 6669.8 0 0 0 0 0 231.8
**********2022-05-23 14:41:42**********
71328.611 71336.194 0.011 517.929 843.643 
0 10
0 0 0 0 0 0 0 0 0 0 11423.0 0 0
0 3 8 7 9 4 11
0 0.0 0.0 2732.1 295.5 0.0 0.0 747.6 0.0 5253.4 0.0 2394.3 0.0
0 6 1 5 12 2
0 107.3 134.5 0 0 4279.6 6669.8 0 0 0 0 0 231.8
**********2022-05-23 14:41:46**********
71328.611 71336.194 0.011 517.929 847.124 
0 10
0 0 0 0 0 0 0 0 0 0 11423.0 0 0
0 3 8 7 9 4 11
0 0.0 0.0 2732.1 295.5 0.0 0.0 747.6 0.0 5253.4 0.0 2394.3 0.0
0 6 1 5 12 2
0 107.3 134.5 0 0 4279.6 6669.8 0 0 0 0 0 231.8
**********2022-05-23 14:41:49**********
71328.621 71336.194 0.011 517.929 850.774 
0 10
0 0 0 0 0 0 0 0 0 0 11423.0 0 0
0 3 8 7 9 4 11
0 0.0 0.0 2732.1 295.5 0.0 0.0 747.6 0.0 5253.4 0.0 2394.3 0.0
0 6 1 5 12 2
0 107.3 134.5 0 0 4279.6 6669.8 0 0 0 0 0 231.8
**********2022-05-23 14:41:54**********
71328.621 71336.194 0.011 517.929 855.447 
0 10
0 0 0 0 0 0 0 0 0 0 11423.0 0 0
0 3 8 7 9 4 11
0 0.0 0.0 2732.1 295.5 0.0 0.0 747.6 0.0 5253.4 0.0 2394.3 0.0
0 6 1 5 12 2
0 107.3 134.5 0 0 4279.6 6669.8 0 0 0 0 0 231.8
**********2022-05-23 14:41:58**********
71328.621 71336.194 0.011 517.929 859.975 
0 10
0 0 0 0 0 0 0 0 0 0 11423.0 0 0
0 3 8 7 9 4 11
0 0.0 0.0 2732.1 295.5 0.0 0.0 747.6 0.0 5253.4 0.0 2394.3 0.0
0 6 1 5 12 2
0 107.3 134.5 0 0 4279.6 6669.8 0 0 0 0 0 231.8
**********2022-05-23 14:42:04**********
71328.621 71336.194 0.011 517.929 865.497 
0 10
0 0 0 0 0 0 0 0 0 0 11423.0 0 0
0 3 8 7 9 4 11
0 0.0 0.0 2732.1 295.5 0.0 0.0 747.6 0.0 5253.4 0.0 2394.3 0.0
0 6 1 5 12 2
0 107.3 134.5 0 0 4279.6 6669.8 0 0 0 0 0 231.8
**********2022-05-23 14:42:08**********
71328.621 71336.194 0.011 517.929 869.443 
0 10
0 0 0 0 0 0 0 0 0 0 11423.0 0 0
0 3 8 7 9 4 11
0 0.0 0.0 2732.1 295.5 0.0 0.0 747.6 0.0 5253.4 0.0 2394.3 0.0
0 6 1 5 12 2
0 107.3 134.5 0 0 4279.6 6669.8 0 0 0 0 0 231.8
**********2022-05-23 14:42:12**********
71328.701 71336.194 0.011 517.929 873.265 
0 10
0 0 0 0 0 0 0 0 0 0 11423.0 0 0
0 3 8 7 9 4 11
0 0.0 0.0 2732.1 295.5 0.0 0.0 747.6 0.0 5253.4 0.0 2394.3 0.0
0 6 1 5 12 2
0 107.3 134.5 0 0 4279.6 6669.8 0 0 0 0 0 231.8
**********2022-05-23 14:42:16**********
71328.701 71336.194 0.011 517.929 877.285 
0 10
0 0 0 0 0 0 0 0 0 0 11423.0 0 0
0 3 8 7 9 4 11
0 0.0 0.0 2732.1 295.5 0.0 0.0 747.6 0.0 5253.4 0.0 2394.3 0.0
0 6 1 5 12 2
0 107.3 134.5 0 0 4279.6 6669.8 0 0 0 0 0 231.8
**********2022-05-23 14:42:20**********
71328.705 71336.194 0.01 517.929 881.849 
0 10
0 0 0 0 0 0 0 0 0 0 11423.0 0 0
0 3 8 7 9 4 11
0 0.0 0.0 2732.1 295.5 0.0 0.0 747.6 0.0 5253.4 0.0 2394.3 0.0
0 6 1 5 12 2
0 107.3 134.5 0 0 4279.6 6669.8 0 0 0 0 0 231.8
**********2022-05-23 14:42:29**********
71328.782 71336.194 0.01 517.929 890.352 
0 10
0 0 0 0 0 0 0 0 0 0 11423.0 0 0
0 3 8 7 9 4 11
0 0.0 0.0 2732.1 295.5 0.0 0.0 747.6 0.0 5253.4 0.0 2394.3 0.0
0 6 1 5 12 2
0 107.3 134.5 0 0 4279.6 6669.8 0 0 0 0 0 231.8
**********2022-05-23 14:42:34**********
71328.782 71336.194 0.01 517.929 895.137 
0 10
0 0 0 0 0 0 0 0 0 0 11423.0 0 0
0 3 8 7 9 4 11
0 0.0 0.0 2732.1 295.5 0.0 0.0 747.6 0.0 5253.4 0.0 2394.3 0.0
0 6 1 5 12 2
0 107.3 134.5 0 0 4279.6 6669.8 0 0 0 0 0 231.8
**********2022-05-23 14:42:39**********
71328.832 71336.194 0.01 517.929 900.719 
0 10
0 0 0 0 0 0 0 0 0 0 11423.0 0 0
0 3 8 7 9 4 11
0 0.0 0.0 2732.1 295.5 0.0 0.0 747.6 0.0 5253.4 0.0 2394.3 0.0
0 6 1 5 12 2
0 107.3 134.5 0 0 4279.6 6669.8 0 0 0 0 0 231.8
**********2022-05-23 14:42:43**********
71328.832 71336.194 0.01 517.929 904.443 
0 10
0 0 0 0 0 0 0 0 0 0 11423.0 0 0
0 3 8 7 9 4 11
0 0.0 0.0 2732.1 295.5 0.0 0.0 747.6 0.0 5253.4 0.0 2394.3 0.0
0 6 1 5 12 2
0 107.3 134.5 0 0 4279.6 6669.8 0 0 0 0 0 231.8
**********2022-05-23 14:42:46**********
71328.832 71336.194 0.01 517.929 907.673 
0 10
0 0 0 0 0 0 0 0 0 0 11423.0 0 0
0 3 8 7 9 4 11
0 0.0 0.0 2732.1 295.5 0.0 0.0 747.6 0.0 5253.4 0.0 2394.3 0.0
0 6 1 5 12 2
0 107.3 134.5 0 0 4279.6 6669.8 0 0 0 0 0 231.8
**********2022-05-23 14:42:49**********
71328.9 71336.194 0.01 517.929 910.617 
0 10
0 0 0 0 0 0 0 0 0 0 11423.0 0 0
0 3 8 7 9 4 11
0 0.0 0.0 2732.1 295.5 0.0 0.0 747.6 0.0 5253.4 0.0 2394.3 0.0
0 6 1 5 12 2
0 107.3 134.5 0 0 4279.6 6669.8 0 0 0 0 0 231.8
**********2022-05-23 14:42:52**********
71328.9 71336.194 0.01 517.929 913.38 
0 10
0 0 0 0 0 0 0 0 0 0 11423.0 0 0
0 3 8 7 9 4 11
0 0.0 0.0 2732.1 295.5 0.0 0.0 747.6 0.0 5253.4 0.0 2394.3 0.0
0 6 1 5 12 2
0 107.3 134.5 0 0 4279.6 6669.8 0 0 0 0 0 231.8
**********2022-05-23 14:42:55**********
71328.904 71336.194 0.01 517.929 916.651 
0 10
0 0 0 0 0 0 0 0 0 0 11423.0 0 0
0 3 8 7 9 4 11
0 0.0 0.0 2732.1 295.5 0.0 0.0 747.6 0.0 5253.4 0.0 2394.3 0.0
0 6 1 5 12 2
0 107.3 134.5 0 0 4279.6 6669.8 0 0 0 0 0 231.8
**********2022-05-23 14:43:04**********
71328.904 71336.194 0.01 517.929 925.882 
0 10
0 0 0 0 0 0 0 0 0 0 11423.0 0 0
0 3 8 7 9 4 11
0 0.0 0.0 2732.1 295.5 0.0 0.0 747.6 0.0 5253.4 0.0 2394.3 0.0
0 6 1 5 12 2
0 107.3 134.5 0 0 4279.6 6669.8 0 0 0 0 0 231.8
**********2022-05-23 14:43:09**********
71328.917 71336.194 0.01 517.929 930.18 
0 10
0 0 0 0 0 0 0 0 0 0 11423.0 0 0
0 3 8 7 9 4 11
0 0.0 0.0 2732.1 295.5 0.0 0.0 747.6 0.0 5253.4 0.0 2394.3 0.0
0 6 1 5 12 2
0 107.3 134.5 0 0 4279.6 6669.8 0 0 0 0 0 231.8
**********2022-05-23 14:43:12**********
71328.917 71336.194 0.01 517.929 933.199 
0 10
0 0 0 0 0 0 0 0 0 0 11423.0 0 0
0 3 8 7 9 4 11
0 0.0 0.0 2732.1 295.5 0.0 0.0 747.6 0.0 5253.4 0.0 2394.3 0.0
0 6 1 5 12 2
0 107.3 134.5 0 0 4279.6 6669.8 0 0 0 0 0 231.8
**********2022-05-23 14:43:14**********
71328.929 71336.194 0.01 517.929 935.605 
0 10
0 0 0 0 0 0 0 0 0 0 11423.0 0 0
0 3 8 7 9 4 11
0 0.0 0.0 2732.1 295.5 0.0 0.0 747.6 0.0 5253.4 0.0 2394.3 0.0
0 6 1 5 12 2
0 107.3 134.5 0 0 4279.6 6669.8 0 0 0 0 0 231.8
**********2022-05-23 14:43:18**********
71328.948 71336.194 0.01 517.929 939.342 
0 10
0 0 0 0 0 0 0 0 0 0 11423.0 0 0
0 3 8 7 9 4 11
0 0.0 0.0 2732.1 295.5 0.0 0.0 747.6 0.0 5253.4 0.0 2394.3 0.0
0 6 1 5 12 2
0 107.3 134.5 0 0 4279.6 6669.8 0 0 0 0 0 231.8
**********2022-05-23 14:43:23**********
71328.976 71336.194 0.01 517.929 944.018 
0 10
0 0 0 0 0 0 0 0 0 0 11423.0 0 0
0 3 8 7 9 4 11
0 0.0 0.0 2732.1 295.5 0.0 0.0 747.6 0.0 5253.4 0.0 2394.3 0.0
0 6 1 5 12 2
0 107.3 134.5 0 0 4279.6 6669.8 0 0 0 0 0 231.8
**********2022-05-23 14:43:27**********
71328.976 71336.194 0.01 517.929 948.774 
0 10
0 0 0 0 0 0 0 0 0 0 11423.0 0 0
0 3 8 7 9 4 11
0 0.0 0.0 2732.1 295.5 0.0 0.0 747.6 0.0 5253.4 0.0 2394.3 0.0
0 6 1 5 12 2
0 107.3 134.5 0 0 4279.6 6669.8 0 0 0 0 0 231.8
**********2022-05-23 14:43:32**********
71328.976 71336.194 0.01 517.929 953.825 
0 10
0 0 0 0 0 0 0 0 0 0 11423.0 0 0
0 3 8 7 9 4 11
0 0.0 0.0 2732.1 295.5 0.0 0.0 747.6 0.0 5253.4 0.0 2394.3 0.0
0 6 1 5 12 2
0 107.3 134.5 0 0 4279.6 6669.8 0 0 0 0 0 231.8
**********2022-05-23 14:43:37**********
71329.011 71336.194 0.01 517.929 958.263 
0 10
0 0 0 0 0 0 0 0 0 0 11423.0 0 0
0 3 8 7 9 4 11
0 0.0 0.0 2732.1 295.5 0.0 0.0 747.6 0.0 5253.4 0.0 2394.3 0.0
0 6 1 5 12 2
0 107.3 134.5 0 0 4279.6 6669.8 0 0 0 0 0 231.8
**********2022-05-23 14:43:44**********
71329.011 71336.194 0.01 517.929 965.355 
0 10
0 0 0 0 0 0 0 0 0 0 11423.0 0 0
0 3 8 7 9 4 11
0 0.0 0.0 2732.1 295.5 0.0 0.0 747.6 0.0 5253.4 0.0 2394.3 0.0
0 6 1 5 12 2
0 107.3 134.5 0 0 4279.6 6669.8 0 0 0 0 0 231.8
**********2022-05-23 14:43:53**********
71329.061 71336.194 0.01 517.929 974.032 
0 10
0 0 0 0 0 0 0 0 0 0 11423.0 0 0
0 3 8 7 9 4 11
0 0.0 0.0 2732.1 295.5 0.0 0.0 747.6 0.0 5253.4 0.0 2394.3 0.0
0 6 1 5 12 2
0 107.3 134.5 0 0 4279.6 6669.8 0 0 0 0 0 231.8
**********2022-05-23 14:43:57**********
71329.08 71336.194 0.01 517.929 978.155 
0 10
0 0 0 0 0 0 0 0 0 0 11423.0 0 0
0 3 8 7 9 4 11
0 0.0 0.0 2732.1 295.5 0.0 0.0 747.6 0.0 5253.4 0.0 2394.3 0.0
0 6 1 5 12 2
0 107.3 134.5 0 0 4279.6 6669.8 0 0 0 0 0 231.8
**********2022-05-23 14:44:02**********
71329.08 71336.194 0.01 517.929 983.644 
0 10
0 0 0 0 0 0 0 0 0 0 11423.0 0 0
0 3 8 7 9 4 11
0 0.0 0.0 2732.1 295.5 0.0 0.0 747.6 0.0 5253.4 0.0 2394.3 0.0
0 6 1 5 12 2
0 107.3 134.5 0 0 4279.6 6669.8 0 0 0 0 0 231.8
**********2022-05-23 14:44:07**********
71329.086 71336.194 0.01 517.929 988.949 
0 10
0 0 0 0 0 0 0 0 0 0 11423.0 0 0
0 3 8 7 9 4 11
0 0.0 0.0 2732.1 295.5 0.0 0.0 747.6 0.0 5253.4 0.0 2394.3 0.0
0 6 1 5 12 2
0 107.3 134.5 0 0 4279.6 6669.8 0 0 0 0 0 231.8
**********2022-05-23 14:44:13**********
71329.086 71336.194 0.01 517.929 994.683 
0 10
0 0 0 0 0 0 0 0 0 0 11423.0 0 0
0 3 8 7 9 4 11
0 0.0 0.0 2732.1 295.5 0.0 0.0 747.6 0.0 5253.4 0.0 2394.3 0.0
0 6 1 5 12 2
0 107.3 134.5 0 0 4279.6 6669.8 0 0 0 0 0 231.8
**********2022-05-23 14:44:20**********
71329.111 71336.194 0.01 517.929 1001.462 
0 10
0 0 0 0 0 0 0 0 0 0 11423.0 0 0
0 3 8 7 9 4 11
0 0.0 0.0 2732.1 295.5 0.0 0.0 747.6 0.0 5253.4 0.0 2394.3 0.0
0 6 1 5 12 2
0 107.3 134.5 0 0 4279.6 6669.8 0 0 0 0 0 231.8
**********2022-05-23 14:44:26**********
71329.112 71336.194 0.01 517.929 1007.609 
0 10
0 0 0 0 0 0 0 0 0 0 11423.0 0 0
0 3 8 7 9 4 11
0 0.0 0.0 2732.1 295.5 0.0 0.0 747.6 0.0 5253.4 0.0 2394.3 0.0
0 6 1 5 12 2
0 107.3 134.5 0 0 4279.6 6669.8 0 0 0 0 0 231.8
