**********2022-06-12 14:22:32**********
11272.414 11306.849 0.305 15.471 15.471 
0 8
0 0 0 0 0 0 0 0 8689.0 0 0 0 0
0 2 9 1 4 6 3
0 1146.8 0.8 2373.2 2086.7 0 311.1 0 0 67.3 0 0 0
0 11 12 5 10 7
0 0 0 0 0 2049.7 0 374.3 0 0 1235.4 2269.7 1118.9
**********2022-06-12 14:22:47**********
11272.414 11293.521 0.187 30.495 30.495 
0 8
0 0 0 0 0 0 0 0 8689.0 0 0 0 0
0 9 7 3 5 12 2
0 0 0.8 2373.2 0 2049.7 0 374.3 0 67.3 0 0 1118.9
0 6 10 4 11 1
0 1146.8 0 0 2086.7 0 311.1 0 0 0 1235.4 2269.7 0
**********2022-06-12 14:22:59**********
11272.414 11281.989 0.085 42.077 42.077 
0 1 12 3 9 4
0 1146.8 0 2373.3 2086.8 0 0 0 0 67.3 0 0 1118.9
0 7 5 11 6 10
0 0 0 0 0 2049.9 311.1 374.3 0 0 1235.5 2269.9 0
0 2 8
0 0 0.6 0 0 0 0 0 8688.4 0 0 0 0
**********2022-06-12 14:23:15**********
11272.414 11281.989 0.085 42.077 58.055 
0 1 12 3 9 4
0 1146.8 0 2373.3 2086.8 0 0 0 0 67.3 0 0 1118.9
0 7 5 11 6 10
0 0 0 0 0 2049.9 311.1 374.3 0 0 1235.5 2269.9 0
0 2 8
0 0 0.6 0 0 0 0 0 8688.4 0 0 0 0
**********2022-06-12 14:23:23**********
11272.414 11281.989 0.085 42.077 65.974 
0 1 12 3 9 4
0 1146.8 0 2373.3 2086.8 0 0 0 0 67.3 0 0 1118.9
0 7 5 11 6 10
0 0 0 0 0 2049.9 311.1 374.3 0 0 1235.5 2269.9 0
0 2 8
0 0 0.6 0 0 0 0 0 8688.4 0 0 0 0
**********2022-06-12 14:23:32**********
11272.414 11281.989 0.085 42.077 75.093 
0 1 12 3 9 4
0 1146.8 0 2373.3 2086.8 0 0 0 0 67.3 0 0 1118.9
0 7 5 11 6 10
0 0 0 0 0 2049.9 311.1 374.3 0 0 1235.5 2269.9 0
0 2 8
0 0 0.6 0 0 0 0 0 8688.4 0 0 0 0
**********2022-06-12 22:39:58**********
11272.414 11295.023 0.2 14.028 14.029 
0 6 10 5 12 3 7
0 0 0 2373.3 0 2049.9 311.1 374.3 0 0 1235.5 0 1118.9
0 9 1 11 4
0 1146.8 0 0 2086.8 0 0 0 0 67.3 0 2269.9 0
0 8 2
0 0.0 0.6 0.0 0.0 0.0 0.0 0.0 8688.4 0.0 0.0 0.0 0.0
**********2022-06-12 22:40:11**********
11272.414 11295.023 0.2 14.028 26.995 
0 6 10 5 12 3 7
0 0 0 2373.3 0 2049.9 311.1 374.3 0 0 1235.5 0 1118.9
0 9 1 11 4
0 1146.8 0 0 2086.8 0 0 0 0 67.3 0 2269.9 0
0 8 2
0 0.0 0.6 0.0 0.0 0.0 0.0 0.0 8688.4 0.0 0.0 0.0 0.0
**********2022-06-12 22:40:22**********
11272.414 11292.595 0.179 37.817 37.818 
0 1 11 2 6 7 9 3
0 1146.8 0.8 2373.2 0 0 311.1 374.3 0 67.3 0 2269.7 0
0 8
0 0 0 0 0 0 0 0 8689.0 0 0 0 0
0 5 4 12 10
0 0 0 0 2086.7 2049.7 0 0 0 0 1235.4 0 1118.9
**********2022-06-12 22:40:32**********
11272.414 11292.595 0.179 37.817 47.943 
0 1 11 2 6 7 9 3
0 1146.8 0.8 2373.2 0 0 311.1 374.3 0 67.3 0 2269.7 0
0 8
0 0 0 0 0 0 0 0 8689.0 0 0 0 0
0 5 4 12 10
0 0 0 0 2086.7 2049.7 0 0 0 0 1235.4 0 1118.9
**********2022-06-12 22:40:42**********
11272.414 11291.549 0.169 57.386 57.386 
0 4 12 10 7 6
0 0 0 0 2086.8 0 311.1 374.3 0 0 1235.5 0 1118.9
0 2 8
0 0 0.6 0 0 0 0 0 8688.4 0 0 0 0
0 1 5 3 11 9
0 1146.8 0 2373.3 0 2049.9 0 0 0 67.3 0 2269.9 0
**********2022-06-12 22:40:49**********
11272.414 11286.341 0.123 64.588 64.588 
0 8
0 0 0 0 0 0 0 0 8689.0 0 0 0 0
0 5 7 12 2 11
0 0 0.8 0 0 2049.7 0 374.3 0 0 0 2269.7 1118.9
0 1 9 3 10 6 4
0 1146.8 0 2373.2 2086.7 0 311.1 0 0 67.3 1235.4 0 0
**********2022-06-12 22:40:57**********
11272.414 11286.341 0.123 64.588 72.058 
0 8
0 0 0 0 0 0 0 0 8689.0 0 0 0 0
0 5 7 12 2 11
0 0 0.8 0 0 2049.7 0 374.3 0 0 0 2269.7 1118.9
0 1 9 3 10 6 4
0 1146.8 0 2373.2 2086.7 0 311.1 0 0 67.3 1235.4 0 0
**********2022-06-12 22:41:03**********
11272.414 11286.341 0.123 64.588 78.953 
0 8
0 0 0 0 0 0 0 0 8689.0 0 0 0 0
0 5 7 12 2 11
0 0 0.8 0 0 2049.7 0 374.3 0 0 0 2269.7 1118.9
0 1 9 3 10 6 4
0 1146.8 0 2373.2 2086.7 0 311.1 0 0 67.3 1235.4 0 0
**********2022-06-12 22:41:06**********
11272.414 11286.341 0.123 64.588 81.572 
0 8
0 0 0 0 0 0 0 0 8689.0 0 0 0 0
0 5 7 12 2 11
0 0 0.8 0 0 2049.7 0 374.3 0 0 0 2269.7 1118.9
0 1 9 3 10 6 4
0 1146.8 0 2373.2 2086.7 0 311.1 0 0 67.3 1235.4 0 0
**********2022-06-12 22:41:13**********
11272.414 11286.341 0.123 64.588 88.264 
0 8
0 0 0 0 0 0 0 0 8689.0 0 0 0 0
0 5 7 12 2 11
0 0 0.8 0 0 2049.7 0 374.3 0 0 0 2269.7 1118.9
0 1 9 3 10 6 4
0 1146.8 0 2373.2 2086.7 0 311.1 0 0 67.3 1235.4 0 0
**********2022-06-12 22:41:15**********
11272.414 11286.341 0.123 64.588 90.268 
0 8
0 0 0 0 0 0 0 0 8689.0 0 0 0 0
0 5 7 12 2 11
0 0 0.8 0 0 2049.7 0 374.3 0 0 0 2269.7 1118.9
0 1 9 3 10 6 4
0 1146.8 0 2373.2 2086.7 0 311.1 0 0 67.3 1235.4 0 0
**********2022-06-12 22:41:20**********
11272.414 11281.817 0.083 95.527 95.527 
0 8 2
0 0.0 0.6 0.0 -0.0 0.0 0.0 0.0 8688.4 0.0 0.0 -0.0 0.0
0 5 12 3 6
0 0 0 2373.3 0 2049.9 311.1 0 0 0 0 0 1118.9
0 7 10 1 9 4 11
0 1146.8 0 0 2086.8 0 0 374.3 0 67.3 1235.5 2269.9 0
**********2022-06-12 22:41:22**********
11272.414 11281.817 0.083 95.527 97.577 
0 8 2
0 0.0 0.6 0.0 -0.0 0.0 0.0 0.0 8688.4 0.0 0.0 -0.0 0.0
0 5 12 3 6
0 0 0 2373.3 0 2049.9 311.1 0 0 0 0 0 1118.9
0 7 10 1 9 4 11
0 1146.8 0 0 2086.8 0 0 374.3 0 67.3 1235.5 2269.9 0
**********2022-06-12 22:41:29**********
11272.414 11281.817 0.083 95.527 104.553 
0 8 2
0 0.0 0.6 0.0 -0.0 0.0 0.0 0.0 8688.4 0.0 0.0 -0.0 0.0
0 5 12 3 6
0 0 0 2373.3 0 2049.9 311.1 0 0 0 0 0 1118.9
0 7 10 1 9 4 11
0 1146.8 0 0 2086.8 0 0 374.3 0 67.3 1235.5 2269.9 0
**********2022-06-12 22:41:35**********
11272.414 11281.817 0.083 95.527 110.281 
0 8 2
0 0.0 0.6 0.0 -0.0 0.0 0.0 0.0 8688.4 0.0 0.0 -0.0 0.0
0 5 12 3 6
0 0 0 2373.3 0 2049.9 311.1 0 0 0 0 0 1118.9
0 7 10 1 9 4 11
0 1146.8 0 0 2086.8 0 0 374.3 0 67.3 1235.5 2269.9 0
**********2022-06-12 22:41:41**********
11272.414 11281.817 0.083 95.527 116.211 
0 8 2
0 0.0 0.6 0.0 -0.0 0.0 0.0 0.0 8688.4 0.0 0.0 -0.0 0.0
0 5 12 3 6
0 0 0 2373.3 0 2049.9 311.1 0 0 0 0 0 1118.9
0 7 10 1 9 4 11
0 1146.8 0 0 2086.8 0 0 374.3 0 67.3 1235.5 2269.9 0
**********2022-06-12 22:41:43**********
11272.414 11281.817 0.083 95.527 118.515 
0 8 2
0 0.0 0.6 0.0 -0.0 0.0 0.0 0.0 8688.4 0.0 0.0 -0.0 0.0
0 5 12 3 6
0 0 0 2373.3 0 2049.9 311.1 0 0 0 0 0 1118.9
0 7 10 1 9 4 11
0 1146.8 0 0 2086.8 0 0 374.3 0 67.3 1235.5 2269.9 0
**********2022-06-12 22:41:45**********
11272.414 11281.817 0.083 95.527 120.643 
0 8 2
0 0.0 0.6 0.0 -0.0 0.0 0.0 0.0 8688.4 0.0 0.0 -0.0 0.0
0 5 12 3 6
0 0 0 2373.3 0 2049.9 311.1 0 0 0 0 0 1118.9
0 7 10 1 9 4 11
0 1146.8 0 0 2086.8 0 0 374.3 0 67.3 1235.5 2269.9 0
**********2022-06-12 22:41:47**********
11272.414 11281.335 0.079 122.765 122.765 
0 3 10 1 9 7 6
0 1146.8 0 2373.3 0 0 311.1 374.3 0 67.3 1235.5 0 0
0 2 8
0 0 0.6 0 0 0 0 0 8688.4 0 0 0 0
0 11 5 12 4
0 0 0 0 2086.8 2049.9 0 0 0 0 0 2269.9 1118.9
**********2022-06-12 22:41:54**********
11272.414 11279.543 0.063 129.513 129.513 
0 8
0 0 0 0 0 0 0 0 8689.0 0 0 0 0
0 4 7 5 12 6 11
0 0 0 0 2086.7 2049.7 311.1 374.3 0 0 0 2269.7 1118.9
0 3 10 1 9 2
0 1146.8 0.8 2373.2 0 0 0 0 0 67.3 1235.4 0 0
**********2022-06-12 22:41:59**********
11272.414 11279.543 0.063 129.513 134.741 
0 8
0 0 0 0 0 0 0 0 8689.0 0 0 0 0
0 4 7 5 12 6 11
0 0 0 0 2086.7 2049.7 311.1 374.3 0 0 0 2269.7 1118.9
0 3 10 1 9 2
0 1146.8 0.8 2373.2 0 0 0 0 0 67.3 1235.4 0 0
**********2022-06-12 22:42:03**********
11272.414 11279.187 0.06 138.983 138.983 
0 8 2
0 0.0 0.6 0.0 0.0 0.0 0.0 0.0 8688.4 0.0 0.0 0.0 0.0
0 4 10 1 9 3
0 1146.8 0 2373.3 2086.8 0 0 0 0 67.3 1235.5 0 0
0 5 12 7 6 11
0 0 0 0 0 2049.9 311.1 374.3 0 0 0 2269.9 1118.9
**********2022-06-12 22:42:07**********
11272.414 11279.187 0.06 138.983 143.025 
0 8 2
0 0.0 0.6 0.0 0.0 0.0 0.0 0.0 8688.4 0.0 0.0 0.0 0.0
0 4 10 1 9 3
0 1146.8 0 2373.3 2086.8 0 0 0 0 67.3 1235.5 0 0
0 5 12 7 6 11
0 0 0 0 0 2049.9 311.1 374.3 0 0 0 2269.9 1118.9
**********2022-06-12 22:42:11**********
11272.414 11279.187 0.06 138.983 147.007 
0 8 2
0 0.0 0.6 0.0 0.0 0.0 0.0 0.0 8688.4 0.0 0.0 0.0 0.0
0 4 10 1 9 3
0 1146.8 0 2373.3 2086.8 0 0 0 0 67.3 1235.5 0 0
0 5 12 7 6 11
0 0 0 0 0 2049.9 311.1 374.3 0 0 0 2269.9 1118.9
**********2022-06-12 22:42:16**********
11272.414 11279.187 0.06 138.983 151.077 
0 8 2
0 0.0 0.6 0.0 0.0 0.0 0.0 0.0 8688.4 0.0 0.0 0.0 0.0
0 4 10 1 9 3
0 1146.8 0 2373.3 2086.8 0 0 0 0 67.3 1235.5 0 0
0 5 12 7 6 11
0 0 0 0 0 2049.9 311.1 374.3 0 0 0 2269.9 1118.9
**********2022-06-12 22:42:19**********
11272.414 11279.187 0.06 138.983 154.877 
0 8 2
0 0.0 0.6 0.0 0.0 0.0 0.0 0.0 8688.4 0.0 0.0 0.0 0.0
0 4 10 1 9 3
0 1146.8 0 2373.3 2086.8 0 0 0 0 67.3 1235.5 0 0
0 5 12 7 6 11
0 0 0 0 0 2049.9 311.1 374.3 0 0 0 2269.9 1118.9
**********2022-06-12 22:42:23**********
11272.414 11279.187 0.06 159.013 159.014 
0 8 2
0 0.0 0.6 0.0 -0.0 0.0 0.0 0.0 8688.4 0.0 0.0 -0.0 0.0
0 4 10 1 9 3
0 1146.8 0 2373.3 2086.8 0 0 0 0 67.3 1235.5 0 0
0 5 12 7 6 11
0 0 0 0 0 2049.9 311.1 374.3 0 0 0 2269.9 1118.9
**********2022-06-12 23:01:12**********
11272.414 11287.515 0.134 16.118 16.119 
0 5 9 3 10 7
0 0 0 2373.3 0 2049.9 0 374.3 0 67.3 1235.5 0 0
0 6 12 4 11 1
0 1146.8 0 0 2086.8 0 311.1 0 0 0 0 2269.9 1118.9
0 8 2
0 0.0 0.6 0.0 0.0 0.0 0.0 0.0 8688.4 0.0 0.0 0.0 0.0
**********2022-06-12 23:01:26**********
11272.414 11287.515 0.134 16.118 30.448 
0 5 9 3 10 7
0 0 0 2373.3 0 2049.9 0 374.3 0 67.3 1235.5 0 0
0 6 12 4 11 1
0 1146.8 0 0 2086.8 0 311.1 0 0 0 0 2269.9 1118.9
0 8 2
0 0.0 0.6 0.0 0.0 0.0 0.0 0.0 8688.4 0.0 0.0 0.0 0.0
**********2022-06-12 23:01:38**********
11272.414 11287.515 0.134 16.118 42.568 
0 5 9 3 10 7
0 0 0 2373.3 0 2049.9 0 374.3 0 67.3 1235.5 0 0
0 6 12 4 11 1
0 1146.8 0 0 2086.8 0 311.1 0 0 0 0 2269.9 1118.9
0 8 2
0 0.0 0.6 0.0 0.0 0.0 0.0 0.0 8688.4 0.0 0.0 0.0 0.0
**********2022-06-12 23:01:48**********
11272.414 11287.515 0.134 16.118 52.765 
0 5 9 3 10 7
0 0 0 2373.3 0 2049.9 0 374.3 0 67.3 1235.5 0 0
0 6 12 4 11 1
0 1146.8 0 0 2086.8 0 311.1 0 0 0 0 2269.9 1118.9
0 8 2
0 0.0 0.6 0.0 0.0 0.0 0.0 0.0 8688.4 0.0 0.0 0.0 0.0
**********2022-06-12 23:02:01**********
11272.414 11287.515 0.134 16.118 65.902 
0 5 9 3 10 7
0 0 0 2373.3 0 2049.9 0 374.3 0 67.3 1235.5 0 0
0 6 12 4 11 1
0 1146.8 0 0 2086.8 0 311.1 0 0 0 0 2269.9 1118.9
0 8 2
0 0.0 0.6 0.0 0.0 0.0 0.0 0.0 8688.4 0.0 0.0 0.0 0.0
**********2022-06-12 23:02:14**********
11272.414 11287.515 0.134 16.118 78.121 
0 5 9 3 10 7
0 0 0 2373.3 0 2049.9 0 374.3 0 67.3 1235.5 0 0
0 6 12 4 11 1
0 1146.8 0 0 2086.8 0 311.1 0 0 0 0 2269.9 1118.9
0 8 2
0 0.0 0.6 0.0 0.0 0.0 0.0 0.0 8688.4 0.0 0.0 0.0 0.0
**********2022-06-12 23:02:26**********
11272.414 11285.081 0.112 90.838 90.838 
0 8 2
0 0.0 0.6 0.0 0.0 0.0 0.0 0.0 8688.4 0.0 0.0 0.0 0.0
0 7 6 10 1 5 11
0 1146.8 0 0 0 2049.9 311.1 374.3 0 0 1235.5 2269.9 0
0 3 12 9 4
0 0 0 2373.3 2086.8 0 0 0 0 67.3 0 0 1118.9
**********2022-06-12 23:02:35**********
11272.414 11285.081 0.112 90.838 99.508 
0 8 2
0 0.0 0.6 0.0 0.0 0.0 0.0 0.0 8688.4 0.0 0.0 0.0 0.0
0 7 6 10 1 5 11
0 1146.8 0 0 0 2049.9 311.1 374.3 0 0 1235.5 2269.9 0
0 3 12 9 4
0 0 0 2373.3 2086.8 0 0 0 0 67.3 0 0 1118.9
**********2022-06-12 23:02:45**********
11272.414 11285.081 0.112 90.838 109.71 
0 8 2
0 0.0 0.6 0.0 0.0 0.0 0.0 0.0 8688.4 0.0 0.0 0.0 0.0
0 7 6 10 1 5 11
0 1146.8 0 0 0 2049.9 311.1 374.3 0 0 1235.5 2269.9 0
0 3 12 9 4
0 0 0 2373.3 2086.8 0 0 0 0 67.3 0 0 1118.9
**********2022-06-12 23:02:54**********
11272.414 11285.081 0.112 90.838 118.944 
0 8 2
0 0.0 0.6 0.0 0.0 0.0 0.0 0.0 8688.4 0.0 0.0 0.0 0.0
0 7 6 10 1 5 11
0 1146.8 0 0 0 2049.9 311.1 374.3 0 0 1235.5 2269.9 0
0 3 12 9 4
0 0 0 2373.3 2086.8 0 0 0 0 67.3 0 0 1118.9
**********2022-06-12 23:03:03**********
11272.414 11285.081 0.112 90.838 127.18 
0 8 2
0 0.0 0.6 0.0 0.0 0.0 0.0 0.0 8688.4 0.0 0.0 0.0 0.0
0 7 6 10 1 5 11
0 1146.8 0 0 0 2049.9 311.1 374.3 0 0 1235.5 2269.9 0
0 3 12 9 4
0 0 0 2373.3 2086.8 0 0 0 0 67.3 0 0 1118.9
**********2022-06-12 23:03:13**********
11272.414 11285.081 0.112 90.838 137.598 
0 8 2
0 0.0 0.6 0.0 0.0 0.0 0.0 0.0 8688.4 0.0 0.0 0.0 0.0
0 7 6 10 1 5 11
0 1146.8 0 0 0 2049.9 311.1 374.3 0 0 1235.5 2269.9 0
0 3 12 9 4
0 0 0 2373.3 2086.8 0 0 0 0 67.3 0 0 1118.9
**********2022-06-12 23:03:21**********
11272.414 11285.081 0.112 90.838 145.818 
0 8 2
0 0.0 0.6 0.0 0.0 0.0 0.0 0.0 8688.4 0.0 0.0 0.0 0.0
0 7 6 10 1 5 11
0 1146.8 0 0 0 2049.9 311.1 374.3 0 0 1235.5 2269.9 0
0 3 12 9 4
0 0 0 2373.3 2086.8 0 0 0 0 67.3 0 0 1118.9
**********2022-06-12 23:03:28**********
11272.414 11285.081 0.112 90.838 152.471 
0 8 2
0 0.0 0.6 0.0 0.0 0.0 0.0 0.0 8688.4 0.0 0.0 0.0 0.0
0 7 6 10 1 5 11
0 1146.8 0 0 0 2049.9 311.1 374.3 0 0 1235.5 2269.9 0
0 3 12 9 4
0 0 0 2373.3 2086.8 0 0 0 0 67.3 0 0 1118.9
**********2022-06-12 23:03:34**********
11272.414 11285.081 0.112 90.838 158.845 
0 8 2
0 0.0 0.6 0.0 0.0 0.0 0.0 0.0 8688.4 0.0 0.0 0.0 0.0
0 7 6 10 1 5 11
0 1146.8 0 0 0 2049.9 311.1 374.3 0 0 1235.5 2269.9 0
0 3 12 9 4
0 0 0 2373.3 2086.8 0 0 0 0 67.3 0 0 1118.9
**********2022-06-12 23:03:36**********
11272.414 11276.471 0.036 160.901 160.901 
0 3 12 4 10 1 9
0 1146.8 0 2373.3 2086.8 0 0 0 0 67.3 1235.5 0 1118.9
0 5 7 6 11
0 0 0 0 0 2049.9 311.1 374.3 0 0 0 2269.9 0
0 2 8
0 0 0.6 0 0 0 0 0 8688.4 0 0 0 0
**********2022-06-12 23:03:42**********
11272.414 11276.471 0.036 160.901 166.158 
0 3 12 4 10 1 9
0 1146.8 0 2373.3 2086.8 0 0 0 0 67.3 1235.5 0 1118.9
0 5 7 6 11
0 0 0 0 0 2049.9 311.1 374.3 0 0 0 2269.9 0
0 2 8
0 0 0.6 0 0 0 0 0 8688.4 0 0 0 0
**********2022-06-12 23:18:41**********
11272.414 11302.297 0.264 13.53 13.53 
0 9 12 5 3
0 0 0 2373.2 0 2049.7 0 0 0 67.3 0 0 1118.9
0 8
0 0 0 0 0 0 0 0 8689.0 0 0 0 0
0 4 6 10 7 2 1 11
0 1146.8 0.8 0 2086.7 0 311.1 374.3 0 0 1235.4 2269.7 0
**********2022-06-12 23:18:58**********
11272.414 11285.899 0.119 30.762 30.763 
0 4 9 11 6 7 12
0 0 0 0 2086.8 0 311.1 374.3 0 67.3 0 2269.9 1118.9
0 3 5 1 10
0 1146.8 0 2373.3 0 2049.9 0 0 0 0 1235.5 0 0
0 2 8
0 0 0.6 0 0 0 0 0 8688.4 0 0 0 0
**********2022-06-12 23:19:09**********
11272.414 11285.899 0.119 30.762 41.685 
0 4 9 11 6 7 12
0 0 0 0 2086.8 0 311.1 374.3 0 67.3 0 2269.9 1118.9
0 3 5 1 10
0 1146.8 0 2373.3 0 2049.9 0 0 0 0 1235.5 0 0
0 2 8
0 0 0.6 0 0 0 0 0 8688.4 0 0 0 0
**********2022-06-12 23:19:18**********
11272.414 11285.899 0.119 30.762 50.307 
0 4 9 11 6 7 12
0 0 0 0 2086.8 0 311.1 374.3 0 67.3 0 2269.9 1118.9
0 3 5 1 10
0 1146.8 0 2373.3 0 2049.9 0 0 0 0 1235.5 0 0
0 2 8
0 0 0.6 0 0 0 0 0 8688.4 0 0 0 0
**********2022-06-12 23:19:24**********
11272.414 11285.899 0.119 30.762 56.858 
0 4 9 11 6 7 12
0 0 0 0 2086.8 0 311.1 374.3 0 67.3 0 2269.9 1118.9
0 3 5 1 10
0 1146.8 0 2373.3 0 2049.9 0 0 0 0 1235.5 0 0
0 2 8
0 0 0.6 0 0 0 0 0 8688.4 0 0 0 0
**********2022-06-12 23:19:33**********
11272.414 11283.859 0.101 65.124 65.125 
0 1 9 11 4
0 1146.8 0 0 2086.8 0 0 0 0 67.3 0 2269.9 0
0 6 12 5 7 10 3
0 0 0 2373.3 0 2049.9 311.1 374.3 0 0 1235.5 0 1118.9
0 2 8
0 0 0.6 0 0 0 0 0 8688.4 0 0 0 0
**********2022-06-12 23:19:41**********
11272.414 11283.859 0.101 65.124 73.49 
0 1 9 11 4
0 1146.8 0 0 2086.8 0 0 0 0 67.3 0 2269.9 0
0 6 12 5 7 10 3
0 0 0 2373.3 0 2049.9 311.1 374.3 0 0 1235.5 0 1118.9
0 2 8
0 0 0.6 0 0 0 0 0 8688.4 0 0 0 0
**********2022-06-12 23:19:48**********
11272.414 11281.553 0.081 79.875 79.875 
0 3 10 1 9 5 7
0 1146.8 0 2373.3 0 2049.9 0 374.3 0 67.3 1235.5 0 0
0 4 12 6 11
0 0 0 0 2086.8 0 311.1 0 0 0 0 2269.9 1118.9
0 2 8
0 0 0.6 0 0 0 0 0 8688.4 0 0 0 0
**********2022-06-12 23:19:55**********
11272.414 11281.553 0.081 79.875 87.135 
0 3 10 1 9 5 7
0 1146.8 0 2373.3 0 2049.9 0 374.3 0 67.3 1235.5 0 0
0 4 12 6 11
0 0 0 0 2086.8 0 311.1 0 0 0 0 2269.9 1118.9
0 2 8
0 0 0.6 0 0 0 0 0 8688.4 0 0 0 0
**********2022-06-12 23:20:01**********
11272.414 11281.061 0.077 93.53 93.53 
0 8 2
0 0.0 0.6 0.0 0.0 0.0 0.0 0.0 8688.4 0.0 0.0 0.0 0.0
0 4 12 6 11
0 0 0 0 2086.8 0 311.1 0 0 0 0 2269.9 1118.9
0 3 10 1 9 5 7
0 1146.8 0 2373.3 0 2049.9 0 374.3 0 67.3 1235.5 0 0
**********2022-06-12 23:20:03**********
11272.414 11281.061 0.077 93.53 95.649 
0 8 2
0 0.0 0.6 0.0 0.0 0.0 0.0 0.0 8688.4 0.0 0.0 0.0 0.0
0 4 12 6 11
0 0 0 0 2086.8 0 311.1 0 0 0 0 2269.9 1118.9
0 3 10 1 9 5 7
0 1146.8 0 2373.3 0 2049.9 0 374.3 0 67.3 1235.5 0 0
**********2022-06-12 23:20:08**********
11272.414 11278.245 0.052 100.437 100.437 
0 8 2
0 0.0 0.6 0.0 0.0 0.0 0.0 0.0 8688.4 0.0 0.0 0.0 0.0
0 3 12 4 11
0 0 0 2373.3 2086.8 0 0 0 0 0 0 2269.9 1118.9
0 5 7 6 10 1 9
0 1146.8 0 0 0 2049.9 311.1 374.3 0 67.3 1235.5 0 0
**********2022-06-12 23:20:13**********
11272.414 11278.245 0.052 100.437 105.45 
0 8 2
0 0.0 0.6 0.0 0.0 0.0 0.0 0.0 8688.4 0.0 0.0 0.0 0.0
0 3 12 4 11
0 0 0 2373.3 2086.8 0 0 0 0 0 0 2269.9 1118.9
0 5 7 6 10 1 9
0 1146.8 0 0 0 2049.9 311.1 374.3 0 67.3 1235.5 0 0
**********2022-06-12 23:20:15**********
11272.414 11278.245 0.052 100.437 107.354 
0 8 2
0 0.0 0.6 0.0 0.0 0.0 0.0 0.0 8688.4 0.0 0.0 0.0 0.0
0 3 12 4 11
0 0 0 2373.3 2086.8 0 0 0 0 0 0 2269.9 1118.9
0 5 7 6 10 1 9
0 1146.8 0 0 0 2049.9 311.1 374.3 0 67.3 1235.5 0 0
**********2022-06-12 23:20:20**********
11272.414 11278.245 0.052 100.437 112.691 
0 8 2
0 0.0 0.6 0.0 0.0 0.0 0.0 0.0 8688.4 0.0 0.0 0.0 0.0
0 3 12 4 11
0 0 0 2373.3 2086.8 0 0 0 0 0 0 2269.9 1118.9
0 5 7 6 10 1 9
0 1146.8 0 0 0 2049.9 311.1 374.3 0 67.3 1235.5 0 0
**********2022-06-12 23:20:26**********
11272.414 11278.245 0.052 100.437 118.092 
0 8 2
0 0.0 0.6 0.0 0.0 0.0 0.0 0.0 8688.4 0.0 0.0 0.0 0.0
0 3 12 4 11
0 0 0 2373.3 2086.8 0 0 0 0 0 0 2269.9 1118.9
0 5 7 6 10 1 9
0 1146.8 0 0 0 2049.9 311.1 374.3 0 67.3 1235.5 0 0
**********2022-06-12 23:20:31**********
11272.414 11278.245 0.052 100.437 123.314 
0 8 2
0 0.0 0.6 0.0 0.0 0.0 0.0 0.0 8688.4 0.0 0.0 0.0 0.0
0 3 12 4 11
0 0 0 2373.3 2086.8 0 0 0 0 0 0 2269.9 1118.9
0 5 7 6 10 1 9
0 1146.8 0 0 0 2049.9 311.1 374.3 0 67.3 1235.5 0 0
**********2022-06-12 23:20:36**********
11272.414 11278.245 0.052 100.437 128.115 
0 8 2
0 0.0 0.6 0.0 0.0 0.0 0.0 0.0 8688.4 0.0 0.0 0.0 0.0
0 3 12 4 11
0 0 0 2373.3 2086.8 0 0 0 0 0 0 2269.9 1118.9
0 5 7 6 10 1 9
0 1146.8 0 0 0 2049.9 311.1 374.3 0 67.3 1235.5 0 0
**********2022-06-12 23:20:41**********
11272.414 11278.245 0.052 100.437 133.846 
0 8 2
0 0.0 0.6 0.0 0.0 0.0 0.0 0.0 8688.4 0.0 0.0 0.0 0.0
0 3 12 4 11
0 0 0 2373.3 2086.8 0 0 0 0 0 0 2269.9 1118.9
0 5 7 6 10 1 9
0 1146.8 0 0 0 2049.9 311.1 374.3 0 67.3 1235.5 0 0
**********2022-06-12 23:20:43**********
11272.414 11278.245 0.052 100.437 135.774 
0 8 2
0 0.0 0.6 0.0 0.0 0.0 0.0 0.0 8688.4 0.0 0.0 0.0 0.0
0 3 12 4 11
0 0 0 2373.3 2086.8 0 0 0 0 0 0 2269.9 1118.9
0 5 7 6 10 1 9
0 1146.8 0 0 0 2049.9 311.1 374.3 0 67.3 1235.5 0 0
**********2022-06-12 23:20:45**********
11272.414 11278.245 0.052 100.437 137.723 
0 8 2
0 0.0 0.6 0.0 0.0 0.0 0.0 0.0 8688.4 0.0 0.0 0.0 0.0
0 3 12 4 11
0 0 0 2373.3 2086.8 0 0 0 0 0 0 2269.9 1118.9
0 5 7 6 10 1 9
0 1146.8 0 0 0 2049.9 311.1 374.3 0 67.3 1235.5 0 0
**********2022-06-12 23:20:49**********
11272.414 11278.245 0.052 100.437 141.742 
0 8 2
0 0.0 0.6 0.0 0.0 0.0 0.0 0.0 8688.4 0.0 0.0 0.0 0.0
0 3 12 4 11
0 0 0 2373.3 2086.8 0 0 0 0 0 0 2269.9 1118.9
0 5 7 6 10 1 9
0 1146.8 0 0 0 2049.9 311.1 374.3 0 67.3 1235.5 0 0
**********2022-06-12 23:20:54**********
11272.414 11276.763 0.039 145.941 145.941 
0 2 8
0 0 0.6 0 0 0 0 0 8688.4 0 0 0 0
0 4 10 1 9 11
0 1146.8 0 0 2086.8 0 0 0 0 67.3 1235.5 2269.9 0
0 3 12 5 7 6
0 0 0 2373.3 0 2049.9 311.1 374.3 0 0 0 0 1118.9
**********2022-06-12 23:20:55**********
11272.414 11276.763 0.039 145.941 147.818 
0 2 8
0 0 0.6 0 0 0 0 0 8688.4 0 0 0 0
0 4 10 1 9 11
0 1146.8 0 0 2086.8 0 0 0 0 67.3 1235.5 2269.9 0
0 3 12 5 7 6
0 0 0 2373.3 0 2049.9 311.1 374.3 0 0 0 0 1118.9
**********2022-06-12 23:21:00**********
11272.414 11276.763 0.039 145.941 151.995 
0 2 8
0 0 0.6 0 0 0 0 0 8688.4 0 0 0 0
0 4 10 1 9 11
0 1146.8 0 0 2086.8 0 0 0 0 67.3 1235.5 2269.9 0
0 3 12 5 7 6
0 0 0 2373.3 0 2049.9 311.1 374.3 0 0 0 0 1118.9
**********2022-06-12 23:21:04**********
11272.414 11276.271 0.034 156.332 156.332 
0 8 2
0 0.0 0.6 0.0 -0.0 0.0 0.0 0.0 8688.4 0.0 0.0 0.0 0.0
0 4 10 1 9 11
0 1146.8 0 0 2086.8 0 0 0 0 67.3 1235.5 2269.9 0
0 3 12 5 7 6
0 0 0 2373.3 0 2049.9 311.1 374.3 0 0 0 0 1118.9
**********2022-06-12 23:21:08**********
11272.414 11276.271 0.034 156.332 160.474 
0 8 2
0 0.0 0.6 0.0 -0.0 0.0 0.0 0.0 8688.4 0.0 0.0 0.0 0.0
0 4 10 1 9 11
0 1146.8 0 0 2086.8 0 0 0 0 67.3 1235.5 2269.9 0
0 3 12 5 7 6
0 0 0 2373.3 0 2049.9 311.1 374.3 0 0 0 0 1118.9
**********2022-06-12 23:21:10**********
11272.414 11276.271 0.034 156.332 161.952 
0 8 2
0 0.0 0.6 0.0 -0.0 0.0 0.0 0.0 8688.4 0.0 0.0 0.0 0.0
0 4 10 1 9 11
0 1146.8 0 0 2086.8 0 0 0 0 67.3 1235.5 2269.9 0
0 3 12 5 7 6
0 0 0 2373.3 0 2049.9 311.1 374.3 0 0 0 0 1118.9
**********2022-06-12 23:21:13**********
11272.414 11276.271 0.034 156.332 165.428 
0 8 2
0 0.0 0.6 0.0 -0.0 0.0 0.0 0.0 8688.4 0.0 0.0 0.0 0.0
0 4 10 1 9 11
0 1146.8 0 0 2086.8 0 0 0 0 67.3 1235.5 2269.9 0
0 3 12 5 7 6
0 0 0 2373.3 0 2049.9 311.1 374.3 0 0 0 0 1118.9
**********2022-06-12 23:21:16**********
11272.414 11276.271 0.034 156.332 168.59 
0 8 2
0 0.0 0.6 0.0 -0.0 0.0 0.0 0.0 8688.4 0.0 0.0 0.0 0.0
0 4 10 1 9 11
0 1146.8 0 0 2086.8 0 0 0 0 67.3 1235.5 2269.9 0
0 3 12 5 7 6
0 0 0 2373.3 0 2049.9 311.1 374.3 0 0 0 0 1118.9
**********2022-06-12 23:21:18**********
11272.414 11276.271 0.034 156.332 170.214 
0 8 2
0 0.0 0.6 0.0 -0.0 0.0 0.0 0.0 8688.4 0.0 0.0 0.0 0.0
0 4 10 1 9 11
0 1146.8 0 0 2086.8 0 0 0 0 67.3 1235.5 2269.9 0
0 3 12 5 7 6
0 0 0 2373.3 0 2049.9 311.1 374.3 0 0 0 0 1118.9
**********2022-06-12 23:21:21**********
11272.414 11276.271 0.034 156.332 173.38 
0 8 2
0 0.0 0.6 0.0 -0.0 0.0 0.0 0.0 8688.4 0.0 0.0 0.0 0.0
0 4 10 1 9 11
0 1146.8 0 0 2086.8 0 0 0 0 67.3 1235.5 2269.9 0
0 3 12 5 7 6
0 0 0 2373.3 0 2049.9 311.1 374.3 0 0 0 0 1118.9
**********2022-06-12 23:21:24**********
11272.414 11276.271 0.034 156.332 176.698 
0 8 2
0 0.0 0.6 0.0 -0.0 0.0 0.0 0.0 8688.4 0.0 0.0 0.0 0.0
0 4 10 1 9 11
0 1146.8 0 0 2086.8 0 0 0 0 67.3 1235.5 2269.9 0
0 3 12 5 7 6
0 0 0 2373.3 0 2049.9 311.1 374.3 0 0 0 0 1118.9
**********2022-06-12 23:21:27**********
11272.414 11276.271 0.034 156.332 179.825 
0 8 2
0 0.0 0.6 0.0 -0.0 0.0 0.0 0.0 8688.4 0.0 0.0 0.0 0.0
0 4 10 1 9 11
0 1146.8 0 0 2086.8 0 0 0 0 67.3 1235.5 2269.9 0
0 3 12 5 7 6
0 0 0 2373.3 0 2049.9 311.1 374.3 0 0 0 0 1118.9
**********2022-06-12 23:21:30**********
11272.414 11276.271 0.034 156.332 182.768 
0 8 2
0 0.0 0.6 0.0 -0.0 0.0 0.0 0.0 8688.4 0.0 0.0 0.0 0.0
0 4 10 1 9 11
0 1146.8 0 0 2086.8 0 0 0 0 67.3 1235.5 2269.9 0
0 3 12 5 7 6
0 0 0 2373.3 0 2049.9 311.1 374.3 0 0 0 0 1118.9
**********2022-06-12 23:21:33**********
11272.414 11276.271 0.034 156.332 185.805 
0 8 2
0 0.0 0.6 0.0 -0.0 0.0 0.0 0.0 8688.4 0.0 0.0 0.0 0.0
0 4 10 1 9 11
0 1146.8 0 0 2086.8 0 0 0 0 67.3 1235.5 2269.9 0
0 3 12 5 7 6
0 0 0 2373.3 0 2049.9 311.1 374.3 0 0 0 0 1118.9
**********2022-06-12 23:45:44**********
11272.414 11292.763 0.18 14.812 14.812 
0 3 6 12 5
0 0 0 2373.3 0 2049.9 311.1 0 0 0 0 0 1118.9
0 7 4 9 10 1 11
0 1146.8 0 0 2086.8 0 0 374.3 0 67.3 1235.5 2269.9 0
0 8 2
0 0.0 0.6 0.0 0.0 0.0 0.0 0.0 8688.4 0.0 0.0 0.0 0.0
**********2022-06-12 23:45:57**********
11272.414 11292.763 0.18 14.812 27.515 
0 3 6 12 5
0 0 0 2373.3 0 2049.9 311.1 0 0 0 0 0 1118.9
0 7 4 9 10 1 11
0 1146.8 0 0 2086.8 0 0 374.3 0 67.3 1235.5 2269.9 0
0 8 2
0 0.0 0.6 0.0 0.0 0.0 0.0 0.0 8688.4 0.0 0.0 0.0 0.0
**********2022-06-12 23:46:05**********
11272.414 11287.371 0.133 35.656 35.656 
0 8 2
0 0.0 0.6 0.0 -0.0 0.0 0.0 0.0 8688.4 0.0 0.0 -0.0 0.0
0 5 11 9 4
0 0 0 0 2086.8 2049.9 0 0 0 67.3 0 2269.9 0
0 7 12 6 1 10 3
0 1146.8 0 2373.3 0 0 311.1 374.3 0 0 1235.5 0 1118.9
**********2022-06-12 23:46:13**********
11272.414 11281.945 0.084 43.693 43.693 
0 8 2
0 0.0 0.6 0.0 0.0 0.0 0.0 0.0 8688.4 0.0 0.0 0.0 0.0
0 4 9 3 12
0 0 0 2373.3 2086.8 0 0 0 0 67.3 0 0 1118.9
0 6 7 11 5 1 10
0 1146.8 0 0 0 2049.9 311.1 374.3 0 0 1235.5 2269.9 0
**********2022-06-12 23:46:21**********
11272.414 11281.945 0.084 43.693 52.093 
0 8 2
0 0.0 0.6 0.0 0.0 0.0 0.0 0.0 8688.4 0.0 0.0 0.0 0.0
0 4 9 3 12
0 0 0 2373.3 2086.8 0 0 0 0 67.3 0 0 1118.9
0 6 7 11 5 1 10
0 1146.8 0 0 0 2049.9 311.1 374.3 0 0 1235.5 2269.9 0
**********2022-06-12 23:46:29**********
11272.414 11281.171 0.078 59.655 59.655 
0 4 9 2 12 5 1 10
0 1146.8 0.8 0 2086.7 2049.7 0 0 0 67.3 1235.4 0 1118.9
0 8
0 0 0 0 0 0 0 0 8689.0 0 0 0 0
0 3 11 6 7
0 0 0 2373.2 0 0 311.1 374.3 0 0 0 2269.7 0
**********2022-06-12 23:46:36**********
11272.414 11281.171 0.078 59.655 67.292 
0 4 9 2 12 5 1 10
0 1146.8 0.8 0 2086.7 2049.7 0 0 0 67.3 1235.4 0 1118.9
0 8
0 0 0 0 0 0 0 0 8689.0 0 0 0 0
0 3 11 6 7
0 0 0 2373.2 0 0 311.1 374.3 0 0 0 2269.7 0
**********2022-06-12 23:46:43**********
11272.414 11281.171 0.078 59.655 73.599 
0 4 9 2 12 5 1 10
0 1146.8 0.8 0 2086.7 2049.7 0 0 0 67.3 1235.4 0 1118.9
0 8
0 0 0 0 0 0 0 0 8689.0 0 0 0 0
0 3 11 6 7
0 0 0 2373.2 0 0 311.1 374.3 0 0 0 2269.7 0
**********2022-06-12 23:46:49**********
11272.414 11281.171 0.078 59.655 79.7 
0 4 9 2 12 5 1 10
0 1146.8 0.8 0 2086.7 2049.7 0 0 0 67.3 1235.4 0 1118.9
0 8
0 0 0 0 0 0 0 0 8689.0 0 0 0 0
0 3 11 6 7
0 0 0 2373.2 0 0 311.1 374.3 0 0 0 2269.7 0
**********2022-06-12 23:46:53**********
11272.414 11281.171 0.078 59.655 84.181 
0 4 9 2 12 5 1 10
0 1146.8 0.8 0 2086.7 2049.7 0 0 0 67.3 1235.4 0 1118.9
0 8
0 0 0 0 0 0 0 0 8689.0 0 0 0 0
0 3 11 6 7
0 0 0 2373.2 0 0 311.1 374.3 0 0 0 2269.7 0
**********2022-06-12 23:47:00**********
11272.414 11281.171 0.078 59.655 90.407 
0 4 9 2 12 5 1 10
0 1146.8 0.8 0 2086.7 2049.7 0 0 0 67.3 1235.4 0 1118.9
0 8
0 0 0 0 0 0 0 0 8689.0 0 0 0 0
0 3 11 6 7
0 0 0 2373.2 0 0 311.1 374.3 0 0 0 2269.7 0
**********2022-06-12 23:47:07**********
11272.414 11281.171 0.078 59.655 97.816 
0 4 9 2 12 5 1 10
0 1146.8 0.8 0 2086.7 2049.7 0 0 0 67.3 1235.4 0 1118.9
0 8
0 0 0 0 0 0 0 0 8689.0 0 0 0 0
0 3 11 6 7
0 0 0 2373.2 0 0 311.1 374.3 0 0 0 2269.7 0
**********2022-06-12 23:47:12**********
11272.414 11281.171 0.078 59.655 102.945 
0 4 9 2 12 5 1 10
0 1146.8 0.8 0 2086.7 2049.7 0 0 0 67.3 1235.4 0 1118.9
0 8
0 0 0 0 0 0 0 0 8689.0 0 0 0 0
0 3 11 6 7
0 0 0 2373.2 0 0 311.1 374.3 0 0 0 2269.7 0
**********2022-06-12 23:47:17**********
11272.414 11281.171 0.078 59.655 108.247 
0 4 9 2 12 5 1 10
0 1146.8 0.8 0 2086.7 2049.7 0 0 0 67.3 1235.4 0 1118.9
0 8
0 0 0 0 0 0 0 0 8689.0 0 0 0 0
0 3 11 6 7
0 0 0 2373.2 0 0 311.1 374.3 0 0 0 2269.7 0
**********2022-06-12 23:47:23**********
11272.414 11281.171 0.078 59.655 113.823 
0 4 9 2 12 5 1 10
0 1146.8 0.8 0 2086.7 2049.7 0 0 0 67.3 1235.4 0 1118.9
0 8
0 0 0 0 0 0 0 0 8689.0 0 0 0 0
0 3 11 6 7
0 0 0 2373.2 0 0 311.1 374.3 0 0 0 2269.7 0
**********2022-06-12 23:47:29**********
11272.414 11281.171 0.078 59.655 119.454 
0 4 9 2 12 5 1 10
0 1146.8 0.8 0 2086.7 2049.7 0 0 0 67.3 1235.4 0 1118.9
0 8
0 0 0 0 0 0 0 0 8689.0 0 0 0 0
0 3 11 6 7
0 0 0 2373.2 0 0 311.1 374.3 0 0 0 2269.7 0
**********2022-06-12 23:47:34**********
11272.414 11281.171 0.078 59.655 124.556 
0 4 9 2 12 5 1 10
0 1146.8 0.8 0 2086.7 2049.7 0 0 0 67.3 1235.4 0 1118.9
0 8
0 0 0 0 0 0 0 0 8689.0 0 0 0 0
0 3 11 6 7
0 0 0 2373.2 0 0 311.1 374.3 0 0 0 2269.7 0
**********2022-06-12 23:47:39**********
11272.414 11279.995 0.067 130.117 130.117 
0 8
0 0 0 0 0 0 0 0 8689.0 0 0 0 0
0 3 9 4 12 2
0 0 0.8 2373.2 2086.7 0 0 0 0 67.3 0 0 1118.9
0 5 7 6 1 10 11
0 1146.8 0 0 0 2049.7 311.1 374.3 0 0 1235.4 2269.7 0
**********2022-06-12 23:47:43**********
11272.414 11277.001 0.041 134.345 134.345 
0 8 2
0 0.0 0.6 0.0 0.0 0.0 0.0 0.0 8688.4 0.0 0.0 0.0 0.0
0 4 12 5 7 6
0 0 0 0 2086.8 2049.9 311.1 374.3 0 0 0 0 1118.9
0 1 10 3 9 11
0 1146.8 0 2373.3 0 0 0 0 0 67.3 1235.5 2269.9 0
**********2022-06-12 23:47:48**********
11272.414 11277.001 0.041 134.345 139.312 
0 8 2
0 0.0 0.6 0.0 0.0 0.0 0.0 0.0 8688.4 0.0 0.0 0.0 0.0
0 4 12 5 7 6
0 0 0 0 2086.8 2049.9 311.1 374.3 0 0 0 0 1118.9
0 1 10 3 9 11
0 1146.8 0 2373.3 0 0 0 0 0 67.3 1235.5 2269.9 0
**********2022-06-12 23:47:53**********
11272.414 11277.001 0.041 134.345 143.5 
0 8 2
0 0.0 0.6 0.0 0.0 0.0 0.0 0.0 8688.4 0.0 0.0 0.0 0.0
0 4 12 5 7 6
0 0 0 0 2086.8 2049.9 311.1 374.3 0 0 0 0 1118.9
0 1 10 3 9 11
0 1146.8 0 2373.3 0 0 0 0 0 67.3 1235.5 2269.9 0
**********2022-06-12 23:47:55**********
11272.414 11277.001 0.041 134.345 145.681 
0 8 2
0 0.0 0.6 0.0 0.0 0.0 0.0 0.0 8688.4 0.0 0.0 0.0 0.0
0 4 12 5 7 6
0 0 0 0 2086.8 2049.9 311.1 374.3 0 0 0 0 1118.9
0 1 10 3 9 11
0 1146.8 0 2373.3 0 0 0 0 0 67.3 1235.5 2269.9 0
**********2022-06-12 23:48:00**********
11272.414 11276.705 0.038 150.568 150.568 
0 4 12 1 10
0 1146.8 0 0 2086.7 0 0 0 0 0 1235.4 0 1118.9
0 8
0 0 0 0 0 0 0 0 8689.0 0 0 0 0
0 5 7 6 11 3 9 2
0 0 0.8 2373.2 0 2049.7 311.1 374.3 0 67.3 0 2269.7 0
**********2022-06-12 23:48:04**********
11272.414 11276.705 0.038 150.568 154.804 
0 4 12 1 10
0 1146.8 0 0 2086.7 0 0 0 0 0 1235.4 0 1118.9
0 8
0 0 0 0 0 0 0 0 8689.0 0 0 0 0
0 5 7 6 11 3 9 2
0 0 0.8 2373.2 0 2049.7 311.1 374.3 0 67.3 0 2269.7 0
**********2022-06-12 23:48:09**********
11272.414 11276.263 0.034 159.952 159.952 
0 8
0 0 0 0 0 0 0 0 8689.0 0 0 0 0
0 3 9 1 10
0 1146.8 0 2373.2 0 0 0 0 0 67.3 1235.4 0 0
0 4 12 2 11 5 7 6
0 0 0.8 0 2086.7 2049.7 311.1 374.3 0 0 0 2269.7 1118.9
**********2022-06-12 23:48:13**********
11272.414 11273.345 0.008 164.258 164.258 
0 8 2
0 0.0 0.6 0.0 -0.0 0.0 0.0 0.0 8688.4 0.0 0.0 -0.0 0.0
0 4 12 5 7 6 11
0 0 0 0 2086.7 2049.7 311.1 374.3 0 0 0 2269.7 1118.9
0 3 9 1 10
0 1146.8 0 2373.2 0 0 0 0 0 67.3 1235.4 0 0
