**********2022-05-25 21:24:41**********
46536.009 46569.828 0.073 23.335 23.335 
0 12 10 7 3 6 8
0 0 0 910.0 0 0 286.6 112.9 66.3 0 829.9 0 250.3
0 4 11
0 0 0 0 22.9 0 0 0 0 0 0 2433.1 0
0 2 9 1 5
0 341.7 342.7 0.0 0.0 174.0 0.0 0.0 0.0 1597.6 0.0 0.0 0.0
**********2022-05-25 21:24:52**********
46536.092 46569.828 0.072 23.335 34.18 
0 12 10 7 3 6 8
0 0 0 910.0 0 0 286.6 112.9 66.3 0 829.9 0 250.3
0 4 11
0 0 0 0 22.9 0 0 0 0 0 0 2433.1 0
0 2 9 1 5
0 341.7 342.7 0.0 0.0 174.0 0.0 0.0 0.0 1597.6 0.0 0.0 0.0
**********2022-05-25 21:25:04**********
46536.142 46568.69 0.07 46.16 46.16 
0 4 11
0 0 0 0 22.9 0 0 0 0 0 0 2433.1 0
0 1 12 2 9
0 330.5 331.5 0.0 0.0 0.0 0.0 0.0 0.0 1545.4 0.0 0.0 248.6
0 8 10 6 5 3 7
0 0 0 941.0 0 175.2 296.4 116.7 68.6 0 858.1 0 0
**********2022-05-25 21:25:17**********
46536.498 46568.69 0.069 46.16 59.012 
0 4 11
0 0 0 0 22.9 0 0 0 0 0 0 2433.1 0
0 1 12 2 9
0 330.5 331.5 0.0 0.0 0.0 0.0 0.0 0.0 1545.4 0.0 0.0 248.6
0 8 10 6 5 3 7
0 0 0 941.0 0 175.2 296.4 116.7 68.6 0 858.1 0 0
**********2022-05-25 21:25:28**********
46536.535 46568.69 0.069 46.16 70.267 
0 4 11
0 0 0 0 22.9 0 0 0 0 0 0 2433.1 0
0 1 12 2 9
0 330.5 331.5 0.0 0.0 0.0 0.0 0.0 0.0 1545.4 0.0 0.0 248.6
0 8 10 6 5 3 7
0 0 0 941.0 0 175.2 296.4 116.7 68.6 0 858.1 0 0
**********2022-05-25 21:25:35**********
46536.535 46568.69 0.069 46.16 77.588 
0 4 11
0 0 0 0 22.9 0 0 0 0 0 0 2433.1 0
0 1 12 2 9
0 330.5 331.5 0.0 0.0 0.0 0.0 0.0 0.0 1545.4 0.0 0.0 248.6
0 8 10 6 5 3 7
0 0 0 941.0 0 175.2 296.4 116.7 68.6 0 858.1 0 0
**********2022-05-25 21:25:47**********
46536.741 46568.69 0.069 46.16 89.774 
0 4 11
0 0 0 0 22.9 0 0 0 0 0 0 2433.1 0
0 1 12 2 9
0 330.5 331.5 0.0 0.0 0.0 0.0 0.0 0.0 1545.4 0.0 0.0 248.6
0 8 10 6 5 3 7
0 0 0 941.0 0 175.2 296.4 116.7 68.6 0 858.1 0 0
**********2022-05-25 21:25:56**********
46536.753 46568.69 0.069 46.16 98.822 
0 4 11
0 0 0 0 22.9 0 0 0 0 0 0 2433.1 0
0 1 12 2 9
0 330.5 331.5 0.0 0.0 0.0 0.0 0.0 0.0 1545.4 0.0 0.0 248.6
0 8 10 6 5 3 7
0 0 0 941.0 0 175.2 296.4 116.7 68.6 0 858.1 0 0
**********2022-05-25 21:26:10**********
46536.861 46568.69 0.068 46.16 112.583 
0 4 11
0 0 0 0 22.9 0 0 0 0 0 0 2433.1 0
0 1 12 2 9
0 330.5 331.5 0.0 0.0 0.0 0.0 0.0 0.0 1545.4 0.0 0.0 248.6
0 8 10 6 5 3 7
0 0 0 941.0 0 175.2 296.4 116.7 68.6 0 858.1 0 0
**********2022-05-25 21:26:20**********
46536.869 46568.69 0.068 46.16 122.099 
0 4 11
0 0 0 0 22.9 0 0 0 0 0 0 2433.1 0
0 1 12 2 9
0 330.5 331.5 0.0 0.0 0.0 0.0 0.0 0.0 1545.4 0.0 0.0 248.6
0 8 10 6 5 3 7
0 0 0 941.0 0 175.2 296.4 116.7 68.6 0 858.1 0 0
**********2022-05-25 21:26:32**********
46536.914 46559.883 0.049 134.505 134.505 
0 4 11
0 0 0 0 22.9 0 0 0 0 0 0 2433.1 0
0 6 9 2 8 5
0 0.0 339.8 0.0 0.0 172.6 291.8 0.0 67.5 1584.3 0.0 0.0 0.0
0 10 1 7 12 3
0 335.6 0.0 917.5 0.0 0.0 0.0 113.8 0.0 0.0 836.8 0.0 252.4
**********2022-05-25 21:26:44**********
46536.92 46559.883 0.049 134.505 146.874 
0 4 11
0 0 0 0 22.9 0 0 0 0 0 0 2433.1 0
0 6 9 2 8 5
0 0.0 339.8 0.0 0.0 172.6 291.8 0.0 67.5 1584.3 0.0 0.0 0.0
0 10 1 7 12 3
0 335.6 0.0 917.5 0.0 0.0 0.0 113.8 0.0 0.0 836.8 0.0 252.4
**********2022-05-25 21:26:53**********
46536.945 46559.883 0.049 134.505 155.425 
0 4 11
0 0 0 0 22.9 0 0 0 0 0 0 2433.1 0
0 6 9 2 8 5
0 0.0 339.8 0.0 0.0 172.6 291.8 0.0 67.5 1584.3 0.0 0.0 0.0
0 10 1 7 12 3
0 335.6 0.0 917.5 0.0 0.0 0.0 113.8 0.0 0.0 836.8 0.0 252.4
**********2022-05-25 21:27:11**********
46537.058 46559.883 0.049 134.505 173.179 
0 4 11
0 0 0 0 22.9 0 0 0 0 0 0 2433.1 0
0 6 9 2 8 5
0 0.0 339.8 0.0 0.0 172.6 291.8 0.0 67.5 1584.3 0.0 0.0 0.0
0 10 1 7 12 3
0 335.6 0.0 917.5 0.0 0.0 0.0 113.8 0.0 0.0 836.8 0.0 252.4
**********2022-05-25 21:27:22**********
46537.18 46559.883 0.049 134.505 184.487 
0 4 11
0 0 0 0 22.9 0 0 0 0 0 0 2433.1 0
0 6 9 2 8 5
0 0.0 339.8 0.0 0.0 172.6 291.8 0.0 67.5 1584.3 0.0 0.0 0.0
0 10 1 7 12 3
0 335.6 0.0 917.5 0.0 0.0 0.0 113.8 0.0 0.0 836.8 0.0 252.4
**********2022-05-25 21:27:28**********
46537.18 46559.883 0.049 134.505 190.44 
0 4 11
0 0 0 0 22.9 0 0 0 0 0 0 2433.1 0
0 6 9 2 8 5
0 0.0 339.8 0.0 0.0 172.6 291.8 0.0 67.5 1584.3 0.0 0.0 0.0
0 10 1 7 12 3
0 335.6 0.0 917.5 0.0 0.0 0.0 113.8 0.0 0.0 836.8 0.0 252.4
**********2022-05-25 21:27:39**********
46537.345 46559.883 0.048 134.505 201.417 
0 4 11
0 0 0 0 22.9 0 0 0 0 0 0 2433.1 0
0 6 9 2 8 5
0 0.0 339.8 0.0 0.0 172.6 291.8 0.0 67.5 1584.3 0.0 0.0 0.0
0 10 1 7 12 3
0 335.6 0.0 917.5 0.0 0.0 0.0 113.8 0.0 0.0 836.8 0.0 252.4
**********2022-05-25 21:27:46**********
46537.385 46559.883 0.048 134.505 208.804 
0 4 11
0 0 0 0 22.9 0 0 0 0 0 0 2433.1 0
0 6 9 2 8 5
0 0.0 339.8 0.0 0.0 172.6 291.8 0.0 67.5 1584.3 0.0 0.0 0.0
0 10 1 7 12 3
0 335.6 0.0 917.5 0.0 0.0 0.0 113.8 0.0 0.0 836.8 0.0 252.4
**********2022-05-25 21:27:58**********
46537.566 46559.883 0.048 134.505 220.122 
0 4 11
0 0 0 0 22.9 0 0 0 0 0 0 2433.1 0
0 6 9 2 8 5
0 0.0 339.8 0.0 0.0 172.6 291.8 0.0 67.5 1584.3 0.0 0.0 0.0
0 10 1 7 12 3
0 335.6 0.0 917.5 0.0 0.0 0.0 113.8 0.0 0.0 836.8 0.0 252.4
**********2022-05-25 21:28:04**********
46537.566 46559.883 0.048 134.505 226.051 
0 4 11
0 0 0 0 22.9 0 0 0 0 0 0 2433.1 0
0 6 9 2 8 5
0 0.0 339.8 0.0 0.0 172.6 291.8 0.0 67.5 1584.3 0.0 0.0 0.0
0 10 1 7 12 3
0 335.6 0.0 917.5 0.0 0.0 0.0 113.8 0.0 0.0 836.8 0.0 252.4
**********2022-05-25 21:28:08**********
46537.673 46559.883 0.048 134.505 230.527 
0 4 11
0 0 0 0 22.9 0 0 0 0 0 0 2433.1 0
0 6 9 2 8 5
0 0.0 339.8 0.0 0.0 172.6 291.8 0.0 67.5 1584.3 0.0 0.0 0.0
0 10 1 7 12 3
0 335.6 0.0 917.5 0.0 0.0 0.0 113.8 0.0 0.0 836.8 0.0 252.4
**********2022-05-25 21:28:16**********
46537.722 46559.883 0.048 134.505 238.406 
0 4 11
0 0 0 0 22.9 0 0 0 0 0 0 2433.1 0
0 6 9 2 8 5
0 0.0 339.8 0.0 0.0 172.6 291.8 0.0 67.5 1584.3 0.0 0.0 0.0
0 10 1 7 12 3
0 335.6 0.0 917.5 0.0 0.0 0.0 113.8 0.0 0.0 836.8 0.0 252.4
**********2022-05-25 21:28:25**********
46537.73 46559.883 0.048 134.505 247.578 
0 4 11
0 0 0 0 22.9 0 0 0 0 0 0 2433.1 0
0 6 9 2 8 5
0 0.0 339.8 0.0 0.0 172.6 291.8 0.0 67.5 1584.3 0.0 0.0 0.0
0 10 1 7 12 3
0 335.6 0.0 917.5 0.0 0.0 0.0 113.8 0.0 0.0 836.8 0.0 252.4
**********2022-05-25 21:28:38**********
46537.77 46559.883 0.047 134.505 260.258 
0 4 11
0 0 0 0 22.9 0 0 0 0 0 0 2433.1 0
0 6 9 2 8 5
0 0.0 339.8 0.0 0.0 172.6 291.8 0.0 67.5 1584.3 0.0 0.0 0.0
0 10 1 7 12 3
0 335.6 0.0 917.5 0.0 0.0 0.0 113.8 0.0 0.0 836.8 0.0 252.4
**********2022-05-25 21:28:47**********
46537.949 46559.883 0.047 134.505 269.485 
0 4 11
0 0 0 0 22.9 0 0 0 0 0 0 2433.1 0
0 6 9 2 8 5
0 0.0 339.8 0.0 0.0 172.6 291.8 0.0 67.5 1584.3 0.0 0.0 0.0
0 10 1 7 12 3
0 335.6 0.0 917.5 0.0 0.0 0.0 113.8 0.0 0.0 836.8 0.0 252.4
**********2022-05-25 21:28:52**********
46537.949 46559.883 0.047 134.505 274.281 
0 4 11
0 0 0 0 22.9 0 0 0 0 0 0 2433.1 0
0 6 9 2 8 5
0 0.0 339.8 0.0 0.0 172.6 291.8 0.0 67.5 1584.3 0.0 0.0 0.0
0 10 1 7 12 3
0 335.6 0.0 917.5 0.0 0.0 0.0 113.8 0.0 0.0 836.8 0.0 252.4
**********2022-05-25 21:29:00**********
46537.987 46559.883 0.047 134.505 282.791 
0 4 11
0 0 0 0 22.9 0 0 0 0 0 0 2433.1 0
0 6 9 2 8 5
0 0.0 339.8 0.0 0.0 172.6 291.8 0.0 67.5 1584.3 0.0 0.0 0.0
0 10 1 7 12 3
0 335.6 0.0 917.5 0.0 0.0 0.0 113.8 0.0 0.0 836.8 0.0 252.4
**********2022-05-25 21:29:12**********
46538.031 46559.883 0.047 134.505 294.595 
0 4 11
0 0 0 0 22.9 0 0 0 0 0 0 2433.1 0
0 6 9 2 8 5
0 0.0 339.8 0.0 0.0 172.6 291.8 0.0 67.5 1584.3 0.0 0.0 0.0
0 10 1 7 12 3
0 335.6 0.0 917.5 0.0 0.0 0.0 113.8 0.0 0.0 836.8 0.0 252.4
**********2022-05-25 21:29:17**********
46538.031 46559.883 0.047 134.505 299.684 
0 4 11
0 0 0 0 22.9 0 0 0 0 0 0 2433.1 0
0 6 9 2 8 5
0 0.0 339.8 0.0 0.0 172.6 291.8 0.0 67.5 1584.3 0.0 0.0 0.0
0 10 1 7 12 3
0 335.6 0.0 917.5 0.0 0.0 0.0 113.8 0.0 0.0 836.8 0.0 252.4
**********2022-05-25 21:29:23**********
46538.06 46559.883 0.047 134.505 305.15 
0 4 11
0 0 0 0 22.9 0 0 0 0 0 0 2433.1 0
0 6 9 2 8 5
0 0.0 339.8 0.0 0.0 172.6 291.8 0.0 67.5 1584.3 0.0 0.0 0.0
0 10 1 7 12 3
0 335.6 0.0 917.5 0.0 0.0 0.0 113.8 0.0 0.0 836.8 0.0 252.4
**********2022-05-25 21:29:36**********
46538.195 46559.883 0.047 134.505 318.452 
0 4 11
0 0 0 0 22.9 0 0 0 0 0 0 2433.1 0
0 6 9 2 8 5
0 0.0 339.8 0.0 0.0 172.6 291.8 0.0 67.5 1584.3 0.0 0.0 0.0
0 10 1 7 12 3
0 335.6 0.0 917.5 0.0 0.0 0.0 113.8 0.0 0.0 836.8 0.0 252.4
**********2022-05-25 21:29:43**********
46538.313 46559.883 0.046 134.505 325.783 
0 4 11
0 0 0 0 22.9 0 0 0 0 0 0 2433.1 0
0 6 9 2 8 5
0 0.0 339.8 0.0 0.0 172.6 291.8 0.0 67.5 1584.3 0.0 0.0 0.0
0 10 1 7 12 3
0 335.6 0.0 917.5 0.0 0.0 0.0 113.8 0.0 0.0 836.8 0.0 252.4
**********2022-05-25 21:29:55**********
46538.475 46559.883 0.046 134.505 337.42 
0 4 11
0 0 0 0 22.9 0 0 0 0 0 0 2433.1 0
0 6 9 2 8 5
0 0.0 339.8 0.0 0.0 172.6 291.8 0.0 67.5 1584.3 0.0 0.0 0.0
0 10 1 7 12 3
0 335.6 0.0 917.5 0.0 0.0 0.0 113.8 0.0 0.0 836.8 0.0 252.4
**********2022-05-25 21:30:07**********
46538.706 46559.883 0.045 134.505 349.015 
0 4 11
0 0 0 0 22.9 0 0 0 0 0 0 2433.1 0
0 6 9 2 8 5
0 0.0 339.8 0.0 0.0 172.6 291.8 0.0 67.5 1584.3 0.0 0.0 0.0
0 10 1 7 12 3
0 335.6 0.0 917.5 0.0 0.0 0.0 113.8 0.0 0.0 836.8 0.0 252.4
**********2022-05-25 21:30:17**********
46538.765 46559.883 0.045 134.505 359.223 
0 4 11
0 0 0 0 22.9 0 0 0 0 0 0 2433.1 0
0 6 9 2 8 5
0 0.0 339.8 0.0 0.0 172.6 291.8 0.0 67.5 1584.3 0.0 0.0 0.0
0 10 1 7 12 3
0 335.6 0.0 917.5 0.0 0.0 0.0 113.8 0.0 0.0 836.8 0.0 252.4
**********2022-05-25 21:30:25**********
46538.778 46559.883 0.045 134.505 367.829 
0 4 11
0 0 0 0 22.9 0 0 0 0 0 0 2433.1 0
0 6 9 2 8 5
0 0.0 339.8 0.0 0.0 172.6 291.8 0.0 67.5 1584.3 0.0 0.0 0.0
0 10 1 7 12 3
0 335.6 0.0 917.5 0.0 0.0 0.0 113.8 0.0 0.0 836.8 0.0 252.4
**********2022-05-25 21:30:34**********
46538.928 46559.883 0.045 134.505 376.192 
0 4 11
0 0 0 0 22.9 0 0 0 0 0 0 2433.1 0
0 6 9 2 8 5
0 0.0 339.8 0.0 0.0 172.6 291.8 0.0 67.5 1584.3 0.0 0.0 0.0
0 10 1 7 12 3
0 335.6 0.0 917.5 0.0 0.0 0.0 113.8 0.0 0.0 836.8 0.0 252.4
**********2022-05-25 21:30:42**********
46538.957 46559.883 0.045 134.505 384.173 
0 4 11
0 0 0 0 22.9 0 0 0 0 0 0 2433.1 0
0 6 9 2 8 5
0 0.0 339.8 0.0 0.0 172.6 291.8 0.0 67.5 1584.3 0.0 0.0 0.0
0 10 1 7 12 3
0 335.6 0.0 917.5 0.0 0.0 0.0 113.8 0.0 0.0 836.8 0.0 252.4
**********2022-05-25 21:30:55**********
46538.974 46559.883 0.045 134.505 397.04 
0 4 11
0 0 0 0 22.9 0 0 0 0 0 0 2433.1 0
0 6 9 2 8 5
0 0.0 339.8 0.0 0.0 172.6 291.8 0.0 67.5 1584.3 0.0 0.0 0.0
0 10 1 7 12 3
0 335.6 0.0 917.5 0.0 0.0 0.0 113.8 0.0 0.0 836.8 0.0 252.4
**********2022-05-25 21:31:05**********
46539.022 46559.883 0.045 134.505 407.028 
0 4 11
0 0 0 0 22.9 0 0 0 0 0 0 2433.1 0
0 6 9 2 8 5
0 0.0 339.8 0.0 0.0 172.6 291.8 0.0 67.5 1584.3 0.0 0.0 0.0
0 10 1 7 12 3
0 335.6 0.0 917.5 0.0 0.0 0.0 113.8 0.0 0.0 836.8 0.0 252.4
**********2022-05-25 21:31:13**********
46539.111 46559.883 0.045 134.505 415.289 
0 4 11
0 0 0 0 22.9 0 0 0 0 0 0 2433.1 0
0 6 9 2 8 5
0 0.0 339.8 0.0 0.0 172.6 291.8 0.0 67.5 1584.3 0.0 0.0 0.0
0 10 1 7 12 3
0 335.6 0.0 917.5 0.0 0.0 0.0 113.8 0.0 0.0 836.8 0.0 252.4
**********2022-05-25 21:31:23**********
46539.116 46559.883 0.045 134.505 425.416 
0 4 11
0 0 0 0 22.9 0 0 0 0 0 0 2433.1 0
0 6 9 2 8 5
0 0.0 339.8 0.0 0.0 172.6 291.8 0.0 67.5 1584.3 0.0 0.0 0.0
0 10 1 7 12 3
0 335.6 0.0 917.5 0.0 0.0 0.0 113.8 0.0 0.0 836.8 0.0 252.4
**********2022-05-25 21:31:28**********
46539.137 46559.883 0.045 134.505 430.176 
0 4 11
0 0 0 0 22.9 0 0 0 0 0 0 2433.1 0
0 6 9 2 8 5
0 0.0 339.8 0.0 0.0 172.6 291.8 0.0 67.5 1584.3 0.0 0.0 0.0
0 10 1 7 12 3
0 335.6 0.0 917.5 0.0 0.0 0.0 113.8 0.0 0.0 836.8 0.0 252.4
**********2022-05-25 21:31:37**********
46539.274 46559.883 0.044 134.505 439.139 
0 4 11
0 0 0 0 22.9 0 0 0 0 0 0 2433.1 0
0 6 9 2 8 5
0 0.0 339.8 0.0 0.0 172.6 291.8 0.0 67.5 1584.3 0.0 0.0 0.0
0 10 1 7 12 3
0 335.6 0.0 917.5 0.0 0.0 0.0 113.8 0.0 0.0 836.8 0.0 252.4
**********2022-05-25 21:31:42**********
46539.274 46559.883 0.044 134.505 444.243 
0 4 11
0 0 0 0 22.9 0 0 0 0 0 0 2433.1 0
0 6 9 2 8 5
0 0.0 339.8 0.0 0.0 172.6 291.8 0.0 67.5 1584.3 0.0 0.0 0.0
0 10 1 7 12 3
0 335.6 0.0 917.5 0.0 0.0 0.0 113.8 0.0 0.0 836.8 0.0 252.4
**********2022-05-25 21:31:51**********
46539.328 46559.883 0.044 134.505 453.302 
0 4 11
0 0 0 0 22.9 0 0 0 0 0 0 2433.1 0
0 6 9 2 8 5
0 0.0 339.8 0.0 0.0 172.6 291.8 0.0 67.5 1584.3 0.0 0.0 0.0
0 10 1 7 12 3
0 335.6 0.0 917.5 0.0 0.0 0.0 113.8 0.0 0.0 836.8 0.0 252.4
**********2022-05-25 21:31:57**********
46539.67 46559.883 0.043 459.145 459.145 
0 4 11
0 0 0 0 22.9 0 0 0 0 0 0 2433.1 0
0 6 9 2 8 5
0 0.0 339.8 0.0 0.0 172.6 291.8 0.0 67.5 1584.3 0.0 0.0 0.0
0 10 1 7 12 3
0 335.6 0.0 917.5 0.0 0.0 0.0 113.8 0.0 0.0 836.8 0.0 252.4
**********2022-05-25 21:32:01**********
46539.718 46559.883 0.043 459.145 463.892 
0 4 11
0 0 0 0 22.9 0 0 0 0 0 0 2433.1 0
0 6 9 2 8 5
0 0.0 339.8 0.0 0.0 172.6 291.8 0.0 67.5 1584.3 0.0 0.0 0.0
0 10 1 7 12 3
0 335.6 0.0 917.5 0.0 0.0 0.0 113.8 0.0 0.0 836.8 0.0 252.4
**********2022-05-25 21:32:08**********
46539.747 46559.883 0.043 459.145 470.334 
0 4 11
0 0 0 0 22.9 0 0 0 0 0 0 2433.1 0
0 6 9 2 8 5
0 0.0 339.8 0.0 0.0 172.6 291.8 0.0 67.5 1584.3 0.0 0.0 0.0
0 10 1 7 12 3
0 335.6 0.0 917.5 0.0 0.0 0.0 113.8 0.0 0.0 836.8 0.0 252.4
**********2022-05-25 21:32:13**********
46539.767 46559.883 0.043 459.145 475.27 
0 4 11
0 0 0 0 22.9 0 0 0 0 0 0 2433.1 0
0 6 9 2 8 5
0 0.0 339.8 0.0 0.0 172.6 291.8 0.0 67.5 1584.3 0.0 0.0 0.0
0 10 1 7 12 3
0 335.6 0.0 917.5 0.0 0.0 0.0 113.8 0.0 0.0 836.8 0.0 252.4
**********2022-05-25 21:32:17**********
46539.767 46559.883 0.043 459.145 479.981 
0 4 11
0 0 0 0 22.9 0 0 0 0 0 0 2433.1 0
0 6 9 2 8 5
0 0.0 339.8 0.0 0.0 172.6 291.8 0.0 67.5 1584.3 0.0 0.0 0.0
0 10 1 7 12 3
0 335.6 0.0 917.5 0.0 0.0 0.0 113.8 0.0 0.0 836.8 0.0 252.4
**********2022-05-25 21:32:24**********
46539.794 46559.883 0.043 459.145 486.629 
0 4 11
0 0 0 0 22.9 0 0 0 0 0 0 2433.1 0
0 6 9 2 8 5
0 0.0 339.8 0.0 0.0 172.6 291.8 0.0 67.5 1584.3 0.0 0.0 0.0
0 10 1 7 12 3
0 335.6 0.0 917.5 0.0 0.0 0.0 113.8 0.0 0.0 836.8 0.0 252.4
**********2022-05-25 21:32:32**********
46539.854 46559.883 0.043 459.145 494.516 
0 4 11
0 0 0 0 22.9 0 0 0 0 0 0 2433.1 0
0 6 9 2 8 5
0 0.0 339.8 0.0 0.0 172.6 291.8 0.0 67.5 1584.3 0.0 0.0 0.0
0 10 1 7 12 3
0 335.6 0.0 917.5 0.0 0.0 0.0 113.8 0.0 0.0 836.8 0.0 252.4
**********2022-05-25 21:32:37**********
46539.865 46559.883 0.043 459.145 499.755 
0 4 11
0 0 0 0 22.9 0 0 0 0 0 0 2433.1 0
0 6 9 2 8 5
0 0.0 339.8 0.0 0.0 172.6 291.8 0.0 67.5 1584.3 0.0 0.0 0.0
0 10 1 7 12 3
0 335.6 0.0 917.5 0.0 0.0 0.0 113.8 0.0 0.0 836.8 0.0 252.4
**********2022-05-25 21:32:42**********
46539.865 46559.883 0.043 459.145 504.674 
0 4 11
0 0 0 0 22.9 0 0 0 0 0 0 2433.1 0
0 6 9 2 8 5
0 0.0 339.8 0.0 0.0 172.6 291.8 0.0 67.5 1584.3 0.0 0.0 0.0
0 10 1 7 12 3
0 335.6 0.0 917.5 0.0 0.0 0.0 113.8 0.0 0.0 836.8 0.0 252.4
**********2022-05-25 21:32:46**********
46539.865 46559.883 0.043 459.145 508.785 
0 4 11
0 0 0 0 22.9 0 0 0 0 0 0 2433.1 0
0 6 9 2 8 5
0 0.0 339.8 0.0 0.0 172.6 291.8 0.0 67.5 1584.3 0.0 0.0 0.0
0 10 1 7 12 3
0 335.6 0.0 917.5 0.0 0.0 0.0 113.8 0.0 0.0 836.8 0.0 252.4
**********2022-05-25 21:32:51**********
46539.865 46546.549 0.014 513.566 513.566 
0 4 11
0 0 0 0 22.9 0 0 0 0 0 0 2433.1 0
0 9 12 6 1
0 337.0 0.0 0.0 0.0 0.0 290.2 0.0 0.0 1575.4 0.0 0.0 253.4
0 5 8 10 2 3 7
0 0.0 338.4 922.7 0.0 171.8 0.0 114.4 67.2 0.0 841.5 0.0 0.0
**********2022-05-25 21:32:56**********
46539.865 46546.549 0.014 513.566 518.861 
0 4 11
0 0 0 0 22.9 0 0 0 0 0 0 2433.1 0
0 9 12 6 1
0 337.0 0.0 0.0 0.0 0.0 290.2 0.0 0.0 1575.4 0.0 0.0 253.4
0 5 8 10 2 3 7
0 0.0 338.4 922.7 0.0 171.8 0.0 114.4 67.2 0.0 841.5 0.0 0.0
**********2022-05-25 21:33:03**********
46539.948 46546.549 0.014 513.566 525.176 
0 4 11
0 0 0 0 22.9 0 0 0 0 0 0 2433.1 0
0 9 12 6 1
0 337.0 0.0 0.0 0.0 0.0 290.2 0.0 0.0 1575.4 0.0 0.0 253.4
0 5 8 10 2 3 7
0 0.0 338.4 922.7 0.0 171.8 0.0 114.4 67.2 0.0 841.5 0.0 0.0
**********2022-05-25 21:33:16**********
46539.993 46546.549 0.014 513.566 538.6 
0 4 11
0 0 0 0 22.9 0 0 0 0 0 0 2433.1 0
0 9 12 6 1
0 337.0 0.0 0.0 0.0 0.0 290.2 0.0 0.0 1575.4 0.0 0.0 253.4
0 5 8 10 2 3 7
0 0.0 338.4 922.7 0.0 171.8 0.0 114.4 67.2 0.0 841.5 0.0 0.0
**********2022-05-25 21:33:20**********
46539.999 46546.549 0.014 513.566 542.454 
0 4 11
0 0 0 0 22.9 0 0 0 0 0 0 2433.1 0
0 9 12 6 1
0 337.0 0.0 0.0 0.0 0.0 290.2 0.0 0.0 1575.4 0.0 0.0 253.4
0 5 8 10 2 3 7
0 0.0 338.4 922.7 0.0 171.8 0.0 114.4 67.2 0.0 841.5 0.0 0.0
**********2022-05-25 21:33:33**********
46540.016 46546.549 0.014 513.566 555.16 
0 4 11
0 0 0 0 22.9 0 0 0 0 0 0 2433.1 0
0 9 12 6 1
0 337.0 0.0 0.0 0.0 0.0 290.2 0.0 0.0 1575.4 0.0 0.0 253.4
0 5 8 10 2 3 7
0 0.0 338.4 922.7 0.0 171.8 0.0 114.4 67.2 0.0 841.5 0.0 0.0
**********2022-05-25 21:33:42**********
46540.038 46545.283 0.011 564.348 564.349 
0 4 11
0 0 0 0 22.9 0 0 0 0 0 0 2433.1 0
0 8 5 10 2 3 7
0 0 338.4 922.7 0 171.8 0 114.4 67.2 0 841.5 0 0
0 1 12 6 9
0 337.0 0.0 0.0 0.0 0.0 290.2 0.0 0.0 1575.4 0.0 0.0 253.4
**********2022-05-25 21:33:53**********
46540.039 46545.283 0.011 564.348 575.253 
0 4 11
0 0 0 0 22.9 0 0 0 0 0 0 2433.1 0
0 8 5 10 2 3 7
0 0 338.4 922.7 0 171.8 0 114.4 67.2 0 841.5 0 0
0 1 12 6 9
0 337.0 0.0 0.0 0.0 0.0 290.2 0.0 0.0 1575.4 0.0 0.0 253.4
**********2022-05-25 21:33:58**********
46540.05 46545.283 0.011 564.348 580.261 
0 4 11
0 0 0 0 22.9 0 0 0 0 0 0 2433.1 0
0 8 5 10 2 3 7
0 0 338.4 922.7 0 171.8 0 114.4 67.2 0 841.5 0 0
0 1 12 6 9
0 337.0 0.0 0.0 0.0 0.0 290.2 0.0 0.0 1575.4 0.0 0.0 253.4
**********2022-05-25 21:34:03**********
46540.072 46545.283 0.011 564.348 585.295 
0 4 11
0 0 0 0 22.9 0 0 0 0 0 0 2433.1 0
0 8 5 10 2 3 7
0 0 338.4 922.7 0 171.8 0 114.4 67.2 0 841.5 0 0
0 1 12 6 9
0 337.0 0.0 0.0 0.0 0.0 290.2 0.0 0.0 1575.4 0.0 0.0 253.4
**********2022-05-25 21:34:09**********
46540.12 46545.283 0.011 564.348 591.446 
0 4 11
0 0 0 0 22.9 0 0 0 0 0 0 2433.1 0
0 8 5 10 2 3 7
0 0 338.4 922.7 0 171.8 0 114.4 67.2 0 841.5 0 0
0 1 12 6 9
0 337.0 0.0 0.0 0.0 0.0 290.2 0.0 0.0 1575.4 0.0 0.0 253.4
**********2022-05-25 21:34:23**********
46540.137 46545.283 0.011 564.348 605.304 
0 4 11
0 0 0 0 22.9 0 0 0 0 0 0 2433.1 0
0 8 5 10 2 3 7
0 0 338.4 922.7 0 171.8 0 114.4 67.2 0 841.5 0 0
0 1 12 6 9
0 337.0 0.0 0.0 0.0 0.0 290.2 0.0 0.0 1575.4 0.0 0.0 253.4
**********2022-05-25 21:34:32**********
46540.172 46545.283 0.011 564.348 614.516 
0 4 11
0 0 0 0 22.9 0 0 0 0 0 0 2433.1 0
0 8 5 10 2 3 7
0 0 338.4 922.7 0 171.8 0 114.4 67.2 0 841.5 0 0
0 1 12 6 9
0 337.0 0.0 0.0 0.0 0.0 290.2 0.0 0.0 1575.4 0.0 0.0 253.4
**********2022-05-25 21:34:55**********
46540.207 46545.283 0.011 564.348 636.992 
0 4 11
0 0 0 0 22.9 0 0 0 0 0 0 2433.1 0
0 8 5 10 2 3 7
0 0 338.4 922.7 0 171.8 0 114.4 67.2 0 841.5 0 0
0 1 12 6 9
0 337.0 0.0 0.0 0.0 0.0 290.2 0.0 0.0 1575.4 0.0 0.0 253.4
**********2022-05-25 21:35:00**********
46540.207 46545.283 0.011 564.348 642.054 
0 4 11
0 0 0 0 22.9 0 0 0 0 0 0 2433.1 0
0 8 5 10 2 3 7
0 0 338.4 922.7 0 171.8 0 114.4 67.2 0 841.5 0 0
0 1 12 6 9
0 337.0 0.0 0.0 0.0 0.0 290.2 0.0 0.0 1575.4 0.0 0.0 253.4
**********2022-05-25 21:35:09**********
46540.22 46545.283 0.011 564.348 651.493 
0 4 11
0 0 0 0 22.9 0 0 0 0 0 0 2433.1 0
0 8 5 10 2 3 7
0 0 338.4 922.7 0 171.8 0 114.4 67.2 0 841.5 0 0
0 1 12 6 9
0 337.0 0.0 0.0 0.0 0.0 290.2 0.0 0.0 1575.4 0.0 0.0 253.4
**********2022-05-25 21:35:17**********
46540.296 46545.283 0.011 564.348 659.292 
0 4 11
0 0 0 0 22.9 0 0 0 0 0 0 2433.1 0
0 8 5 10 2 3 7
0 0 338.4 922.7 0 171.8 0 114.4 67.2 0 841.5 0 0
0 1 12 6 9
0 337.0 0.0 0.0 0.0 0.0 290.2 0.0 0.0 1575.4 0.0 0.0 253.4
**********2022-05-25 21:35:18**********
46540.296 46545.283 0.011 564.348 660.62 
0 4 11
0 0 0 0 22.9 0 0 0 0 0 0 2433.1 0
0 8 5 10 2 3 7
0 0 338.4 922.7 0 171.8 0 114.4 67.2 0 841.5 0 0
0 1 12 6 9
0 337.0 0.0 0.0 0.0 0.0 290.2 0.0 0.0 1575.4 0.0 0.0 253.4
**********2022-05-25 21:35:24**********
46540.307 46545.283 0.011 564.348 666.922 
0 4 11
0 0 0 0 22.9 0 0 0 0 0 0 2433.1 0
0 8 5 10 2 3 7
0 0 338.4 922.7 0 171.8 0 114.4 67.2 0 841.5 0 0
0 1 12 6 9
0 337.0 0.0 0.0 0.0 0.0 290.2 0.0 0.0 1575.4 0.0 0.0 253.4
**********2022-05-25 21:35:37**********
46540.369 46545.283 0.011 564.348 679.154 
0 4 11
0 0 0 0 22.9 0 0 0 0 0 0 2433.1 0
0 8 5 10 2 3 7
0 0 338.4 922.7 0 171.8 0 114.4 67.2 0 841.5 0 0
0 1 12 6 9
0 337.0 0.0 0.0 0.0 0.0 290.2 0.0 0.0 1575.4 0.0 0.0 253.4
**********2022-05-25 21:35:43**********
46540.393 46545.283 0.011 564.348 685.487 
0 4 11
0 0 0 0 22.9 0 0 0 0 0 0 2433.1 0
0 8 5 10 2 3 7
0 0 338.4 922.7 0 171.8 0 114.4 67.2 0 841.5 0 0
0 1 12 6 9
0 337.0 0.0 0.0 0.0 0.0 290.2 0.0 0.0 1575.4 0.0 0.0 253.4
**********2022-05-25 21:35:47**********
46540.399 46545.283 0.01 564.348 689.746 
0 4 11
0 0 0 0 22.9 0 0 0 0 0 0 2433.1 0
0 8 5 10 2 3 7
0 0 338.4 922.7 0 171.8 0 114.4 67.2 0 841.5 0 0
0 1 12 6 9
0 337.0 0.0 0.0 0.0 0.0 290.2 0.0 0.0 1575.4 0.0 0.0 253.4
**********2022-05-25 21:35:52**********
46540.456 46545.283 0.01 564.348 694.628 
0 4 11
0 0 0 0 22.9 0 0 0 0 0 0 2433.1 0
0 8 5 10 2 3 7
0 0 338.4 922.7 0 171.8 0 114.4 67.2 0 841.5 0 0
0 1 12 6 9
0 337.0 0.0 0.0 0.0 0.0 290.2 0.0 0.0 1575.4 0.0 0.0 253.4
**********2022-05-25 21:35:58**********
46540.467 46545.283 0.01 564.348 700.392 
0 4 11
0 0 0 0 22.9 0 0 0 0 0 0 2433.1 0
0 8 5 10 2 3 7
0 0 338.4 922.7 0 171.8 0 114.4 67.2 0 841.5 0 0
0 1 12 6 9
0 337.0 0.0 0.0 0.0 0.0 290.2 0.0 0.0 1575.4 0.0 0.0 253.4
**********2022-05-25 21:36:04**********
46540.47 46545.283 0.01 564.348 706.955 
0 4 11
0 0 0 0 22.9 0 0 0 0 0 0 2433.1 0
0 8 5 10 2 3 7
0 0 338.4 922.7 0 171.8 0 114.4 67.2 0 841.5 0 0
0 1 12 6 9
0 337.0 0.0 0.0 0.0 0.0 290.2 0.0 0.0 1575.4 0.0 0.0 253.4
**********2022-05-25 21:36:11**********
46540.527 46545.283 0.01 564.348 713.476 
0 4 11
0 0 0 0 22.9 0 0 0 0 0 0 2433.1 0
0 8 5 10 2 3 7
0 0 338.4 922.7 0 171.8 0 114.4 67.2 0 841.5 0 0
0 1 12 6 9
0 337.0 0.0 0.0 0.0 0.0 290.2 0.0 0.0 1575.4 0.0 0.0 253.4
**********2022-05-25 21:36:19**********
46540.546 46545.283 0.01 564.348 721.301 
0 4 11
0 0 0 0 22.9 0 0 0 0 0 0 2433.1 0
0 8 5 10 2 3 7
0 0 338.4 922.7 0 171.8 0 114.4 67.2 0 841.5 0 0
0 1 12 6 9
0 337.0 0.0 0.0 0.0 0.0 290.2 0.0 0.0 1575.4 0.0 0.0 253.4
**********2022-05-25 21:36:32**********
46540.549 46545.283 0.01 564.348 734.353 
0 4 11
0 0 0 0 22.9 0 0 0 0 0 0 2433.1 0
0 8 5 10 2 3 7
0 0 338.4 922.7 0 171.8 0 114.4 67.2 0 841.5 0 0
0 1 12 6 9
0 337.0 0.0 0.0 0.0 0.0 290.2 0.0 0.0 1575.4 0.0 0.0 253.4
**********2022-05-25 21:36:38**********
46540.606 46545.283 0.01 564.348 740.689 
0 4 11
0 0 0 0 22.9 0 0 0 0 0 0 2433.1 0
0 8 5 10 2 3 7
0 0 338.4 922.7 0 171.8 0 114.4 67.2 0 841.5 0 0
0 1 12 6 9
0 337.0 0.0 0.0 0.0 0.0 290.2 0.0 0.0 1575.4 0.0 0.0 253.4
**********2022-05-25 21:36:45**********
46540.635 46545.283 0.01 564.348 747.404 
0 4 11
0 0 0 0 22.9 0 0 0 0 0 0 2433.1 0
0 8 5 10 2 3 7
0 0 338.4 922.7 0 171.8 0 114.4 67.2 0 841.5 0 0
0 1 12 6 9
0 337.0 0.0 0.0 0.0 0.0 290.2 0.0 0.0 1575.4 0.0 0.0 253.4
**********2022-05-25 21:36:50**********
46540.637 46545.283 0.01 564.348 752.112 
0 4 11
0 0 0 0 22.9 0 0 0 0 0 0 2433.1 0
0 8 5 10 2 3 7
0 0 338.4 922.7 0 171.8 0 114.4 67.2 0 841.5 0 0
0 1 12 6 9
0 337.0 0.0 0.0 0.0 0.0 290.2 0.0 0.0 1575.4 0.0 0.0 253.4
**********2022-05-25 21:36:54**********
46540.637 46545.283 0.01 564.348 756.419 
0 4 11
0 0 0 0 22.9 0 0 0 0 0 0 2433.1 0
0 8 5 10 2 3 7
0 0 338.4 922.7 0 171.8 0 114.4 67.2 0 841.5 0 0
0 1 12 6 9
0 337.0 0.0 0.0 0.0 0.0 290.2 0.0 0.0 1575.4 0.0 0.0 253.4
**********2022-05-25 21:36:57**********
46540.637 46545.283 0.01 564.348 759.876 
0 4 11
0 0 0 0 22.9 0 0 0 0 0 0 2433.1 0
0 8 5 10 2 3 7
0 0 338.4 922.7 0 171.8 0 114.4 67.2 0 841.5 0 0
0 1 12 6 9
0 337.0 0.0 0.0 0.0 0.0 290.2 0.0 0.0 1575.4 0.0 0.0 253.4
**********2022-05-25 21:37:01**********
46540.653 46545.283 0.01 564.348 763.799 
0 4 11
0 0 0 0 22.9 0 0 0 0 0 0 2433.1 0
0 8 5 10 2 3 7
0 0 338.4 922.7 0 171.8 0 114.4 67.2 0 841.5 0 0
0 1 12 6 9
0 337.0 0.0 0.0 0.0 0.0 290.2 0.0 0.0 1575.4 0.0 0.0 253.4
**********2022-05-25 21:37:12**********
46540.7 46545.283 0.01 564.348 774.345 
0 4 11
0 0 0 0 22.9 0 0 0 0 0 0 2433.1 0
0 8 5 10 2 3 7
0 0 338.4 922.7 0 171.8 0 114.4 67.2 0 841.5 0 0
0 1 12 6 9
0 337.0 0.0 0.0 0.0 0.0 290.2 0.0 0.0 1575.4 0.0 0.0 253.4
**********2022-05-25 21:37:17**********
46540.7 46545.283 0.01 564.348 779.345 
0 4 11
0 0 0 0 22.9 0 0 0 0 0 0 2433.1 0
0 8 5 10 2 3 7
0 0 338.4 922.7 0 171.8 0 114.4 67.2 0 841.5 0 0
0 1 12 6 9
0 337.0 0.0 0.0 0.0 0.0 290.2 0.0 0.0 1575.4 0.0 0.0 253.4
**********2022-05-25 21:37:22**********
46540.7 46545.283 0.01 564.348 784.916 
0 4 11
0 0 0 0 22.9 0 0 0 0 0 0 2433.1 0
0 8 5 10 2 3 7
0 0 338.4 922.7 0 171.8 0 114.4 67.2 0 841.5 0 0
0 1 12 6 9
0 337.0 0.0 0.0 0.0 0.0 290.2 0.0 0.0 1575.4 0.0 0.0 253.4
**********2022-05-25 21:37:32**********
46540.701 46545.283 0.01 564.348 794.231 
0 4 11
0 0 0 0 22.9 0 0 0 0 0 0 2433.1 0
0 8 5 10 2 3 7
0 0 338.4 922.7 0 171.8 0 114.4 67.2 0 841.5 0 0
0 1 12 6 9
0 337.0 0.0 0.0 0.0 0.0 290.2 0.0 0.0 1575.4 0.0 0.0 253.4
**********2022-05-25 21:37:38**********
46540.703 46545.283 0.01 564.348 800.568 
0 4 11
0 0 0 0 22.9 0 0 0 0 0 0 2433.1 0
0 8 5 10 2 3 7
0 0 338.4 922.7 0 171.8 0 114.4 67.2 0 841.5 0 0
0 1 12 6 9
0 337.0 0.0 0.0 0.0 0.0 290.2 0.0 0.0 1575.4 0.0 0.0 253.4
**********2022-05-25 21:37:43**********
46540.723 46545.283 0.01 564.348 805.938 
0 4 11
0 0 0 0 22.9 0 0 0 0 0 0 2433.1 0
0 8 5 10 2 3 7
0 0 338.4 922.7 0 171.8 0 114.4 67.2 0 841.5 0 0
0 1 12 6 9
0 337.0 0.0 0.0 0.0 0.0 290.2 0.0 0.0 1575.4 0.0 0.0 253.4
**********2022-05-25 21:38:00**********
46540.74 46542.452 0.004 822.158 822.158 
0 4 11
0 0 0 0 22.9 0 0 0 0 0 0 2433.1 0
0 12 9 7 1 5
0 337.6 0.0 0.0 0.0 171.9 0.0 114.5 0.0 1578.2 0.0 0.0 253.9
0 8 2 10 6 3
0 0.0 337.8 921.0 0.0 0.0 290.1 0.0 67.1 0.0 840.0 0.0 0.0
**********2024-02-15 03:56:31**********
46536.009 46609.842 0.158 21.291 21.291 1 132.0 
0 4 11
0 0 0 0 22.9 0 0 0 0 0 0 2433.1 0
0 3 1 12 10 8
0 342.1 0 935.4 0 0 0 0 68.2 0 853.1 0 257.3
0 7 2 5 6 9
0 0 333.4 0 0 169.3 286.3 112.7 0 1554.3 0 0 0
**********2024-02-15 03:56:45**********
46536.093 46609.842 0.158 21.291 35.91 3 132.0 
0 4 11
0 0 0 0 22.9 0 0 0 0 0 0 2433.1 0
0 3 1 12 10 8
0 342.1 0 935.4 0 0 0 0 68.2 0 853.1 0 257.3
0 7 2 5 6 9
0 0 333.4 0 0 169.3 286.3 112.7 0 1554.3 0 0 0
**********2024-02-15 03:56:56**********
46536.142 46599.899 0.137 46.365 46.365 5 129.333 
0 4 11
0 0 0 0 22.9 0 0 0 0 0 0 2433.1 0
0 6 2 7 8 9
0 0 348.0 0 0 0 298.8 117.7 69.1 1622.4 0 0 0
0 10 5 3 1 12
0 327.9 0 896.7 0 167.0 0 0 0 0 817.7 0 246.6
**********2024-02-15 03:57:11**********
46536.498 46564.988 0.061 61.557 61.572 7 127.75 
0 4 11
0 0 0 0 22.9 0 0 0 0 0 0 2433.1 0
0 10 2 3 12 7
0 0.0 336.4 917.2 0.0 0.0 0.0 113.8 0.0 0.0 836.4 0.0 252.3
0 6 5 1 9 8
0 339.0 0 0 0 172.6 291.9 0 67.5 1584.9 0 0 0
**********2024-02-15 03:57:23**********
46536.535 46564.988 0.061 61.557 73.703 9 117.8 
0 4 11
0 0 0 0 22.9 0 0 0 0 0 0 2433.1 0
0 10 2 3 12 7
0 0.0 336.4 917.2 0.0 0.0 0.0 113.8 0.0 0.0 836.4 0.0 252.3
0 6 5 1 9 8
0 339.0 0 0 0 172.6 291.9 0 67.5 1584.9 0 0 0
**********2024-02-15 03:57:32**********
46536.535 46564.988 0.061 61.557 82.93 11 119.667 
0 4 11
0 0 0 0 22.9 0 0 0 0 0 0 2433.1 0
0 10 2 3 12 7
0 0.0 336.4 917.2 0.0 0.0 0.0 113.8 0.0 0.0 836.4 0.0 252.3
0 6 5 1 9 8
0 339.0 0 0 0 172.6 291.9 0 67.5 1584.9 0 0 0
**********2024-02-15 03:57:45**********
46536.741 46564.988 0.061 61.557 95.47 13 119.0 
0 4 11
0 0 0 0 22.9 0 0 0 0 0 0 2433.1 0
0 10 2 3 12 7
0 0.0 336.4 917.2 0.0 0.0 0.0 113.8 0.0 0.0 836.4 0.0 252.3
0 6 5 1 9 8
0 339.0 0 0 0 172.6 291.9 0 67.5 1584.9 0 0 0
**********2024-02-15 03:57:55**********
46536.753 46564.988 0.061 61.557 105.571 15 113.875 
0 4 11
0 0 0 0 22.9 0 0 0 0 0 0 2433.1 0
0 10 2 3 12 7
0 0.0 336.4 917.2 0.0 0.0 0.0 113.8 0.0 0.0 836.4 0.0 252.3
0 6 5 1 9 8
0 339.0 0 0 0 172.6 291.9 0 67.5 1584.9 0 0 0
**********2024-02-15 03:58:07**********
46536.861 46564.988 0.06 61.557 117.913 17 109.889 
0 4 11
0 0 0 0 22.9 0 0 0 0 0 0 2433.1 0
0 10 2 3 12 7
0 0.0 336.4 917.2 0.0 0.0 0.0 113.8 0.0 0.0 836.4 0.0 252.3
0 6 5 1 9 8
0 339.0 0 0 0 172.6 291.9 0 67.5 1584.9 0 0 0
**********2024-02-15 03:58:17**********
46536.869 46564.988 0.06 61.557 127.641 19 106.4 
0 4 11
0 0 0 0 22.9 0 0 0 0 0 0 2433.1 0
0 10 2 3 12 7
0 0.0 336.4 917.2 0.0 0.0 0.0 113.8 0.0 0.0 836.4 0.0 252.3
0 6 5 1 9 8
0 339.0 0 0 0 172.6 291.9 0 67.5 1584.9 0 0 0
**********2024-02-15 03:58:30**********
46536.914 46564.988 0.06 61.557 140.379 21 107.636 
0 4 11
0 0 0 0 22.9 0 0 0 0 0 0 2433.1 0
0 10 2 3 12 7
0 0.0 336.4 917.2 0.0 0.0 0.0 113.8 0.0 0.0 836.4 0.0 252.3
0 6 5 1 9 8
0 339.0 0 0 0 172.6 291.9 0 67.5 1584.9 0 0 0
**********2024-02-15 03:58:41**********
46536.92 46559.059 0.048 151.55 151.55 23 108.917 
0 4 11
0 0 0 0 22.9 0 0 0 0 0 0 2433.1 0
0 12 8 1 3 10
0 342.1 0.0 935.4 0.0 0.0 0.0 0.0 68.2 0.0 853.1 0.0 257.3
0 5 6 7 2 9
0 0.0 333.4 0.0 0.0 169.3 286.3 112.7 -0.0 1554.3 0.0 0.0 0.0
**********2024-02-15 03:58:51**********
46536.945 46559.059 0.047 151.55 162.195 25 109.308 
0 4 11
0 0 0 0 22.9 0 0 0 0 0 0 2433.1 0
0 12 8 1 3 10
0 342.1 0.0 935.4 0.0 0.0 0.0 0.0 68.2 0.0 853.1 0.0 257.3
0 5 6 7 2 9
0 0.0 333.4 0.0 0.0 169.3 286.3 112.7 -0.0 1554.3 0.0 0.0 0.0
**********2024-02-15 03:59:13**********
46537.058 46559.059 0.047 151.55 183.7 27 109.714 
0 4 11
0 0 0 0 22.9 0 0 0 0 0 0 2433.1 0
0 12 8 1 3 10
0 342.1 0.0 935.4 0.0 0.0 0.0 0.0 68.2 0.0 853.1 0.0 257.3
0 5 6 7 2 9
0 0.0 333.4 0.0 0.0 169.3 286.3 112.7 -0.0 1554.3 0.0 0.0 0.0
**********2024-02-15 03:59:22**********
46537.18 46559.059 0.047 151.55 192.245 29 108.067 
0 4 11
0 0 0 0 22.9 0 0 0 0 0 0 2433.1 0
0 12 8 1 3 10
0 342.1 0.0 935.4 0.0 0.0 0.0 0.0 68.2 0.0 853.1 0.0 257.3
0 5 6 7 2 9
0 0.0 333.4 0.0 0.0 169.3 286.3 112.7 -0.0 1554.3 0.0 0.0 0.0
**********2024-02-15 03:59:29**********
46537.18 46559.059 0.047 151.55 199.262 31 106.625 
0 4 11
0 0 0 0 22.9 0 0 0 0 0 0 2433.1 0
0 12 8 1 3 10
0 342.1 0.0 935.4 0.0 0.0 0.0 0.0 68.2 0.0 853.1 0.0 257.3
0 5 6 7 2 9
0 0.0 333.4 0.0 0.0 169.3 286.3 112.7 -0.0 1554.3 0.0 0.0 0.0
**********2024-02-15 03:59:38**********
46537.345 46559.059 0.047 151.55 208.859 33 105.471 
0 4 11
0 0 0 0 22.9 0 0 0 0 0 0 2433.1 0
0 12 8 1 3 10
0 342.1 0.0 935.4 0.0 0.0 0.0 0.0 68.2 0.0 853.1 0.0 257.3
0 5 6 7 2 9
0 0.0 333.4 0.0 0.0 169.3 286.3 112.7 -0.0 1554.3 0.0 0.0 0.0
**********2024-02-15 03:59:46**********
46537.385 46559.059 0.047 151.55 216.953 35 104.167 
0 4 11
0 0 0 0 22.9 0 0 0 0 0 0 2433.1 0
0 12 8 1 3 10
0 342.1 0.0 935.4 0.0 0.0 0.0 0.0 68.2 0.0 853.1 0.0 257.3
0 5 6 7 2 9
0 0.0 333.4 0.0 0.0 169.3 286.3 112.7 -0.0 1554.3 0.0 0.0 0.0
**********2024-02-15 03:59:56**********
46537.566 46559.059 0.046 151.55 226.222 37 103.053 
0 4 11
0 0 0 0 22.9 0 0 0 0 0 0 2433.1 0
0 12 8 1 3 10
0 342.1 0.0 935.4 0.0 0.0 0.0 0.0 68.2 0.0 853.1 0.0 257.3
0 5 6 7 2 9
0 0.0 333.4 0.0 0.0 169.3 286.3 112.7 -0.0 1554.3 0.0 0.0 0.0
**********2024-02-15 04:00:01**********
46537.566 46559.059 0.046 151.55 232.177 39 101.85 
0 4 11
0 0 0 0 22.9 0 0 0 0 0 0 2433.1 0
0 12 8 1 3 10
0 342.1 0.0 935.4 0.0 0.0 0.0 0.0 68.2 0.0 853.1 0.0 257.3
0 5 6 7 2 9
0 0.0 333.4 0.0 0.0 169.3 286.3 112.7 -0.0 1554.3 0.0 0.0 0.0
**********2024-02-15 04:00:07**********
46537.673 46559.059 0.046 151.55 237.484 41 100.714 
0 4 11
0 0 0 0 22.9 0 0 0 0 0 0 2433.1 0
0 12 8 1 3 10
0 342.1 0.0 935.4 0.0 0.0 0.0 0.0 68.2 0.0 853.1 0.0 257.3
0 5 6 7 2 9
0 0.0 333.4 0.0 0.0 169.3 286.3 112.7 -0.0 1554.3 0.0 0.0 0.0
**********2024-02-15 04:00:15**********
46537.722 46559.059 0.046 151.55 245.675 43 99.636 
0 4 11
0 0 0 0 22.9 0 0 0 0 0 0 2433.1 0
0 12 8 1 3 10
0 342.1 0.0 935.4 0.0 0.0 0.0 0.0 68.2 0.0 853.1 0.0 257.3
0 5 6 7 2 9
0 0.0 333.4 0.0 0.0 169.3 286.3 112.7 -0.0 1554.3 0.0 0.0 0.0
**********2024-02-15 04:00:22**********
46537.73 46559.059 0.046 151.55 252.368 45 98.565 
0 4 11
0 0 0 0 22.9 0 0 0 0 0 0 2433.1 0
0 12 8 1 3 10
0 342.1 0.0 935.4 0.0 0.0 0.0 0.0 68.2 0.0 853.1 0.0 257.3
0 5 6 7 2 9
0 0.0 333.4 0.0 0.0 169.3 286.3 112.7 -0.0 1554.3 0.0 0.0 0.0
**********2024-02-15 04:00:35**********
46537.77 46559.059 0.046 151.55 265.932 47 97.5 
0 4 11
0 0 0 0 22.9 0 0 0 0 0 0 2433.1 0
0 12 8 1 3 10
0 342.1 0.0 935.4 0.0 0.0 0.0 0.0 68.2 0.0 853.1 0.0 257.3
0 5 6 7 2 9
0 0.0 333.4 0.0 0.0 169.3 286.3 112.7 -0.0 1554.3 0.0 0.0 0.0
**********2024-02-15 04:00:42**********
46537.949 46559.059 0.045 151.55 272.907 49 96.72 
0 4 11
0 0 0 0 22.9 0 0 0 0 0 0 2433.1 0
0 12 8 1 3 10
0 342.1 0.0 935.4 0.0 0.0 0.0 0.0 68.2 0.0 853.1 0.0 257.3
0 5 6 7 2 9
0 0.0 333.4 0.0 0.0 169.3 286.3 112.7 -0.0 1554.3 0.0 0.0 0.0
**********2024-02-15 04:00:48**********
46537.949 46559.059 0.045 151.55 279.144 51 95.769 
0 4 11
0 0 0 0 22.9 0 0 0 0 0 0 2433.1 0
0 12 8 1 3 10
0 342.1 0.0 935.4 0.0 0.0 0.0 0.0 68.2 0.0 853.1 0.0 257.3
0 5 6 7 2 9
0 0.0 333.4 0.0 0.0 169.3 286.3 112.7 -0.0 1554.3 0.0 0.0 0.0
**********2024-02-15 04:00:57**********
46537.987 46559.059 0.045 151.55 287.408 53 94.852 
0 4 11
0 0 0 0 22.9 0 0 0 0 0 0 2433.1 0
0 12 8 1 3 10
0 342.1 0.0 935.4 0.0 0.0 0.0 0.0 68.2 0.0 853.1 0.0 257.3
0 5 6 7 2 9
0 0.0 333.4 0.0 0.0 169.3 286.3 112.7 -0.0 1554.3 0.0 0.0 0.0
**********2024-02-15 04:01:05**********
46538.031 46559.059 0.045 151.55 295.676 55 94.071 
0 4 11
0 0 0 0 22.9 0 0 0 0 0 0 2433.1 0
0 12 8 1 3 10
0 342.1 0.0 935.4 0.0 0.0 0.0 0.0 68.2 0.0 853.1 0.0 257.3
0 5 6 7 2 9
0 0.0 333.4 0.0 0.0 169.3 286.3 112.7 -0.0 1554.3 0.0 0.0 0.0
**********2024-02-15 04:01:11**********
46538.031 46559.059 0.045 151.55 301.791 57 93.241 
0 4 11
0 0 0 0 22.9 0 0 0 0 0 0 2433.1 0
0 12 8 1 3 10
0 342.1 0.0 935.4 0.0 0.0 0.0 0.0 68.2 0.0 853.1 0.0 257.3
0 5 6 7 2 9
0 0.0 333.4 0.0 0.0 169.3 286.3 112.7 -0.0 1554.3 0.0 0.0 0.0
**********2024-02-15 04:01:17**********
46538.061 46559.059 0.045 151.55 308.109 59 92.433 
0 4 11
0 0 0 0 22.9 0 0 0 0 0 0 2433.1 0
0 12 8 1 3 10
0 342.1 0.0 935.4 0.0 0.0 0.0 0.0 68.2 0.0 853.1 0.0 257.3
0 5 6 7 2 9
0 0.0 333.4 0.0 0.0 169.3 286.3 112.7 -0.0 1554.3 0.0 0.0 0.0
**********2024-02-15 04:01:30**********
46538.195 46559.059 0.045 151.55 321.05 61 91.677 
0 4 11
0 0 0 0 22.9 0 0 0 0 0 0 2433.1 0
0 12 8 1 3 10
0 342.1 0.0 935.4 0.0 0.0 0.0 0.0 68.2 0.0 853.1 0.0 257.3
0 5 6 7 2 9
0 0.0 333.4 0.0 0.0 169.3 286.3 112.7 -0.0 1554.3 0.0 0.0 0.0
**********2024-02-15 04:01:38**********
46538.317 46559.059 0.045 151.55 328.926 63 91.281 
0 4 11
0 0 0 0 22.9 0 0 0 0 0 0 2433.1 0
0 12 8 1 3 10
0 342.1 0.0 935.4 0.0 0.0 0.0 0.0 68.2 0.0 853.1 0.0 257.3
0 5 6 7 2 9
0 0.0 333.4 0.0 0.0 169.3 286.3 112.7 -0.0 1554.3 0.0 0.0 0.0
**********2024-02-15 04:01:51**********
46538.512 46559.059 0.044 151.55 341.656 65 90.939 
0 4 11
0 0 0 0 22.9 0 0 0 0 0 0 2433.1 0
0 12 8 1 3 10
0 342.1 0.0 935.4 0.0 0.0 0.0 0.0 68.2 0.0 853.1 0.0 257.3
0 5 6 7 2 9
0 0.0 333.4 0.0 0.0 169.3 286.3 112.7 -0.0 1554.3 0.0 0.0 0.0
**********2024-02-15 04:02:02**********
46538.706 46559.059 0.044 151.55 352.654 67 90.0 
0 4 11
0 0 0 0 22.9 0 0 0 0 0 0 2433.1 0
0 12 8 1 3 10
0 342.1 0.0 935.4 0.0 0.0 0.0 0.0 68.2 0.0 853.1 0.0 257.3
0 5 6 7 2 9
0 0.0 333.4 0.0 0.0 169.3 286.3 112.7 -0.0 1554.3 0.0 0.0 0.0
**********2024-02-15 04:02:12**********
46538.765 46559.059 0.044 151.55 362.978 69 90.286 
0 4 11
0 0 0 0 22.9 0 0 0 0 0 0 2433.1 0
0 12 8 1 3 10
0 342.1 0.0 935.4 0.0 0.0 0.0 0.0 68.2 0.0 853.1 0.0 257.3
0 5 6 7 2 9
0 0.0 333.4 0.0 0.0 169.3 286.3 112.7 -0.0 1554.3 0.0 0.0 0.0
**********2024-02-15 04:02:23**********
46538.778 46559.059 0.044 151.55 374.004 71 90.361 
0 4 11
0 0 0 0 22.9 0 0 0 0 0 0 2433.1 0
0 12 8 1 3 10
0 342.1 0.0 935.4 0.0 0.0 0.0 0.0 68.2 0.0 853.1 0.0 257.3
0 5 6 7 2 9
0 0.0 333.4 0.0 0.0 169.3 286.3 112.7 -0.0 1554.3 0.0 0.0 0.0
**********2024-02-15 04:02:32**********
46538.928 46559.059 0.043 151.55 382.813 73 89.27 
0 4 11
0 0 0 0 22.9 0 0 0 0 0 0 2433.1 0
0 12 8 1 3 10
0 342.1 0.0 935.4 0.0 0.0 0.0 0.0 68.2 0.0 853.1 0.0 257.3
0 5 6 7 2 9
0 0.0 333.4 0.0 0.0 169.3 286.3 112.7 -0.0 1554.3 0.0 0.0 0.0
**********2024-02-15 04:02:40**********
46538.957 46559.059 0.043 151.55 390.406 75 88.421 
0 4 11
0 0 0 0 22.9 0 0 0 0 0 0 2433.1 0
0 12 8 1 3 10
0 342.1 0.0 935.4 0.0 0.0 0.0 0.0 68.2 0.0 853.1 0.0 257.3
0 5 6 7 2 9
0 0.0 333.4 0.0 0.0 169.3 286.3 112.7 -0.0 1554.3 0.0 0.0 0.0
**********2024-02-15 04:02:52**********
46538.974 46559.059 0.043 151.55 402.298 77 88.308 
0 4 11
0 0 0 0 22.9 0 0 0 0 0 0 2433.1 0
0 12 8 1 3 10
0 342.1 0.0 935.4 0.0 0.0 0.0 0.0 68.2 0.0 853.1 0.0 257.3
0 5 6 7 2 9
0 0.0 333.4 0.0 0.0 169.3 286.3 112.7 -0.0 1554.3 0.0 0.0 0.0
**********2024-02-15 04:03:00**********
46539.022 46559.059 0.043 151.55 411.144 79 88.7 
0 4 11
0 0 0 0 22.9 0 0 0 0 0 0 2433.1 0
0 12 8 1 3 10
0 342.1 0.0 935.4 0.0 0.0 0.0 0.0 68.2 0.0 853.1 0.0 257.3
0 5 6 7 2 9
0 0.0 333.4 0.0 0.0 169.3 286.3 112.7 -0.0 1554.3 0.0 0.0 0.0
**********2024-02-15 04:03:08**********
46539.112 46559.059 0.043 151.55 418.855 81 88.756 
0 4 11
0 0 0 0 22.9 0 0 0 0 0 0 2433.1 0
0 12 8 1 3 10
0 342.1 0.0 935.4 0.0 0.0 0.0 0.0 68.2 0.0 853.1 0.0 257.3
0 5 6 7 2 9
0 0.0 333.4 0.0 0.0 169.3 286.3 112.7 -0.0 1554.3 0.0 0.0 0.0
**********2024-02-15 04:03:18**********
46539.116 46559.059 0.043 151.55 428.622 83 88.714 
0 4 11
0 0 0 0 22.9 0 0 0 0 0 0 2433.1 0
0 12 8 1 3 10
0 342.1 0.0 935.4 0.0 0.0 0.0 0.0 68.2 0.0 853.1 0.0 257.3
0 5 6 7 2 9
0 0.0 333.4 0.0 0.0 169.3 286.3 112.7 -0.0 1554.3 0.0 0.0 0.0
**********2024-02-15 04:03:23**********
46539.137 46559.059 0.043 151.55 434.149 85 88.093 
0 4 11
0 0 0 0 22.9 0 0 0 0 0 0 2433.1 0
0 12 8 1 3 10
0 342.1 0.0 935.4 0.0 0.0 0.0 0.0 68.2 0.0 853.1 0.0 257.3
0 5 6 7 2 9
0 0.0 333.4 0.0 0.0 169.3 286.3 112.7 -0.0 1554.3 0.0 0.0 0.0
**********2024-02-15 04:03:32**********
46539.274 46559.059 0.042 151.55 442.21 87 88.227 
0 4 11
0 0 0 0 22.9 0 0 0 0 0 0 2433.1 0
0 12 8 1 3 10
0 342.1 0.0 935.4 0.0 0.0 0.0 0.0 68.2 0.0 853.1 0.0 257.3
0 5 6 7 2 9
0 0.0 333.4 0.0 0.0 169.3 286.3 112.7 -0.0 1554.3 0.0 0.0 0.0
**********2024-02-15 04:03:37**********
46539.274 46559.059 0.042 151.55 447.437 89 87.533 
0 4 11
0 0 0 0 22.9 0 0 0 0 0 0 2433.1 0
0 12 8 1 3 10
0 342.1 0.0 935.4 0.0 0.0 0.0 0.0 68.2 0.0 853.1 0.0 257.3
0 5 6 7 2 9
0 0.0 333.4 0.0 0.0 169.3 286.3 112.7 -0.0 1554.3 0.0 0.0 0.0
**********2024-02-15 04:03:47**********
46539.328 46559.059 0.042 151.55 458.093 91 86.87 
0 4 11
0 0 0 0 22.9 0 0 0 0 0 0 2433.1 0
0 12 8 1 3 10
0 342.1 0.0 935.4 0.0 0.0 0.0 0.0 68.2 0.0 853.1 0.0 257.3
0 5 6 7 2 9
0 0.0 333.4 0.0 0.0 169.3 286.3 112.7 -0.0 1554.3 0.0 0.0 0.0
**********2024-02-15 04:03:56**********
46539.67 46559.059 0.042 151.55 466.475 93 86.574 
0 4 11
0 0 0 0 22.9 0 0 0 0 0 0 2433.1 0
0 12 8 1 3 10
0 342.1 0.0 935.4 0.0 0.0 0.0 0.0 68.2 0.0 853.1 0.0 257.3
0 5 6 7 2 9
0 0.0 333.4 0.0 0.0 169.3 286.3 112.7 -0.0 1554.3 0.0 0.0 0.0
**********2024-02-15 04:04:02**********
46539.718 46559.059 0.042 151.55 472.768 95 85.708 
0 4 11
0 0 0 0 22.9 0 0 0 0 0 0 2433.1 0
0 12 8 1 3 10
0 342.1 0.0 935.4 0.0 0.0 0.0 0.0 68.2 0.0 853.1 0.0 257.3
0 5 6 7 2 9
0 0.0 333.4 0.0 0.0 169.3 286.3 112.7 -0.0 1554.3 0.0 0.0 0.0
**********2024-02-15 04:04:10**********
46539.747 46559.059 0.041 151.55 480.277 97 84.918 
0 4 11
0 0 0 0 22.9 0 0 0 0 0 0 2433.1 0
0 12 8 1 3 10
0 342.1 0.0 935.4 0.0 0.0 0.0 0.0 68.2 0.0 853.1 0.0 257.3
0 5 6 7 2 9
0 0.0 333.4 0.0 0.0 169.3 286.3 112.7 -0.0 1554.3 0.0 0.0 0.0
**********2024-02-15 04:04:16**********
46539.767 46557.18 0.037 487.05 487.05 99 84.26 
0 4 11
0 0 0 0 22.9 0 0 0 0 0 0 2433.1 0
0 12 2 3 10 7
0 0.0 336.4 917.2 0.0 0.0 0.0 113.8 -0.0 0.0 836.4 0.0 252.3
0 8 1 6 5 9
0 339.0 0.0 0.0 0.0 172.6 291.9 0.0 67.5 1584.9 0.0 0.0 0.0
**********2024-02-15 04:04:21**********
46539.794 46557.18 0.037 487.05 492.201 101 83.745 
0 4 11
0 0 0 0 22.9 0 0 0 0 0 0 2433.1 0
0 12 2 3 10 7
0 0.0 336.4 917.2 0.0 0.0 0.0 113.8 -0.0 0.0 836.4 0.0 252.3
0 8 1 6 5 9
0 339.0 0.0 0.0 0.0 172.6 291.9 0.0 67.5 1584.9 0.0 0.0 0.0
**********2024-02-15 04:04:29**********
46539.854 46557.18 0.037 487.05 500.009 103 83.519 
0 4 11
0 0 0 0 22.9 0 0 0 0 0 0 2433.1 0
0 12 2 3 10 7
0 0.0 336.4 917.2 0.0 0.0 0.0 113.8 -0.0 0.0 836.4 0.0 252.3
0 8 1 6 5 9
0 339.0 0.0 0.0 0.0 172.6 291.9 0.0 67.5 1584.9 0.0 0.0 0.0
**********2024-02-15 04:04:35**********
46539.865 46557.18 0.037 487.05 506.185 105 82.981 
0 4 11
0 0 0 0 22.9 0 0 0 0 0 0 2433.1 0
0 12 2 3 10 7
0 0.0 336.4 917.2 0.0 0.0 0.0 113.8 -0.0 0.0 836.4 0.0 252.3
0 8 1 6 5 9
0 339.0 0.0 0.0 0.0 172.6 291.9 0.0 67.5 1584.9 0.0 0.0 0.0
**********2024-02-15 04:04:40**********
46539.865 46557.18 0.037 487.05 511.208 107 82.5 
0 4 11
0 0 0 0 22.9 0 0 0 0 0 0 2433.1 0
0 12 2 3 10 7
0 0.0 336.4 917.2 0.0 0.0 0.0 113.8 -0.0 0.0 836.4 0.0 252.3
0 8 1 6 5 9
0 339.0 0.0 0.0 0.0 172.6 291.9 0.0 67.5 1584.9 0.0 0.0 0.0
**********2024-02-15 04:04:46**********
46539.865 46553.054 0.028 516.524 516.524 109 82.018 
0 4 11
0 0 0 0 22.9 0 0 0 0 0 0 2433.1 0
0 10 2 3 12 7
0 0.0 336.4 917.2 0.0 0.0 0.0 113.8 0.0 0.0 836.4 0.0 252.3
0 8 5 1 6 9
0 339.0 0.0 0.0 0.0 172.6 291.9 0.0 67.5 1584.9 0.0 0.0 0.0
**********2024-02-15 04:04:51**********
46539.865 46546.549 0.014 521.867 521.867 111 81.554 
0 4 11
0 0 0 0 22.9 0 0 0 0 0 0 2433.1 0
0 9 12 6 1
0 337.0 0.0 0.0 0.0 0.0 290.2 0.0 0.0 1575.4 0.0 0.0 253.4
0 5 8 10 2 3 7
0 0.0 338.4 922.7 0.0 171.8 0.0 114.4 67.2 0.0 841.5 0.0 0.0
**********2024-02-15 04:04:57**********
46539.865 46546.549 0.014 521.867 527.338 113 81.123 
0 4 11
0 0 0 0 22.9 0 0 0 0 0 0 2433.1 0
0 9 12 6 1
0 337.0 0.0 0.0 0.0 0.0 290.2 0.0 0.0 1575.4 0.0 0.0 253.4
0 5 8 10 2 3 7
0 0.0 338.4 922.7 0.0 171.8 0.0 114.4 67.2 0.0 841.5 0.0 0.0
**********2024-02-15 04:05:03**********
46539.948 46546.549 0.014 521.867 534.196 115 80.707 
0 4 11
0 0 0 0 22.9 0 0 0 0 0 0 2433.1 0
0 9 12 6 1
0 337.0 0.0 0.0 0.0 0.0 290.2 0.0 0.0 1575.4 0.0 0.0 253.4
0 5 8 10 2 3 7
0 0.0 338.4 922.7 0.0 171.8 0.0 114.4 67.2 0.0 841.5 0.0 0.0
**********2024-02-15 04:05:16**********
46539.993 46542.915 0.006 546.837 546.837 117 80.627 
0 4 11
0 0 0 0 22.9 0 0 0 0 0 0 2433.1 0
0 1 7 12 9 5
0 337.6 0.0 0.0 0.0 171.9 0.0 114.5 0.0 1578.2 0.0 0.0 253.9
0 8 2 10 6 3
0 0.0 337.8 921.0 0.0 0.0 290.1 0.0 67.1 0.0 840.0 0.0 0.0
