**********2022-05-24 22:52:12**********
58749.974 58813.013 0.107 13.572 13.572 
0 3 1 9 10
0 605.7 0 324.7 0 0 0 0 0 562.6 1642.9 0 0
0 5 11
0 0.0 0.0 0.0 0.0 17.6 0.0 0.0 0.0 0.0 0.0 3118.4 0.0
0 4 12 6 7 8 2
0 0.0 593.3 0.0 56.8 0.0 356.4 227.6 144.4 0.0 0.0 0.0 1757.5
**********2022-05-24 22:52:21**********
58749.974 58813.013 0.107 13.572 22.578 
0 3 1 9 10
0 605.7 0 324.7 0 0 0 0 0 562.6 1642.9 0 0
0 5 11
0 0.0 0.0 0.0 0.0 17.6 0.0 0.0 0.0 0.0 0.0 3118.4 0.0
0 4 12 6 7 8 2
0 0.0 593.3 0.0 56.8 0.0 356.4 227.6 144.4 0.0 0.0 0.0 1757.5
**********2022-05-24 22:52:29**********
58749.974 58813.013 0.107 13.572 30.4 
0 3 1 9 10
0 605.7 0 324.7 0 0 0 0 0 562.6 1642.9 0 0
0 5 11
0 0.0 0.0 0.0 0.0 17.6 0.0 0.0 0.0 0.0 0.0 3118.4 0.0
0 4 12 6 7 8 2
0 0.0 593.3 0.0 56.8 0.0 356.4 227.6 144.4 0.0 0.0 0.0 1757.5
**********2022-05-24 22:52:35**********
58749.974 58813.013 0.107 13.572 36.896 
0 3 1 9 10
0 605.7 0 324.7 0 0 0 0 0 562.6 1642.9 0 0
0 5 11
0 0.0 0.0 0.0 0.0 17.6 0.0 0.0 0.0 0.0 0.0 3118.4 0.0
0 4 12 6 7 8 2
0 0.0 593.3 0.0 56.8 0.0 356.4 227.6 144.4 0.0 0.0 0.0 1757.5
**********2022-05-24 22:52:43**********
58750.151 58813.013 0.107 13.572 44.946 
0 3 1 9 10
0 605.7 0 324.7 0 0 0 0 0 562.6 1642.9 0 0
0 5 11
0 0.0 0.0 0.0 0.0 17.6 0.0 0.0 0.0 0.0 0.0 3118.4 0.0
0 4 12 6 7 8 2
0 0.0 593.3 0.0 56.8 0.0 356.4 227.6 144.4 0.0 0.0 0.0 1757.5
**********2022-05-24 22:52:49**********
58750.545 58813.013 0.106 13.572 50.892 
0 3 1 9 10
0 605.7 0 324.7 0 0 0 0 0 562.6 1642.9 0 0
0 5 11
0 0.0 0.0 0.0 0.0 17.6 0.0 0.0 0.0 0.0 0.0 3118.4 0.0
0 4 12 6 7 8 2
0 0.0 593.3 0.0 56.8 0.0 356.4 227.6 144.4 0.0 0.0 0.0 1757.5
**********2022-05-24 22:52:59**********
58750.634 58813.013 0.106 13.572 60.502 
0 3 1 9 10
0 605.7 0 324.7 0 0 0 0 0 562.6 1642.9 0 0
0 5 11
0 0.0 0.0 0.0 0.0 17.6 0.0 0.0 0.0 0.0 0.0 3118.4 0.0
0 4 12 6 7 8 2
0 0.0 593.3 0.0 56.8 0.0 356.4 227.6 144.4 0.0 0.0 0.0 1757.5
**********2022-05-24 22:53:05**********
58750.906 58813.013 0.106 13.572 66.641 
0 3 1 9 10
0 605.7 0 324.7 0 0 0 0 0 562.6 1642.9 0 0
0 5 11
0 0.0 0.0 0.0 0.0 17.6 0.0 0.0 0.0 0.0 0.0 3118.4 0.0
0 4 12 6 7 8 2
0 0.0 593.3 0.0 56.8 0.0 356.4 227.6 144.4 0.0 0.0 0.0 1757.5
**********2022-05-24 22:53:10**********
58750.876 58773.876 0.039 72.049 72.049 
0 5 11
0 0.0 0.0 0.0 0.0 17.6 0.0 0.0 0.0 0.0 0.0 3118.4 0.0
0 9 3 10 2
0 0 584.6 327.4 0 0 0 0 0 567.3 1656.6 0 0
0 4 12 6 7 8 1
0 614.6 0.0 0.0 56.3 0.0 353.4 225.7 143.2 0.0 0.0 0.0 1742.8
**********2022-05-24 22:53:14**********
58751.303 58773.876 0.038 72.049 75.813 
0 5 11
0 0.0 0.0 0.0 0.0 17.6 0.0 0.0 0.0 0.0 0.0 3118.4 0.0
0 9 3 10 2
0 0 584.6 327.4 0 0 0 0 0 567.3 1656.6 0 0
0 4 12 6 7 8 1
0 614.6 0.0 0.0 56.3 0.0 353.4 225.7 143.2 0.0 0.0 0.0 1742.8
**********2022-05-24 22:53:20**********
58751.292 58773.876 0.038 72.049 81.457 
0 5 11
0 0.0 0.0 0.0 0.0 17.6 0.0 0.0 0.0 0.0 0.0 3118.4 0.0
0 9 3 10 2
0 0 584.6 327.4 0 0 0 0 0 567.3 1656.6 0 0
0 4 12 6 7 8 1
0 614.6 0.0 0.0 56.3 0.0 353.4 225.7 143.2 0.0 0.0 0.0 1742.8
**********2022-05-24 22:53:25**********
58751.292 58773.876 0.038 72.049 86.189 
0 5 11
0 0.0 0.0 0.0 0.0 17.6 0.0 0.0 0.0 0.0 0.0 3118.4 0.0
0 9 3 10 2
0 0 584.6 327.4 0 0 0 0 0 567.3 1656.6 0 0
0 4 12 6 7 8 1
0 614.6 0.0 0.0 56.3 0.0 353.4 225.7 143.2 0.0 0.0 0.0 1742.8
**********2022-05-24 22:53:30**********
58751.383 58773.876 0.038 72.049 91.224 
0 5 11
0 0.0 0.0 0.0 0.0 17.6 0.0 0.0 0.0 0.0 0.0 3118.4 0.0
0 9 3 10 2
0 0 584.6 327.4 0 0 0 0 0 567.3 1656.6 0 0
0 4 12 6 7 8 1
0 614.6 0.0 0.0 56.3 0.0 353.4 225.7 143.2 0.0 0.0 0.0 1742.8
**********2022-05-24 22:53:35**********
58751.383 58773.876 0.038 72.049 96.215 
0 5 11
0 0.0 0.0 0.0 0.0 17.6 0.0 0.0 0.0 0.0 0.0 3118.4 0.0
0 9 3 10 2
0 0 584.6 327.4 0 0 0 0 0 567.3 1656.6 0 0
0 4 12 6 7 8 1
0 614.6 0.0 0.0 56.3 0.0 353.4 225.7 143.2 0.0 0.0 0.0 1742.8
**********2022-05-24 22:53:39**********
58751.394 58773.876 0.038 72.049 100.7 
0 5 11
0 0.0 0.0 0.0 0.0 17.6 0.0 0.0 0.0 0.0 0.0 3118.4 0.0
0 9 3 10 2
0 0 584.6 327.4 0 0 0 0 0 567.3 1656.6 0 0
0 4 12 6 7 8 1
0 614.6 0.0 0.0 56.3 0.0 353.4 225.7 143.2 0.0 0.0 0.0 1742.8
**********2022-05-24 22:53:45**********
58751.411 58773.876 0.038 72.049 106.865 
0 5 11
0 0.0 0.0 0.0 0.0 17.6 0.0 0.0 0.0 0.0 0.0 3118.4 0.0
0 9 3 10 2
0 0 584.6 327.4 0 0 0 0 0 567.3 1656.6 0 0
0 4 12 6 7 8 1
0 614.6 0.0 0.0 56.3 0.0 353.4 225.7 143.2 0.0 0.0 0.0 1742.8
**********2022-05-24 22:53:49**********
58751.411 58773.876 0.038 72.049 111.049 
0 5 11
0 0.0 0.0 0.0 0.0 17.6 0.0 0.0 0.0 0.0 0.0 3118.4 0.0
0 9 3 10 2
0 0 584.6 327.4 0 0 0 0 0 567.3 1656.6 0 0
0 4 12 6 7 8 1
0 614.6 0.0 0.0 56.3 0.0 353.4 225.7 143.2 0.0 0.0 0.0 1742.8
**********2022-05-24 22:53:53**********
58751.411 58773.876 0.038 72.049 115.099 
0 5 11
0 0.0 0.0 0.0 0.0 17.6 0.0 0.0 0.0 0.0 0.0 3118.4 0.0
0 9 3 10 2
0 0 584.6 327.4 0 0 0 0 0 567.3 1656.6 0 0
0 4 12 6 7 8 1
0 614.6 0.0 0.0 56.3 0.0 353.4 225.7 143.2 0.0 0.0 0.0 1742.8
**********2022-05-24 22:53:59**********
58751.418 58773.876 0.038 72.049 120.33 
0 5 11
0 0.0 0.0 0.0 0.0 17.6 0.0 0.0 0.0 0.0 0.0 3118.4 0.0
0 9 3 10 2
0 0 584.6 327.4 0 0 0 0 0 567.3 1656.6 0 0
0 4 12 6 7 8 1
0 614.6 0.0 0.0 56.3 0.0 353.4 225.7 143.2 0.0 0.0 0.0 1742.8
**********2022-05-24 22:54:03**********
58751.418 58773.876 0.038 72.049 125.034 
0 5 11
0 0.0 0.0 0.0 0.0 17.6 0.0 0.0 0.0 0.0 0.0 3118.4 0.0
0 9 3 10 2
0 0 584.6 327.4 0 0 0 0 0 567.3 1656.6 0 0
0 4 12 6 7 8 1
0 614.6 0.0 0.0 56.3 0.0 353.4 225.7 143.2 0.0 0.0 0.0 1742.8
**********2022-05-24 22:54:09**********
58751.7 58773.876 0.038 72.049 130.439 
0 5 11
0 0.0 0.0 0.0 0.0 17.6 0.0 0.0 0.0 0.0 0.0 3118.4 0.0
0 9 3 10 2
0 0 584.6 327.4 0 0 0 0 0 567.3 1656.6 0 0
0 4 12 6 7 8 1
0 614.6 0.0 0.0 56.3 0.0 353.4 225.7 143.2 0.0 0.0 0.0 1742.8
**********2022-05-24 22:54:16**********
58751.7 58773.876 0.038 72.049 137.861 
0 5 11
0 0.0 0.0 0.0 0.0 17.6 0.0 0.0 0.0 0.0 0.0 3118.4 0.0
0 9 3 10 2
0 0 584.6 327.4 0 0 0 0 0 567.3 1656.6 0 0
0 4 12 6 7 8 1
0 614.6 0.0 0.0 56.3 0.0 353.4 225.7 143.2 0.0 0.0 0.0 1742.8
**********2022-05-24 22:54:26**********
58751.875 58773.876 0.037 72.049 147.298 
0 5 11
0 0.0 0.0 0.0 0.0 17.6 0.0 0.0 0.0 0.0 0.0 3118.4 0.0
0 9 3 10 2
0 0 584.6 327.4 0 0 0 0 0 567.3 1656.6 0 0
0 4 12 6 7 8 1
0 614.6 0.0 0.0 56.3 0.0 353.4 225.7 143.2 0.0 0.0 0.0 1742.8
**********2022-05-24 22:54:31**********
58751.875 58773.876 0.037 72.049 153.092 
0 5 11
0 0.0 0.0 0.0 0.0 17.6 0.0 0.0 0.0 0.0 0.0 3118.4 0.0
0 9 3 10 2
0 0 584.6 327.4 0 0 0 0 0 567.3 1656.6 0 0
0 4 12 6 7 8 1
0 614.6 0.0 0.0 56.3 0.0 353.4 225.7 143.2 0.0 0.0 0.0 1742.8
**********2022-05-24 22:54:37**********
58751.914 58773.876 0.037 72.049 159.097 
0 5 11
0 0.0 0.0 0.0 0.0 17.6 0.0 0.0 0.0 0.0 0.0 3118.4 0.0
0 9 3 10 2
0 0 584.6 327.4 0 0 0 0 0 567.3 1656.6 0 0
0 4 12 6 7 8 1
0 614.6 0.0 0.0 56.3 0.0 353.4 225.7 143.2 0.0 0.0 0.0 1742.8
**********2022-05-24 22:54:42**********
58751.914 58773.876 0.037 72.049 163.582 
0 5 11
0 0.0 0.0 0.0 0.0 17.6 0.0 0.0 0.0 0.0 0.0 3118.4 0.0
0 9 3 10 2
0 0 584.6 327.4 0 0 0 0 0 567.3 1656.6 0 0
0 4 12 6 7 8 1
0 614.6 0.0 0.0 56.3 0.0 353.4 225.7 143.2 0.0 0.0 0.0 1742.8
**********2022-05-24 22:54:46**********
58752.062 58762.267 0.017 168.047 168.047 
0 5 11
0 0.0 0.0 0.0 0.0 17.6 0.0 0.0 0.0 0.0 0.0 3118.4 0.0
0 1 8 4 12 2
0 612.8 586.6 0 56.2 0 0 0 142.8 0 0 0 1737.7
0 3 9 7 6 10
0 0.0 0.0 328.4 0.0 0.0 352.2 224.9 0.0 569.0 1661.5 0.0 0.0
**********2022-05-24 22:54:53**********
58752.176 58762.267 0.017 168.047 174.72 
0 5 11
0 0.0 0.0 0.0 0.0 17.6 0.0 0.0 0.0 0.0 0.0 3118.4 0.0
0 1 8 4 12 2
0 612.8 586.6 0 56.2 0 0 0 142.8 0 0 0 1737.7
0 3 9 7 6 10
0 0.0 0.0 328.4 0.0 0.0 352.2 224.9 0.0 569.0 1661.5 0.0 0.0
**********2022-05-24 22:54:58**********
58752.176 58762.267 0.017 168.047 179.827 
0 5 11
0 0.0 0.0 0.0 0.0 17.6 0.0 0.0 0.0 0.0 0.0 3118.4 0.0
0 1 8 4 12 2
0 612.8 586.6 0 56.2 0 0 0 142.8 0 0 0 1737.7
0 3 9 7 6 10
0 0.0 0.0 328.4 0.0 0.0 352.2 224.9 0.0 569.0 1661.5 0.0 0.0
**********2022-05-24 22:55:03**********
58752.176 58762.267 0.017 168.047 184.906 
0 5 11
0 0.0 0.0 0.0 0.0 17.6 0.0 0.0 0.0 0.0 0.0 3118.4 0.0
0 1 8 4 12 2
0 612.8 586.6 0 56.2 0 0 0 142.8 0 0 0 1737.7
0 3 9 7 6 10
0 0.0 0.0 328.4 0.0 0.0 352.2 224.9 0.0 569.0 1661.5 0.0 0.0
**********2022-05-24 22:55:09**********
58752.208 58762.267 0.017 168.047 190.295 
0 5 11
0 0.0 0.0 0.0 0.0 17.6 0.0 0.0 0.0 0.0 0.0 3118.4 0.0
0 1 8 4 12 2
0 612.8 586.6 0 56.2 0 0 0 142.8 0 0 0 1737.7
0 3 9 7 6 10
0 0.0 0.0 328.4 0.0 0.0 352.2 224.9 0.0 569.0 1661.5 0.0 0.0
**********2022-05-24 22:55:14**********
58752.208 58762.267 0.017 168.047 195.802 
0 5 11
0 0.0 0.0 0.0 0.0 17.6 0.0 0.0 0.0 0.0 0.0 3118.4 0.0
0 1 8 4 12 2
0 612.8 586.6 0 56.2 0 0 0 142.8 0 0 0 1737.7
0 3 9 7 6 10
0 0.0 0.0 328.4 0.0 0.0 352.2 224.9 0.0 569.0 1661.5 0.0 0.0
**********2022-05-24 22:55:21**********
58752.208 58762.267 0.017 168.047 202.874 
0 5 11
0 0.0 0.0 0.0 0.0 17.6 0.0 0.0 0.0 0.0 0.0 3118.4 0.0
0 1 8 4 12 2
0 612.8 586.6 0 56.2 0 0 0 142.8 0 0 0 1737.7
0 3 9 7 6 10
0 0.0 0.0 328.4 0.0 0.0 352.2 224.9 0.0 569.0 1661.5 0.0 0.0
**********2022-05-24 22:55:27**********
58752.208 58762.267 0.017 168.047 208.29 
0 5 11
0 0.0 0.0 0.0 0.0 17.6 0.0 0.0 0.0 0.0 0.0 3118.4 0.0
0 1 8 4 12 2
0 612.8 586.6 0 56.2 0 0 0 142.8 0 0 0 1737.7
0 3 9 7 6 10
0 0.0 0.0 328.4 0.0 0.0 352.2 224.9 0.0 569.0 1661.5 0.0 0.0
**********2022-05-24 22:55:31**********
58752.217 58762.267 0.017 168.047 213.12 
0 5 11
0 0.0 0.0 0.0 0.0 17.6 0.0 0.0 0.0 0.0 0.0 3118.4 0.0
0 1 8 4 12 2
0 612.8 586.6 0 56.2 0 0 0 142.8 0 0 0 1737.7
0 3 9 7 6 10
0 0.0 0.0 328.4 0.0 0.0 352.2 224.9 0.0 569.0 1661.5 0.0 0.0
**********2022-05-24 22:55:36**********
58752.217 58762.267 0.017 168.047 217.384 
0 5 11
0 0.0 0.0 0.0 0.0 17.6 0.0 0.0 0.0 0.0 0.0 3118.4 0.0
0 1 8 4 12 2
0 612.8 586.6 0 56.2 0 0 0 142.8 0 0 0 1737.7
0 3 9 7 6 10
0 0.0 0.0 328.4 0.0 0.0 352.2 224.9 0.0 569.0 1661.5 0.0 0.0
**********2022-05-24 22:55:40**********
58752.306 58762.267 0.017 168.047 221.685 
0 5 11
0 0.0 0.0 0.0 0.0 17.6 0.0 0.0 0.0 0.0 0.0 3118.4 0.0
0 1 8 4 12 2
0 612.8 586.6 0 56.2 0 0 0 142.8 0 0 0 1737.7
0 3 9 7 6 10
0 0.0 0.0 328.4 0.0 0.0 352.2 224.9 0.0 569.0 1661.5 0.0 0.0
**********2022-05-24 22:55:45**********
58752.306 58762.267 0.017 168.047 226.666 
0 5 11
0 0.0 0.0 0.0 0.0 17.6 0.0 0.0 0.0 0.0 0.0 3118.4 0.0
0 1 8 4 12 2
0 612.8 586.6 0 56.2 0 0 0 142.8 0 0 0 1737.7
0 3 9 7 6 10
0 0.0 0.0 328.4 0.0 0.0 352.2 224.9 0.0 569.0 1661.5 0.0 0.0
**********2022-05-24 22:55:50**********
58752.398 58759.28 0.012 231.28 231.28 
0 11
0 0 0 0 0 0 0 0 0 0 0 3136.0 0
0 6 7 9 3 10
0 0.0 0.0 328.4 0.0 0.0 352.2 224.9 0.0 569.0 1661.5 0.0 0.0
0 4 12 5 1 8 2
0 607.9 581.9 0.0 55.7 25.2 0.0 0.0 141.6 0.0 0.0 0.0 1723.7
**********2022-05-24 22:55:55**********
58752.53 58759.28 0.011 231.28 237.123 
0 11
0 0 0 0 0 0 0 0 0 0 0 3136.0 0
0 6 7 9 3 10
0 0.0 0.0 328.4 0.0 0.0 352.2 224.9 0.0 569.0 1661.5 0.0 0.0
0 4 12 5 1 8 2
0 607.9 581.9 0.0 55.7 25.2 0.0 0.0 141.6 0.0 0.0 0.0 1723.7
**********2022-05-24 22:56:00**********
58752.53 58759.28 0.011 231.28 241.752 
0 11
0 0 0 0 0 0 0 0 0 0 0 3136.0 0
0 6 7 9 3 10
0 0.0 0.0 328.4 0.0 0.0 352.2 224.9 0.0 569.0 1661.5 0.0 0.0
0 4 12 5 1 8 2
0 607.9 581.9 0.0 55.7 25.2 0.0 0.0 141.6 0.0 0.0 0.0 1723.7
**********2022-05-24 22:56:05**********
58752.558 58759.28 0.011 231.28 246.303 
0 11
0 0 0 0 0 0 0 0 0 0 0 3136.0 0
0 6 7 9 3 10
0 0.0 0.0 328.4 0.0 0.0 352.2 224.9 0.0 569.0 1661.5 0.0 0.0
0 4 12 5 1 8 2
0 607.9 581.9 0.0 55.7 25.2 0.0 0.0 141.6 0.0 0.0 0.0 1723.7
**********2022-05-24 22:56:09**********
58752.566 58759.28 0.011 231.28 250.663 
0 11
0 0 0 0 0 0 0 0 0 0 0 3136.0 0
0 6 7 9 3 10
0 0.0 0.0 328.4 0.0 0.0 352.2 224.9 0.0 569.0 1661.5 0.0 0.0
0 4 12 5 1 8 2
0 607.9 581.9 0.0 55.7 25.2 0.0 0.0 141.6 0.0 0.0 0.0 1723.7
**********2022-05-24 22:56:13**********
58752.566 58759.28 0.011 231.28 254.833 
0 11
0 0 0 0 0 0 0 0 0 0 0 3136.0 0
0 6 7 9 3 10
0 0.0 0.0 328.4 0.0 0.0 352.2 224.9 0.0 569.0 1661.5 0.0 0.0
0 4 12 5 1 8 2
0 607.9 581.9 0.0 55.7 25.2 0.0 0.0 141.6 0.0 0.0 0.0 1723.7
**********2022-05-24 22:56:18**********
58752.566 58759.28 0.011 231.28 259.72 
0 11
0 0 0 0 0 0 0 0 0 0 0 3136.0 0
0 6 7 9 3 10
0 0.0 0.0 328.4 0.0 0.0 352.2 224.9 0.0 569.0 1661.5 0.0 0.0
0 4 12 5 1 8 2
0 607.9 581.9 0.0 55.7 25.2 0.0 0.0 141.6 0.0 0.0 0.0 1723.7
**********2022-05-24 22:56:23**********
58752.567 58759.28 0.011 231.28 264.977 
0 11
0 0 0 0 0 0 0 0 0 0 0 3136.0 0
0 6 7 9 3 10
0 0.0 0.0 328.4 0.0 0.0 352.2 224.9 0.0 569.0 1661.5 0.0 0.0
0 4 12 5 1 8 2
0 607.9 581.9 0.0 55.7 25.2 0.0 0.0 141.6 0.0 0.0 0.0 1723.7
**********2022-05-24 22:56:27**********
58752.642 58759.28 0.011 231.28 268.78 
0 11
0 0 0 0 0 0 0 0 0 0 0 3136.0 0
0 6 7 9 3 10
0 0.0 0.0 328.4 0.0 0.0 352.2 224.9 0.0 569.0 1661.5 0.0 0.0
0 4 12 5 1 8 2
0 607.9 581.9 0.0 55.7 25.2 0.0 0.0 141.6 0.0 0.0 0.0 1723.7
**********2022-05-24 22:56:31**********
58752.642 58759.28 0.011 231.28 272.641 
0 11
0 0 0 0 0 0 0 0 0 0 0 3136.0 0
0 6 7 9 3 10
0 0.0 0.0 328.4 0.0 0.0 352.2 224.9 0.0 569.0 1661.5 0.0 0.0
0 4 12 5 1 8 2
0 607.9 581.9 0.0 55.7 25.2 0.0 0.0 141.6 0.0 0.0 0.0 1723.7
**********2022-05-24 22:56:35**********
58752.643 58759.28 0.011 277.181 277.181 
0 11
0 0 0 0 0 0 0 0 0 0 0 3136.0 0
0 6 7 9 3 10
0 0.0 0.0 328.4 0.0 0.0 352.2 224.9 0.0 569.0 1661.5 0.0 0.0
0 4 12 5 1 8 2
0 607.9 581.9 0 55.7 25.2 0 0 141.6 0 0 0 1723.7
**********2022-05-24 22:56:40**********
58752.647 58759.28 0.011 277.181 282.179 
0 11
0 0 0 0 0 0 0 0 0 0 0 3136.0 0
0 6 7 9 3 10
0 0.0 0.0 328.4 0.0 0.0 352.2 224.9 0.0 569.0 1661.5 0.0 0.0
0 4 12 5 1 8 2
0 607.9 581.9 0 55.7 25.2 0 0 141.6 0 0 0 1723.7
**********2022-05-24 22:56:47**********
58752.647 58759.28 0.011 277.181 288.619 
0 11
0 0 0 0 0 0 0 0 0 0 0 3136.0 0
0 6 7 9 3 10
0 0.0 0.0 328.4 0.0 0.0 352.2 224.9 0.0 569.0 1661.5 0.0 0.0
0 4 12 5 1 8 2
0 607.9 581.9 0 55.7 25.2 0 0 141.6 0 0 0 1723.7
**********2022-05-24 22:56:52**********
58752.647 58759.28 0.011 277.181 293.372 
0 11
0 0 0 0 0 0 0 0 0 0 0 3136.0 0
0 6 7 9 3 10
0 0.0 0.0 328.4 0.0 0.0 352.2 224.9 0.0 569.0 1661.5 0.0 0.0
0 4 12 5 1 8 2
0 607.9 581.9 0 55.7 25.2 0 0 141.6 0 0 0 1723.7
**********2022-05-24 22:56:57**********
58752.649 58759.28 0.011 277.181 298.655 
0 11
0 0 0 0 0 0 0 0 0 0 0 3136.0 0
0 6 7 9 3 10
0 0.0 0.0 328.4 0.0 0.0 352.2 224.9 0.0 569.0 1661.5 0.0 0.0
0 4 12 5 1 8 2
0 607.9 581.9 0 55.7 25.2 0 0 141.6 0 0 0 1723.7
**********2022-05-24 22:57:02**********
58752.649 58759.28 0.011 277.181 303.514 
0 11
0 0 0 0 0 0 0 0 0 0 0 3136.0 0
0 6 7 9 3 10
0 0.0 0.0 328.4 0.0 0.0 352.2 224.9 0.0 569.0 1661.5 0.0 0.0
0 4 12 5 1 8 2
0 607.9 581.9 0 55.7 25.2 0 0 141.6 0 0 0 1723.7
**********2022-05-24 22:57:08**********
58752.649 58759.28 0.011 277.181 309.225 
0 11
0 0 0 0 0 0 0 0 0 0 0 3136.0 0
0 6 7 9 3 10
0 0.0 0.0 328.4 0.0 0.0 352.2 224.9 0.0 569.0 1661.5 0.0 0.0
0 4 12 5 1 8 2
0 607.9 581.9 0 55.7 25.2 0 0 141.6 0 0 0 1723.7
**********2022-05-24 22:57:12**********
58752.649 58759.28 0.011 277.181 313.347 
0 11
0 0 0 0 0 0 0 0 0 0 0 3136.0 0
0 6 7 9 3 10
0 0.0 0.0 328.4 0.0 0.0 352.2 224.9 0.0 569.0 1661.5 0.0 0.0
0 4 12 5 1 8 2
0 607.9 581.9 0 55.7 25.2 0 0 141.6 0 0 0 1723.7
**********2022-05-24 22:57:15**********
58752.67 58759.28 0.011 277.181 317.175 
0 11
0 0 0 0 0 0 0 0 0 0 0 3136.0 0
0 6 7 9 3 10
0 0.0 0.0 328.4 0.0 0.0 352.2 224.9 0.0 569.0 1661.5 0.0 0.0
0 4 12 5 1 8 2
0 607.9 581.9 0 55.7 25.2 0 0 141.6 0 0 0 1723.7
**********2022-05-24 22:57:22**********
58752.67 58759.28 0.011 277.181 323.379 
0 11
0 0 0 0 0 0 0 0 0 0 0 3136.0 0
0 6 7 9 3 10
0 0.0 0.0 328.4 0.0 0.0 352.2 224.9 0.0 569.0 1661.5 0.0 0.0
0 4 12 5 1 8 2
0 607.9 581.9 0 55.7 25.2 0 0 141.6 0 0 0 1723.7
**********2022-05-24 22:57:28**********
58752.67 58759.28 0.011 277.181 329.487 
0 11
0 0 0 0 0 0 0 0 0 0 0 3136.0 0
0 6 7 9 3 10
0 0.0 0.0 328.4 0.0 0.0 352.2 224.9 0.0 569.0 1661.5 0.0 0.0
0 4 12 5 1 8 2
0 607.9 581.9 0 55.7 25.2 0 0 141.6 0 0 0 1723.7
**********2022-05-24 22:57:33**********
58752.67 58759.28 0.011 277.181 334.341 
0 11
0 0 0 0 0 0 0 0 0 0 0 3136.0 0
0 6 7 9 3 10
0 0.0 0.0 328.4 0.0 0.0 352.2 224.9 0.0 569.0 1661.5 0.0 0.0
0 4 12 5 1 8 2
0 607.9 581.9 0 55.7 25.2 0 0 141.6 0 0 0 1723.7
**********2022-05-24 22:57:38**********
58752.67 58759.28 0.011 277.181 340.108 
0 11
0 0 0 0 0 0 0 0 0 0 0 3136.0 0
0 6 7 9 3 10
0 0.0 0.0 328.4 0.0 0.0 352.2 224.9 0.0 569.0 1661.5 0.0 0.0
0 4 12 5 1 8 2
0 607.9 581.9 0 55.7 25.2 0 0 141.6 0 0 0 1723.7
**********2022-05-24 22:57:43**********
58752.67 58759.28 0.011 277.181 345.024 
0 11
0 0 0 0 0 0 0 0 0 0 0 3136.0 0
0 6 7 9 3 10
0 0.0 0.0 328.4 0.0 0.0 352.2 224.9 0.0 569.0 1661.5 0.0 0.0
0 4 12 5 1 8 2
0 607.9 581.9 0 55.7 25.2 0 0 141.6 0 0 0 1723.7
**********2022-05-24 22:57:49**********
58752.756 58759.28 0.011 277.181 350.288 
0 11
0 0 0 0 0 0 0 0 0 0 0 3136.0 0
0 6 7 9 3 10
0 0.0 0.0 328.4 0.0 0.0 352.2 224.9 0.0 569.0 1661.5 0.0 0.0
0 4 12 5 1 8 2
0 607.9 581.9 0 55.7 25.2 0 0 141.6 0 0 0 1723.7
**********2022-05-24 22:57:52**********
58752.869 58759.28 0.011 277.181 353.909 
0 11
0 0 0 0 0 0 0 0 0 0 0 3136.0 0
0 6 7 9 3 10
0 0.0 0.0 328.4 0.0 0.0 352.2 224.9 0.0 569.0 1661.5 0.0 0.0
0 4 12 5 1 8 2
0 607.9 581.9 0 55.7 25.2 0 0 141.6 0 0 0 1723.7
**********2022-05-24 22:57:57**********
58752.869 58759.28 0.011 277.181 358.483 
0 11
0 0 0 0 0 0 0 0 0 0 0 3136.0 0
0 6 7 9 3 10
0 0.0 0.0 328.4 0.0 0.0 352.2 224.9 0.0 569.0 1661.5 0.0 0.0
0 4 12 5 1 8 2
0 607.9 581.9 0 55.7 25.2 0 0 141.6 0 0 0 1723.7
**********2022-05-24 22:58:01**********
58752.869 58759.28 0.011 277.181 363.124 
0 11
0 0 0 0 0 0 0 0 0 0 0 3136.0 0
0 6 7 9 3 10
0 0.0 0.0 328.4 0.0 0.0 352.2 224.9 0.0 569.0 1661.5 0.0 0.0
0 4 12 5 1 8 2
0 607.9 581.9 0 55.7 25.2 0 0 141.6 0 0 0 1723.7
**********2022-05-24 22:58:06**********
58752.869 58759.28 0.011 277.181 367.888 
0 11
0 0 0 0 0 0 0 0 0 0 0 3136.0 0
0 6 7 9 3 10
0 0.0 0.0 328.4 0.0 0.0 352.2 224.9 0.0 569.0 1661.5 0.0 0.0
0 4 12 5 1 8 2
0 607.9 581.9 0 55.7 25.2 0 0 141.6 0 0 0 1723.7
**********2022-05-24 22:58:10**********
58752.869 58759.28 0.011 277.181 372.005 
0 11
0 0 0 0 0 0 0 0 0 0 0 3136.0 0
0 6 7 9 3 10
0 0.0 0.0 328.4 0.0 0.0 352.2 224.9 0.0 569.0 1661.5 0.0 0.0
0 4 12 5 1 8 2
0 607.9 581.9 0 55.7 25.2 0 0 141.6 0 0 0 1723.7
**********2022-05-24 22:58:16**********
58752.869 58759.28 0.011 277.181 377.887 
0 11
0 0 0 0 0 0 0 0 0 0 0 3136.0 0
0 6 7 9 3 10
0 0.0 0.0 328.4 0.0 0.0 352.2 224.9 0.0 569.0 1661.5 0.0 0.0
0 4 12 5 1 8 2
0 607.9 581.9 0 55.7 25.2 0 0 141.6 0 0 0 1723.7
**********2022-05-24 22:58:22**********
58752.947 58759.28 0.011 277.181 383.331 
0 11
0 0 0 0 0 0 0 0 0 0 0 3136.0 0
0 6 7 9 3 10
0 0.0 0.0 328.4 0.0 0.0 352.2 224.9 0.0 569.0 1661.5 0.0 0.0
0 4 12 5 1 8 2
0 607.9 581.9 0 55.7 25.2 0 0 141.6 0 0 0 1723.7
**********2022-05-24 22:58:27**********
58752.947 58759.28 0.011 277.181 389.186 
0 11
0 0 0 0 0 0 0 0 0 0 0 3136.0 0
0 6 7 9 3 10
0 0.0 0.0 328.4 0.0 0.0 352.2 224.9 0.0 569.0 1661.5 0.0 0.0
0 4 12 5 1 8 2
0 607.9 581.9 0 55.7 25.2 0 0 141.6 0 0 0 1723.7
**********2022-05-24 22:58:35**********
58752.947 58759.28 0.011 277.181 396.531 
0 11
0 0 0 0 0 0 0 0 0 0 0 3136.0 0
0 6 7 9 3 10
0 0.0 0.0 328.4 0.0 0.0 352.2 224.9 0.0 569.0 1661.5 0.0 0.0
0 4 12 5 1 8 2
0 607.9 581.9 0 55.7 25.2 0 0 141.6 0 0 0 1723.7
**********2022-05-24 22:58:41**********
58752.947 58759.28 0.011 277.181 402.505 
0 11
0 0 0 0 0 0 0 0 0 0 0 3136.0 0
0 6 7 9 3 10
0 0.0 0.0 328.4 0.0 0.0 352.2 224.9 0.0 569.0 1661.5 0.0 0.0
0 4 12 5 1 8 2
0 607.9 581.9 0 55.7 25.2 0 0 141.6 0 0 0 1723.7
**********2022-05-24 22:58:45**********
58753.03 58759.28 0.011 277.181 407.117 
0 11
0 0 0 0 0 0 0 0 0 0 0 3136.0 0
0 6 7 9 3 10
0 0.0 0.0 328.4 0.0 0.0 352.2 224.9 0.0 569.0 1661.5 0.0 0.0
0 4 12 5 1 8 2
0 607.9 581.9 0 55.7 25.2 0 0 141.6 0 0 0 1723.7
**********2022-05-24 22:58:51**********
58753.124 58759.28 0.01 277.181 412.533 
0 11
0 0 0 0 0 0 0 0 0 0 0 3136.0 0
0 6 7 9 3 10
0 0.0 0.0 328.4 0.0 0.0 352.2 224.9 0.0 569.0 1661.5 0.0 0.0
0 4 12 5 1 8 2
0 607.9 581.9 0 55.7 25.2 0 0 141.6 0 0 0 1723.7
**********2022-05-24 22:58:55**********
58753.161 58759.28 0.01 277.181 417.186 
0 11
0 0 0 0 0 0 0 0 0 0 0 3136.0 0
0 6 7 9 3 10
0 0.0 0.0 328.4 0.0 0.0 352.2 224.9 0.0 569.0 1661.5 0.0 0.0
0 4 12 5 1 8 2
0 607.9 581.9 0 55.7 25.2 0 0 141.6 0 0 0 1723.7
**********2022-05-24 22:58:57**********
58753.161 58759.28 0.01 277.181 418.35 
0 11
0 0 0 0 0 0 0 0 0 0 0 3136.0 0
0 6 7 9 3 10
0 0.0 0.0 328.4 0.0 0.0 352.2 224.9 0.0 569.0 1661.5 0.0 0.0
0 4 12 5 1 8 2
0 607.9 581.9 0 55.7 25.2 0 0 141.6 0 0 0 1723.7
**********2022-05-24 22:58:59**********
58753.161 58759.28 0.01 277.181 421.063 
0 11
0 0 0 0 0 0 0 0 0 0 0 3136.0 0
0 6 7 9 3 10
0 0.0 0.0 328.4 0.0 0.0 352.2 224.9 0.0 569.0 1661.5 0.0 0.0
0 4 12 5 1 8 2
0 607.9 581.9 0 55.7 25.2 0 0 141.6 0 0 0 1723.7
**********2022-05-24 22:59:01**********
58753.161 58759.28 0.01 277.181 422.194 
0 11
0 0 0 0 0 0 0 0 0 0 0 3136.0 0
0 6 7 9 3 10
0 0.0 0.0 328.4 0.0 0.0 352.2 224.9 0.0 569.0 1661.5 0.0 0.0
0 4 12 5 1 8 2
0 607.9 581.9 0 55.7 25.2 0 0 141.6 0 0 0 1723.7
**********2022-05-24 22:59:04**********
58753.166 58759.28 0.01 277.181 425.408 
0 11
0 0 0 0 0 0 0 0 0 0 0 3136.0 0
0 6 7 9 3 10
0 0.0 0.0 328.4 0.0 0.0 352.2 224.9 0.0 569.0 1661.5 0.0 0.0
0 4 12 5 1 8 2
0 607.9 581.9 0 55.7 25.2 0 0 141.6 0 0 0 1723.7
**********2022-05-24 22:59:10**********
58753.169 58759.28 0.01 277.181 431.45 
0 11
0 0 0 0 0 0 0 0 0 0 0 3136.0 0
0 6 7 9 3 10
0 0.0 0.0 328.4 0.0 0.0 352.2 224.9 0.0 569.0 1661.5 0.0 0.0
0 4 12 5 1 8 2
0 607.9 581.9 0 55.7 25.2 0 0 141.6 0 0 0 1723.7
**********2022-05-24 22:59:15**********
58753.169 58759.28 0.01 277.181 437.086 
0 11
0 0 0 0 0 0 0 0 0 0 0 3136.0 0
0 6 7 9 3 10
0 0.0 0.0 328.4 0.0 0.0 352.2 224.9 0.0 569.0 1661.5 0.0 0.0
0 4 12 5 1 8 2
0 607.9 581.9 0 55.7 25.2 0 0 141.6 0 0 0 1723.7
**********2022-05-24 22:59:21**********
58753.169 58759.28 0.01 277.181 443.156 
0 11
0 0 0 0 0 0 0 0 0 0 0 3136.0 0
0 6 7 9 3 10
0 0.0 0.0 328.4 0.0 0.0 352.2 224.9 0.0 569.0 1661.5 0.0 0.0
0 4 12 5 1 8 2
0 607.9 581.9 0 55.7 25.2 0 0 141.6 0 0 0 1723.7
**********2022-05-24 22:59:30**********
58753.169 58759.28 0.01 277.181 451.223 
0 11
0 0 0 0 0 0 0 0 0 0 0 3136.0 0
0 6 7 9 3 10
0 0.0 0.0 328.4 0.0 0.0 352.2 224.9 0.0 569.0 1661.5 0.0 0.0
0 4 12 5 1 8 2
0 607.9 581.9 0 55.7 25.2 0 0 141.6 0 0 0 1723.7
**********2022-05-24 22:59:35**********
58753.169 58759.28 0.01 277.181 457.153 
0 11
0 0 0 0 0 0 0 0 0 0 0 3136.0 0
0 6 7 9 3 10
0 0.0 0.0 328.4 0.0 0.0 352.2 224.9 0.0 569.0 1661.5 0.0 0.0
0 4 12 5 1 8 2
0 607.9 581.9 0 55.7 25.2 0 0 141.6 0 0 0 1723.7
**********2022-05-24 22:59:40**********
58753.169 58759.28 0.01 277.181 461.999 
0 11
0 0 0 0 0 0 0 0 0 0 0 3136.0 0
0 6 7 9 3 10
0 0.0 0.0 328.4 0.0 0.0 352.2 224.9 0.0 569.0 1661.5 0.0 0.0
0 4 12 5 1 8 2
0 607.9 581.9 0 55.7 25.2 0 0 141.6 0 0 0 1723.7
**********2022-05-24 22:59:48**********
58753.182 58759.28 0.01 277.181 469.2 
0 11
0 0 0 0 0 0 0 0 0 0 0 3136.0 0
0 6 7 9 3 10
0 0.0 0.0 328.4 0.0 0.0 352.2 224.9 0.0 569.0 1661.5 0.0 0.0
0 4 12 5 1 8 2
0 607.9 581.9 0 55.7 25.2 0 0 141.6 0 0 0 1723.7
**********2022-05-24 22:59:51**********
58753.182 58759.28 0.01 277.181 473.173 
0 11
0 0 0 0 0 0 0 0 0 0 0 3136.0 0
0 6 7 9 3 10
0 0.0 0.0 328.4 0.0 0.0 352.2 224.9 0.0 569.0 1661.5 0.0 0.0
0 4 12 5 1 8 2
0 607.9 581.9 0 55.7 25.2 0 0 141.6 0 0 0 1723.7
**********2022-05-24 22:59:57**********
58753.182 58759.28 0.01 277.181 478.828 
0 11
0 0 0 0 0 0 0 0 0 0 0 3136.0 0
0 6 7 9 3 10
0 0.0 0.0 328.4 0.0 0.0 352.2 224.9 0.0 569.0 1661.5 0.0 0.0
0 4 12 5 1 8 2
0 607.9 581.9 0 55.7 25.2 0 0 141.6 0 0 0 1723.7
**********2022-05-24 23:00:03**********
58753.182 58759.28 0.01 277.181 484.943 
0 11
0 0 0 0 0 0 0 0 0 0 0 3136.0 0
0 6 7 9 3 10
0 0.0 0.0 328.4 0.0 0.0 352.2 224.9 0.0 569.0 1661.5 0.0 0.0
0 4 12 5 1 8 2
0 607.9 581.9 0 55.7 25.2 0 0 141.6 0 0 0 1723.7
**********2022-05-24 23:00:09**********
58753.182 58759.28 0.01 277.181 490.376 
0 11
0 0 0 0 0 0 0 0 0 0 0 3136.0 0
0 6 7 9 3 10
0 0.0 0.0 328.4 0.0 0.0 352.2 224.9 0.0 569.0 1661.5 0.0 0.0
0 4 12 5 1 8 2
0 607.9 581.9 0 55.7 25.2 0 0 141.6 0 0 0 1723.7
**********2022-05-24 23:00:13**********
58753.271 58759.28 0.01 277.181 494.803 
0 11
0 0 0 0 0 0 0 0 0 0 0 3136.0 0
0 6 7 9 3 10
0 0.0 0.0 328.4 0.0 0.0 352.2 224.9 0.0 569.0 1661.5 0.0 0.0
0 4 12 5 1 8 2
0 607.9 581.9 0 55.7 25.2 0 0 141.6 0 0 0 1723.7
**********2022-05-24 23:00:21**********
58753.271 58759.28 0.01 277.181 502.634 
0 11
0 0 0 0 0 0 0 0 0 0 0 3136.0 0
0 6 7 9 3 10
0 0.0 0.0 328.4 0.0 0.0 352.2 224.9 0.0 569.0 1661.5 0.0 0.0
0 4 12 5 1 8 2
0 607.9 581.9 0 55.7 25.2 0 0 141.6 0 0 0 1723.7
**********2022-05-24 23:00:29**********
58753.271 58759.28 0.01 277.181 510.555 
0 11
0 0 0 0 0 0 0 0 0 0 0 3136.0 0
0 6 7 9 3 10
0 0.0 0.0 328.4 0.0 0.0 352.2 224.9 0.0 569.0 1661.5 0.0 0.0
0 4 12 5 1 8 2
0 607.9 581.9 0 55.7 25.2 0 0 141.6 0 0 0 1723.7
**********2022-05-24 23:00:37**********
58753.271 58759.28 0.01 277.181 518.89 
0 11
0 0 0 0 0 0 0 0 0 0 0 3136.0 0
0 6 7 9 3 10
0 0.0 0.0 328.4 0.0 0.0 352.2 224.9 0.0 569.0 1661.5 0.0 0.0
0 4 12 5 1 8 2
0 607.9 581.9 0 55.7 25.2 0 0 141.6 0 0 0 1723.7
**********2022-05-24 23:00:43**********
58753.337 58759.28 0.01 277.181 524.54 
0 11
0 0 0 0 0 0 0 0 0 0 0 3136.0 0
0 6 7 9 3 10
0 0.0 0.0 328.4 0.0 0.0 352.2 224.9 0.0 569.0 1661.5 0.0 0.0
0 4 12 5 1 8 2
0 607.9 581.9 0 55.7 25.2 0 0 141.6 0 0 0 1723.7
**********2022-05-24 23:00:47**********
58753.348 58759.28 0.01 277.181 529.089 
0 11
0 0 0 0 0 0 0 0 0 0 0 3136.0 0
0 6 7 9 3 10
0 0.0 0.0 328.4 0.0 0.0 352.2 224.9 0.0 569.0 1661.5 0.0 0.0
0 4 12 5 1 8 2
0 607.9 581.9 0 55.7 25.2 0 0 141.6 0 0 0 1723.7
**********2022-05-24 23:00:52**********
58753.348 58759.28 0.01 277.181 533.816 
0 11
0 0 0 0 0 0 0 0 0 0 0 3136.0 0
0 6 7 9 3 10
0 0.0 0.0 328.4 0.0 0.0 352.2 224.9 0.0 569.0 1661.5 0.0 0.0
0 4 12 5 1 8 2
0 607.9 581.9 0 55.7 25.2 0 0 141.6 0 0 0 1723.7
**********2022-05-24 23:00:58**********
58753.432 58759.28 0.01 277.181 539.472 
0 11
0 0 0 0 0 0 0 0 0 0 0 3136.0 0
0 6 7 9 3 10
0 0.0 0.0 328.4 0.0 0.0 352.2 224.9 0.0 569.0 1661.5 0.0 0.0
0 4 12 5 1 8 2
0 607.9 581.9 0 55.7 25.2 0 0 141.6 0 0 0 1723.7
**********2022-05-24 23:01:02**********
58753.432 58759.28 0.01 277.181 543.76 
0 11
0 0 0 0 0 0 0 0 0 0 0 3136.0 0
0 6 7 9 3 10
0 0.0 0.0 328.4 0.0 0.0 352.2 224.9 0.0 569.0 1661.5 0.0 0.0
0 4 12 5 1 8 2
0 607.9 581.9 0 55.7 25.2 0 0 141.6 0 0 0 1723.7
**********2022-05-24 23:01:07**********
58753.438 58759.28 0.01 277.181 548.947 
0 11
0 0 0 0 0 0 0 0 0 0 0 3136.0 0
0 6 7 9 3 10
0 0.0 0.0 328.4 0.0 0.0 352.2 224.9 0.0 569.0 1661.5 0.0 0.0
0 4 12 5 1 8 2
0 607.9 581.9 0 55.7 25.2 0 0 141.6 0 0 0 1723.7
**********2022-05-24 23:01:12**********
58753.445 58759.28 0.01 277.181 553.854 
0 11
0 0 0 0 0 0 0 0 0 0 0 3136.0 0
0 6 7 9 3 10
0 0.0 0.0 328.4 0.0 0.0 352.2 224.9 0.0 569.0 1661.5 0.0 0.0
0 4 12 5 1 8 2
0 607.9 581.9 0 55.7 25.2 0 0 141.6 0 0 0 1723.7
**********2022-05-24 23:01:19**********
58753.445 58759.28 0.01 277.181 560.222 
0 11
0 0 0 0 0 0 0 0 0 0 0 3136.0 0
0 6 7 9 3 10
0 0.0 0.0 328.4 0.0 0.0 352.2 224.9 0.0 569.0 1661.5 0.0 0.0
0 4 12 5 1 8 2
0 607.9 581.9 0 55.7 25.2 0 0 141.6 0 0 0 1723.7
**********2022-05-24 23:01:24**********
58753.445 58759.28 0.01 277.181 566.144 
0 11
0 0 0 0 0 0 0 0 0 0 0 3136.0 0
0 6 7 9 3 10
0 0.0 0.0 328.4 0.0 0.0 352.2 224.9 0.0 569.0 1661.5 0.0 0.0
0 4 12 5 1 8 2
0 607.9 581.9 0 55.7 25.2 0 0 141.6 0 0 0 1723.7
**********2022-05-24 23:01:31**********
58753.46 58759.28 0.01 277.181 572.32 
0 11
0 0 0 0 0 0 0 0 0 0 0 3136.0 0
0 6 7 9 3 10
0 0.0 0.0 328.4 0.0 0.0 352.2 224.9 0.0 569.0 1661.5 0.0 0.0
0 4 12 5 1 8 2
0 607.9 581.9 0 55.7 25.2 0 0 141.6 0 0 0 1723.7
**********2022-05-24 23:01:35**********
58753.46 58759.28 0.01 277.181 577.161 
0 11
0 0 0 0 0 0 0 0 0 0 0 3136.0 0
0 6 7 9 3 10
0 0.0 0.0 328.4 0.0 0.0 352.2 224.9 0.0 569.0 1661.5 0.0 0.0
0 4 12 5 1 8 2
0 607.9 581.9 0 55.7 25.2 0 0 141.6 0 0 0 1723.7
**********2022-05-24 23:01:41**********
58753.46 58759.28 0.01 277.181 582.6 
0 11
0 0 0 0 0 0 0 0 0 0 0 3136.0 0
0 6 7 9 3 10
0 0.0 0.0 328.4 0.0 0.0 352.2 224.9 0.0 569.0 1661.5 0.0 0.0
0 4 12 5 1 8 2
0 607.9 581.9 0 55.7 25.2 0 0 141.6 0 0 0 1723.7
**********2022-05-24 23:01:46**********
58753.46 58759.28 0.01 277.181 587.901 
0 11
0 0 0 0 0 0 0 0 0 0 0 3136.0 0
0 6 7 9 3 10
0 0.0 0.0 328.4 0.0 0.0 352.2 224.9 0.0 569.0 1661.5 0.0 0.0
0 4 12 5 1 8 2
0 607.9 581.9 0 55.7 25.2 0 0 141.6 0 0 0 1723.7
**********2022-05-24 23:01:51**********
58753.466 58759.28 0.01 277.181 592.905 
0 11
0 0 0 0 0 0 0 0 0 0 0 3136.0 0
0 6 7 9 3 10
0 0.0 0.0 328.4 0.0 0.0 352.2 224.9 0.0 569.0 1661.5 0.0 0.0
0 4 12 5 1 8 2
0 607.9 581.9 0 55.7 25.2 0 0 141.6 0 0 0 1723.7
**********2022-05-24 23:01:57**********
58753.466 58759.28 0.01 277.181 598.507 
0 11
0 0 0 0 0 0 0 0 0 0 0 3136.0 0
0 6 7 9 3 10
0 0.0 0.0 328.4 0.0 0.0 352.2 224.9 0.0 569.0 1661.5 0.0 0.0
0 4 12 5 1 8 2
0 607.9 581.9 0 55.7 25.2 0 0 141.6 0 0 0 1723.7
**********2022-05-24 23:02:02**********
58753.472 58759.28 0.01 277.181 603.368 
0 11
0 0 0 0 0 0 0 0 0 0 0 3136.0 0
0 6 7 9 3 10
0 0.0 0.0 328.4 0.0 0.0 352.2 224.9 0.0 569.0 1661.5 0.0 0.0
0 4 12 5 1 8 2
0 607.9 581.9 0 55.7 25.2 0 0 141.6 0 0 0 1723.7
**********2022-05-24 23:02:07**********
58753.472 58759.28 0.01 277.181 608.461 
0 11
0 0 0 0 0 0 0 0 0 0 0 3136.0 0
0 6 7 9 3 10
0 0.0 0.0 328.4 0.0 0.0 352.2 224.9 0.0 569.0 1661.5 0.0 0.0
0 4 12 5 1 8 2
0 607.9 581.9 0 55.7 25.2 0 0 141.6 0 0 0 1723.7
**********2022-05-24 23:02:13**********
58753.505 58759.28 0.01 277.181 614.713 
0 11
0 0 0 0 0 0 0 0 0 0 0 3136.0 0
0 6 7 9 3 10
0 0.0 0.0 328.4 0.0 0.0 352.2 224.9 0.0 569.0 1661.5 0.0 0.0
0 4 12 5 1 8 2
0 607.9 581.9 0 55.7 25.2 0 0 141.6 0 0 0 1723.7
**********2022-05-24 23:02:18**********
58753.505 58759.28 0.01 277.181 619.641 
0 11
0 0 0 0 0 0 0 0 0 0 0 3136.0 0
0 6 7 9 3 10
0 0.0 0.0 328.4 0.0 0.0 352.2 224.9 0.0 569.0 1661.5 0.0 0.0
0 4 12 5 1 8 2
0 607.9 581.9 0 55.7 25.2 0 0 141.6 0 0 0 1723.7
**********2022-05-24 23:02:23**********
58753.505 58759.28 0.01 277.181 624.392 
0 11
0 0 0 0 0 0 0 0 0 0 0 3136.0 0
0 6 7 9 3 10
0 0.0 0.0 328.4 0.0 0.0 352.2 224.9 0.0 569.0 1661.5 0.0 0.0
0 4 12 5 1 8 2
0 607.9 581.9 0 55.7 25.2 0 0 141.6 0 0 0 1723.7
**********2022-05-24 23:02:27**********
58753.527 58759.28 0.01 277.181 628.254 
0 11
0 0 0 0 0 0 0 0 0 0 0 3136.0 0
0 6 7 9 3 10
0 0.0 0.0 328.4 0.0 0.0 352.2 224.9 0.0 569.0 1661.5 0.0 0.0
0 4 12 5 1 8 2
0 607.9 581.9 0 55.7 25.2 0 0 141.6 0 0 0 1723.7
**********2022-05-24 23:02:31**********
58753.527 58759.28 0.01 277.181 632.779 
0 11
0 0 0 0 0 0 0 0 0 0 0 3136.0 0
0 6 7 9 3 10
0 0.0 0.0 328.4 0.0 0.0 352.2 224.9 0.0 569.0 1661.5 0.0 0.0
0 4 12 5 1 8 2
0 607.9 581.9 0 55.7 25.2 0 0 141.6 0 0 0 1723.7
**********2022-05-24 23:02:36**********
58753.527 58759.28 0.01 277.181 637.931 
0 11
0 0 0 0 0 0 0 0 0 0 0 3136.0 0
0 6 7 9 3 10
0 0.0 0.0 328.4 0.0 0.0 352.2 224.9 0.0 569.0 1661.5 0.0 0.0
0 4 12 5 1 8 2
0 607.9 581.9 0 55.7 25.2 0 0 141.6 0 0 0 1723.7
**********2022-05-24 23:02:42**********
58753.527 58759.28 0.01 277.181 643.349 
0 11
0 0 0 0 0 0 0 0 0 0 0 3136.0 0
0 6 7 9 3 10
0 0.0 0.0 328.4 0.0 0.0 352.2 224.9 0.0 569.0 1661.5 0.0 0.0
0 4 12 5 1 8 2
0 607.9 581.9 0 55.7 25.2 0 0 141.6 0 0 0 1723.7
**********2022-05-24 23:02:46**********
58753.527 58759.28 0.01 277.181 647.852 
0 11
0 0 0 0 0 0 0 0 0 0 0 3136.0 0
0 6 7 9 3 10
0 0.0 0.0 328.4 0.0 0.0 352.2 224.9 0.0 569.0 1661.5 0.0 0.0
0 4 12 5 1 8 2
0 607.9 581.9 0 55.7 25.2 0 0 141.6 0 0 0 1723.7
**********2022-05-24 23:02:52**********
58753.557 58759.28 0.01 277.181 653.604 
0 11
0 0 0 0 0 0 0 0 0 0 0 3136.0 0
0 6 7 9 3 10
0 0.0 0.0 328.4 0.0 0.0 352.2 224.9 0.0 569.0 1661.5 0.0 0.0
0 4 12 5 1 8 2
0 607.9 581.9 0 55.7 25.2 0 0 141.6 0 0 0 1723.7
**********2022-05-24 23:02:56**********
58753.649 58759.28 0.01 277.181 657.82 
0 11
0 0 0 0 0 0 0 0 0 0 0 3136.0 0
0 6 7 9 3 10
0 0.0 0.0 328.4 0.0 0.0 352.2 224.9 0.0 569.0 1661.5 0.0 0.0
0 4 12 5 1 8 2
0 607.9 581.9 0 55.7 25.2 0 0 141.6 0 0 0 1723.7
**********2022-05-24 23:03:01**********
58753.663 58759.28 0.01 277.181 663.183 
0 11
0 0 0 0 0 0 0 0 0 0 0 3136.0 0
0 6 7 9 3 10
0 0.0 0.0 328.4 0.0 0.0 352.2 224.9 0.0 569.0 1661.5 0.0 0.0
0 4 12 5 1 8 2
0 607.9 581.9 0 55.7 25.2 0 0 141.6 0 0 0 1723.7
**********2022-05-24 23:03:08**********
58753.67 58759.28 0.01 277.181 670.176 
0 11
0 0 0 0 0 0 0 0 0 0 0 3136.0 0
0 6 7 9 3 10
0 0.0 0.0 328.4 0.0 0.0 352.2 224.9 0.0 569.0 1661.5 0.0 0.0
0 4 12 5 1 8 2
0 607.9 581.9 0 55.7 25.2 0 0 141.6 0 0 0 1723.7
**********2022-05-24 23:03:13**********
58753.67 58759.28 0.01 277.181 674.213 
0 11
0 0 0 0 0 0 0 0 0 0 0 3136.0 0
0 6 7 9 3 10
0 0.0 0.0 328.4 0.0 0.0 352.2 224.9 0.0 569.0 1661.5 0.0 0.0
0 4 12 5 1 8 2
0 607.9 581.9 0 55.7 25.2 0 0 141.6 0 0 0 1723.7
**********2022-05-24 23:03:16**********
58753.718 58759.28 0.009 277.181 677.934 
0 11
0 0 0 0 0 0 0 0 0 0 0 3136.0 0
0 6 7 9 3 10
0 0.0 0.0 328.4 0.0 0.0 352.2 224.9 0.0 569.0 1661.5 0.0 0.0
0 4 12 5 1 8 2
0 607.9 581.9 0 55.7 25.2 0 0 141.6 0 0 0 1723.7
**********2022-05-24 23:03:21**********
58753.718 58759.28 0.009 277.181 683.001 
0 11
0 0 0 0 0 0 0 0 0 0 0 3136.0 0
0 6 7 9 3 10
0 0.0 0.0 328.4 0.0 0.0 352.2 224.9 0.0 569.0 1661.5 0.0 0.0
0 4 12 5 1 8 2
0 607.9 581.9 0 55.7 25.2 0 0 141.6 0 0 0 1723.7
**********2022-05-24 23:03:25**********
58753.804 58759.28 0.009 277.181 686.455 
0 11
0 0 0 0 0 0 0 0 0 0 0 3136.0 0
0 6 7 9 3 10
0 0.0 0.0 328.4 0.0 0.0 352.2 224.9 0.0 569.0 1661.5 0.0 0.0
0 4 12 5 1 8 2
0 607.9 581.9 0 55.7 25.2 0 0 141.6 0 0 0 1723.7
**********2022-05-24 23:03:30**********
58753.891 58759.28 0.009 277.181 691.326 
0 11
0 0 0 0 0 0 0 0 0 0 0 3136.0 0
0 6 7 9 3 10
0 0.0 0.0 328.4 0.0 0.0 352.2 224.9 0.0 569.0 1661.5 0.0 0.0
0 4 12 5 1 8 2
0 607.9 581.9 0 55.7 25.2 0 0 141.6 0 0 0 1723.7
**********2022-05-24 23:03:36**********
58753.891 58759.28 0.009 277.181 697.297 
0 11
0 0 0 0 0 0 0 0 0 0 0 3136.0 0
0 6 7 9 3 10
0 0.0 0.0 328.4 0.0 0.0 352.2 224.9 0.0 569.0 1661.5 0.0 0.0
0 4 12 5 1 8 2
0 607.9 581.9 0 55.7 25.2 0 0 141.6 0 0 0 1723.7
**********2022-05-24 23:03:43**********
58753.891 58759.28 0.009 277.181 704.257 
0 11
0 0 0 0 0 0 0 0 0 0 0 3136.0 0
0 6 7 9 3 10
0 0.0 0.0 328.4 0.0 0.0 352.2 224.9 0.0 569.0 1661.5 0.0 0.0
0 4 12 5 1 8 2
0 607.9 581.9 0 55.7 25.2 0 0 141.6 0 0 0 1723.7
**********2022-05-24 23:03:51**********
58753.906 58759.28 0.009 277.181 712.594 
0 11
0 0 0 0 0 0 0 0 0 0 0 3136.0 0
0 6 7 9 3 10
0 0.0 0.0 328.4 0.0 0.0 352.2 224.9 0.0 569.0 1661.5 0.0 0.0
0 4 12 5 1 8 2
0 607.9 581.9 0 55.7 25.2 0 0 141.6 0 0 0 1723.7
**********2022-05-24 23:03:55**********
58753.906 58759.28 0.009 277.181 716.191 
0 11
0 0 0 0 0 0 0 0 0 0 0 3136.0 0
0 6 7 9 3 10
0 0.0 0.0 328.4 0.0 0.0 352.2 224.9 0.0 569.0 1661.5 0.0 0.0
0 4 12 5 1 8 2
0 607.9 581.9 0 55.7 25.2 0 0 141.6 0 0 0 1723.7
**********2022-05-24 23:03:57**********
58753.926 58759.28 0.009 277.181 718.924 
0 11
0 0 0 0 0 0 0 0 0 0 0 3136.0 0
0 6 7 9 3 10
0 0.0 0.0 328.4 0.0 0.0 352.2 224.9 0.0 569.0 1661.5 0.0 0.0
0 4 12 5 1 8 2
0 607.9 581.9 0 55.7 25.2 0 0 141.6 0 0 0 1723.7
**********2022-05-24 23:03:58**********
58753.926 58759.28 0.009 277.181 720.142 
0 11
0 0 0 0 0 0 0 0 0 0 0 3136.0 0
0 6 7 9 3 10
0 0.0 0.0 328.4 0.0 0.0 352.2 224.9 0.0 569.0 1661.5 0.0 0.0
0 4 12 5 1 8 2
0 607.9 581.9 0 55.7 25.2 0 0 141.6 0 0 0 1723.7
**********2022-05-24 23:04:03**********
58753.926 58759.28 0.009 277.181 724.713 
0 11
0 0 0 0 0 0 0 0 0 0 0 3136.0 0
0 6 7 9 3 10
0 0.0 0.0 328.4 0.0 0.0 352.2 224.9 0.0 569.0 1661.5 0.0 0.0
0 4 12 5 1 8 2
0 607.9 581.9 0 55.7 25.2 0 0 141.6 0 0 0 1723.7
**********2022-05-24 23:04:07**********
58753.926 58759.28 0.009 277.181 729.169 
0 11
0 0 0 0 0 0 0 0 0 0 0 3136.0 0
0 6 7 9 3 10
0 0.0 0.0 328.4 0.0 0.0 352.2 224.9 0.0 569.0 1661.5 0.0 0.0
0 4 12 5 1 8 2
0 607.9 581.9 0 55.7 25.2 0 0 141.6 0 0 0 1723.7
**********2022-05-24 23:04:11**********
58753.926 58759.28 0.009 277.181 732.823 
0 11
0 0 0 0 0 0 0 0 0 0 0 3136.0 0
0 6 7 9 3 10
0 0.0 0.0 328.4 0.0 0.0 352.2 224.9 0.0 569.0 1661.5 0.0 0.0
0 4 12 5 1 8 2
0 607.9 581.9 0 55.7 25.2 0 0 141.6 0 0 0 1723.7
**********2022-05-24 23:04:15**********
58753.926 58759.28 0.009 277.181 736.46 
0 11
0 0 0 0 0 0 0 0 0 0 0 3136.0 0
0 6 7 9 3 10
0 0.0 0.0 328.4 0.0 0.0 352.2 224.9 0.0 569.0 1661.5 0.0 0.0
0 4 12 5 1 8 2
0 607.9 581.9 0 55.7 25.2 0 0 141.6 0 0 0 1723.7
**********2022-05-24 23:04:19**********
58753.926 58759.28 0.009 277.181 741.163 
0 11
0 0 0 0 0 0 0 0 0 0 0 3136.0 0
0 6 7 9 3 10
0 0.0 0.0 328.4 0.0 0.0 352.2 224.9 0.0 569.0 1661.5 0.0 0.0
0 4 12 5 1 8 2
0 607.9 581.9 0 55.7 25.2 0 0 141.6 0 0 0 1723.7
**********2022-05-24 23:04:24**********
58753.926 58759.28 0.009 277.181 745.475 
0 11
0 0 0 0 0 0 0 0 0 0 0 3136.0 0
0 6 7 9 3 10
0 0.0 0.0 328.4 0.0 0.0 352.2 224.9 0.0 569.0 1661.5 0.0 0.0
0 4 12 5 1 8 2
0 607.9 581.9 0 55.7 25.2 0 0 141.6 0 0 0 1723.7
**********2022-05-24 23:04:30**********
58753.926 58759.28 0.009 277.181 751.416 
0 11
0 0 0 0 0 0 0 0 0 0 0 3136.0 0
0 6 7 9 3 10
0 0.0 0.0 328.4 0.0 0.0 352.2 224.9 0.0 569.0 1661.5 0.0 0.0
0 4 12 5 1 8 2
0 607.9 581.9 0 55.7 25.2 0 0 141.6 0 0 0 1723.7
**********2022-05-24 23:04:34**********
58753.96 58759.28 0.009 277.181 755.274 
0 11
0 0 0 0 0 0 0 0 0 0 0 3136.0 0
0 6 7 9 3 10
0 0.0 0.0 328.4 0.0 0.0 352.2 224.9 0.0 569.0 1661.5 0.0 0.0
0 4 12 5 1 8 2
0 607.9 581.9 0 55.7 25.2 0 0 141.6 0 0 0 1723.7
**********2022-05-24 23:04:39**********
58753.96 58759.28 0.009 277.181 760.473 
0 11
0 0 0 0 0 0 0 0 0 0 0 3136.0 0
0 6 7 9 3 10
0 0.0 0.0 328.4 0.0 0.0 352.2 224.9 0.0 569.0 1661.5 0.0 0.0
0 4 12 5 1 8 2
0 607.9 581.9 0 55.7 25.2 0 0 141.6 0 0 0 1723.7
**********2022-05-24 23:04:45**********
58753.961 58759.28 0.009 277.181 766.382 
0 11
0 0 0 0 0 0 0 0 0 0 0 3136.0 0
0 6 7 9 3 10
0 0.0 0.0 328.4 0.0 0.0 352.2 224.9 0.0 569.0 1661.5 0.0 0.0
0 4 12 5 1 8 2
0 607.9 581.9 0 55.7 25.2 0 0 141.6 0 0 0 1723.7
**********2022-05-24 23:04:50**********
58753.98 58759.28 0.009 277.181 771.534 
0 11
0 0 0 0 0 0 0 0 0 0 0 3136.0 0
0 6 7 9 3 10
0 0.0 0.0 328.4 0.0 0.0 352.2 224.9 0.0 569.0 1661.5 0.0 0.0
0 4 12 5 1 8 2
0 607.9 581.9 0 55.7 25.2 0 0 141.6 0 0 0 1723.7
**********2022-05-24 23:04:55**********
58753.98 58759.28 0.009 277.181 776.854 
0 11
0 0 0 0 0 0 0 0 0 0 0 3136.0 0
0 6 7 9 3 10
0 0.0 0.0 328.4 0.0 0.0 352.2 224.9 0.0 569.0 1661.5 0.0 0.0
0 4 12 5 1 8 2
0 607.9 581.9 0 55.7 25.2 0 0 141.6 0 0 0 1723.7
**********2022-05-24 23:05:00**********
58753.98 58759.28 0.009 277.181 781.639 
0 11
0 0 0 0 0 0 0 0 0 0 0 3136.0 0
0 6 7 9 3 10
0 0.0 0.0 328.4 0.0 0.0 352.2 224.9 0.0 569.0 1661.5 0.0 0.0
0 4 12 5 1 8 2
0 607.9 581.9 0 55.7 25.2 0 0 141.6 0 0 0 1723.7
**********2022-05-24 23:05:04**********
58753.98 58759.28 0.009 277.181 786.144 
0 11
0 0 0 0 0 0 0 0 0 0 0 3136.0 0
0 6 7 9 3 10
0 0.0 0.0 328.4 0.0 0.0 352.2 224.9 0.0 569.0 1661.5 0.0 0.0
0 4 12 5 1 8 2
0 607.9 581.9 0 55.7 25.2 0 0 141.6 0 0 0 1723.7
**********2022-05-24 23:05:09**********
58753.982 58759.28 0.009 277.181 790.242 
0 11
0 0 0 0 0 0 0 0 0 0 0 3136.0 0
0 6 7 9 3 10
0 0.0 0.0 328.4 0.0 0.0 352.2 224.9 0.0 569.0 1661.5 0.0 0.0
0 4 12 5 1 8 2
0 607.9 581.9 0 55.7 25.2 0 0 141.6 0 0 0 1723.7
**********2022-05-24 23:05:12**********
58753.982 58759.28 0.009 277.181 793.943 
0 11
0 0 0 0 0 0 0 0 0 0 0 3136.0 0
0 6 7 9 3 10
0 0.0 0.0 328.4 0.0 0.0 352.2 224.9 0.0 569.0 1661.5 0.0 0.0
0 4 12 5 1 8 2
0 607.9 581.9 0 55.7 25.2 0 0 141.6 0 0 0 1723.7
**********2022-05-24 23:05:16**********
58754.008 58759.28 0.009 277.181 797.93 
0 11
0 0 0 0 0 0 0 0 0 0 0 3136.0 0
0 6 7 9 3 10
0 0.0 0.0 328.4 0.0 0.0 352.2 224.9 0.0 569.0 1661.5 0.0 0.0
0 4 12 5 1 8 2
0 607.9 581.9 0 55.7 25.2 0 0 141.6 0 0 0 1723.7
**********2022-05-24 23:05:20**********
58754.014 58759.28 0.009 277.181 801.966 
0 11
0 0 0 0 0 0 0 0 0 0 0 3136.0 0
0 6 7 9 3 10
0 0.0 0.0 328.4 0.0 0.0 352.2 224.9 0.0 569.0 1661.5 0.0 0.0
0 4 12 5 1 8 2
0 607.9 581.9 0 55.7 25.2 0 0 141.6 0 0 0 1723.7
**********2022-05-24 23:05:24**********
58754.057 58759.28 0.009 277.181 806.028 
0 11
0 0 0 0 0 0 0 0 0 0 0 3136.0 0
0 6 7 9 3 10
0 0.0 0.0 328.4 0.0 0.0 352.2 224.9 0.0 569.0 1661.5 0.0 0.0
0 4 12 5 1 8 2
0 607.9 581.9 0 55.7 25.2 0 0 141.6 0 0 0 1723.7
**********2022-05-24 23:05:28**********
58754.103 58759.28 0.009 277.181 809.899 
0 11
0 0 0 0 0 0 0 0 0 0 0 3136.0 0
0 6 7 9 3 10
0 0.0 0.0 328.4 0.0 0.0 352.2 224.9 0.0 569.0 1661.5 0.0 0.0
0 4 12 5 1 8 2
0 607.9 581.9 0 55.7 25.2 0 0 141.6 0 0 0 1723.7
**********2022-05-24 23:05:33**********
58754.109 58759.28 0.009 277.181 814.414 
0 11
0 0 0 0 0 0 0 0 0 0 0 3136.0 0
0 6 7 9 3 10
0 0.0 0.0 328.4 0.0 0.0 352.2 224.9 0.0 569.0 1661.5 0.0 0.0
0 4 12 5 1 8 2
0 607.9 581.9 0 55.7 25.2 0 0 141.6 0 0 0 1723.7
**********2022-05-24 23:05:38**********
58754.109 58759.28 0.009 277.181 819.25 
0 11
0 0 0 0 0 0 0 0 0 0 0 3136.0 0
0 6 7 9 3 10
0 0.0 0.0 328.4 0.0 0.0 352.2 224.9 0.0 569.0 1661.5 0.0 0.0
0 4 12 5 1 8 2
0 607.9 581.9 0 55.7 25.2 0 0 141.6 0 0 0 1723.7
**********2022-05-24 23:05:44**********
58754.109 58759.28 0.009 277.181 825.373 
0 11
0 0 0 0 0 0 0 0 0 0 0 3136.0 0
0 6 7 9 3 10
0 0.0 0.0 328.4 0.0 0.0 352.2 224.9 0.0 569.0 1661.5 0.0 0.0
0 4 12 5 1 8 2
0 607.9 581.9 0 55.7 25.2 0 0 141.6 0 0 0 1723.7
**********2022-05-24 23:05:49**********
58754.126 58759.28 0.009 277.181 830.656 
0 11
0 0 0 0 0 0 0 0 0 0 0 3136.0 0
0 6 7 9 3 10
0 0.0 0.0 328.4 0.0 0.0 352.2 224.9 0.0 569.0 1661.5 0.0 0.0
0 4 12 5 1 8 2
0 607.9 581.9 0 55.7 25.2 0 0 141.6 0 0 0 1723.7
**********2022-05-24 23:05:53**********
58754.126 58759.28 0.009 277.181 834.696 
0 11
0 0 0 0 0 0 0 0 0 0 0 3136.0 0
0 6 7 9 3 10
0 0.0 0.0 328.4 0.0 0.0 352.2 224.9 0.0 569.0 1661.5 0.0 0.0
0 4 12 5 1 8 2
0 607.9 581.9 0 55.7 25.2 0 0 141.6 0 0 0 1723.7
**********2022-05-24 23:05:58**********
58754.157 58759.28 0.009 277.181 839.932 
0 11
0 0 0 0 0 0 0 0 0 0 0 3136.0 0
0 6 7 9 3 10
0 0.0 0.0 328.4 0.0 0.0 352.2 224.9 0.0 569.0 1661.5 0.0 0.0
0 4 12 5 1 8 2
0 607.9 581.9 0 55.7 25.2 0 0 141.6 0 0 0 1723.7
**********2022-05-24 23:06:04**********
58754.157 58759.28 0.009 277.181 846.016 
0 11
0 0 0 0 0 0 0 0 0 0 0 3136.0 0
0 6 7 9 3 10
0 0.0 0.0 328.4 0.0 0.0 352.2 224.9 0.0 569.0 1661.5 0.0 0.0
0 4 12 5 1 8 2
0 607.9 581.9 0 55.7 25.2 0 0 141.6 0 0 0 1723.7
**********2022-05-24 23:06:10**********
58754.157 58759.28 0.009 277.181 851.616 
0 11
0 0 0 0 0 0 0 0 0 0 0 3136.0 0
0 6 7 9 3 10
0 0.0 0.0 328.4 0.0 0.0 352.2 224.9 0.0 569.0 1661.5 0.0 0.0
0 4 12 5 1 8 2
0 607.9 581.9 0 55.7 25.2 0 0 141.6 0 0 0 1723.7
**********2022-05-24 23:06:16**********
58754.157 58759.28 0.009 277.181 857.312 
0 11
0 0 0 0 0 0 0 0 0 0 0 3136.0 0
0 6 7 9 3 10
0 0.0 0.0 328.4 0.0 0.0 352.2 224.9 0.0 569.0 1661.5 0.0 0.0
0 4 12 5 1 8 2
0 607.9 581.9 0 55.7 25.2 0 0 141.6 0 0 0 1723.7
**********2022-05-24 23:06:21**********
58754.157 58759.28 0.009 277.181 863.089 
0 11
0 0 0 0 0 0 0 0 0 0 0 3136.0 0
0 6 7 9 3 10
0 0.0 0.0 328.4 0.0 0.0 352.2 224.9 0.0 569.0 1661.5 0.0 0.0
0 4 12 5 1 8 2
0 607.9 581.9 0 55.7 25.2 0 0 141.6 0 0 0 1723.7
**********2022-05-24 23:06:26**********
58754.157 58759.28 0.009 277.181 867.974 
0 11
0 0 0 0 0 0 0 0 0 0 0 3136.0 0
0 6 7 9 3 10
0 0.0 0.0 328.4 0.0 0.0 352.2 224.9 0.0 569.0 1661.5 0.0 0.0
0 4 12 5 1 8 2
0 607.9 581.9 0 55.7 25.2 0 0 141.6 0 0 0 1723.7
**********2022-05-24 23:06:32**********
58754.157 58759.28 0.009 277.181 874.183 
0 11
0 0 0 0 0 0 0 0 0 0 0 3136.0 0
0 6 7 9 3 10
0 0.0 0.0 328.4 0.0 0.0 352.2 224.9 0.0 569.0 1661.5 0.0 0.0
0 4 12 5 1 8 2
0 607.9 581.9 0 55.7 25.2 0 0 141.6 0 0 0 1723.7
**********2022-05-24 23:06:37**********
58754.193 58759.28 0.009 277.181 878.91 
0 11
0 0 0 0 0 0 0 0 0 0 0 3136.0 0
0 6 7 9 3 10
0 0.0 0.0 328.4 0.0 0.0 352.2 224.9 0.0 569.0 1661.5 0.0 0.0
0 4 12 5 1 8 2
0 607.9 581.9 0 55.7 25.2 0 0 141.6 0 0 0 1723.7
**********2022-05-24 23:06:42**********
58754.193 58759.28 0.009 277.181 883.215 
0 11
0 0 0 0 0 0 0 0 0 0 0 3136.0 0
0 6 7 9 3 10
0 0.0 0.0 328.4 0.0 0.0 352.2 224.9 0.0 569.0 1661.5 0.0 0.0
0 4 12 5 1 8 2
0 607.9 581.9 0 55.7 25.2 0 0 141.6 0 0 0 1723.7
**********2022-05-24 23:06:46**********
58754.263 58759.28 0.009 277.181 887.836 
0 11
0 0 0 0 0 0 0 0 0 0 0 3136.0 0
0 6 7 9 3 10
0 0.0 0.0 328.4 0.0 0.0 352.2 224.9 0.0 569.0 1661.5 0.0 0.0
0 4 12 5 1 8 2
0 607.9 581.9 0 55.7 25.2 0 0 141.6 0 0 0 1723.7
**********2022-05-24 23:06:52**********
58754.263 58759.28 0.009 277.181 894.18 
0 11
0 0 0 0 0 0 0 0 0 0 0 3136.0 0
0 6 7 9 3 10
0 0.0 0.0 328.4 0.0 0.0 352.2 224.9 0.0 569.0 1661.5 0.0 0.0
0 4 12 5 1 8 2
0 607.9 581.9 0 55.7 25.2 0 0 141.6 0 0 0 1723.7
**********2022-05-24 23:06:59**********
58754.263 58759.28 0.009 277.181 900.716 
0 11
0 0 0 0 0 0 0 0 0 0 0 3136.0 0
0 6 7 9 3 10
0 0.0 0.0 328.4 0.0 0.0 352.2 224.9 0.0 569.0 1661.5 0.0 0.0
0 4 12 5 1 8 2
0 607.9 581.9 0 55.7 25.2 0 0 141.6 0 0 0 1723.7
**********2022-05-24 23:07:05**********
58754.263 58759.28 0.009 277.181 906.679 
0 11
0 0 0 0 0 0 0 0 0 0 0 3136.0 0
0 6 7 9 3 10
0 0.0 0.0 328.4 0.0 0.0 352.2 224.9 0.0 569.0 1661.5 0.0 0.0
0 4 12 5 1 8 2
0 607.9 581.9 0 55.7 25.2 0 0 141.6 0 0 0 1723.7
**********2022-05-24 23:07:10**********
58754.288 58759.28 0.008 277.181 912.162 
0 11
0 0 0 0 0 0 0 0 0 0 0 3136.0 0
0 6 7 9 3 10
0 0.0 0.0 328.4 0.0 0.0 352.2 224.9 0.0 569.0 1661.5 0.0 0.0
0 4 12 5 1 8 2
0 607.9 581.9 0 55.7 25.2 0 0 141.6 0 0 0 1723.7
**********2024-01-31 00:47:52**********
58749.974 58782.001 0.054 14.377 14.377 
0 3 10 1 9
0 605.7 0 324.7 0 0 0 0 0 562.6 1642.9 0 0
0 5 11
0 0.0 0.0 0.0 0.0 17.6 0.0 0.0 0.0 0.0 0.0 3118.4 0.0
0 4 12 6 7 8 2
0 0.0 593.3 0.0 56.8 0.0 356.4 227.6 144.4 -0.0 0.0 0.0 1757.5
**********2024-01-31 00:48:03**********
58749.974 58782.001 0.054 14.377 25.336 
0 3 10 1 9
0 605.7 0 324.7 0 0 0 0 0 562.6 1642.9 0 0
0 5 11
0 0.0 0.0 0.0 0.0 17.6 0.0 0.0 0.0 0.0 0.0 3118.4 0.0
0 4 12 6 7 8 2
0 0.0 593.3 0.0 56.8 0.0 356.4 227.6 144.4 -0.0 0.0 0.0 1757.5
**********2024-01-31 00:48:11**********
58749.974 58782.001 0.054 14.377 33.594 
0 3 10 1 9
0 605.7 0 324.7 0 0 0 0 0 562.6 1642.9 0 0
0 5 11
0 0.0 0.0 0.0 0.0 17.6 0.0 0.0 0.0 0.0 0.0 3118.4 0.0
0 4 12 6 7 8 2
0 0.0 593.3 0.0 56.8 0.0 356.4 227.6 144.4 -0.0 0.0 0.0 1757.5
**********2024-01-31 00:48:22**********
58749.974 58782.001 0.054 14.377 44.336 
0 3 10 1 9
0 605.7 0 324.7 0 0 0 0 0 562.6 1642.9 0 0
0 5 11
0 0.0 0.0 0.0 0.0 17.6 0.0 0.0 0.0 0.0 0.0 3118.4 0.0
0 4 12 6 7 8 2
0 0.0 593.3 0.0 56.8 0.0 356.4 227.6 144.4 -0.0 0.0 0.0 1757.5
**********2024-01-31 00:48:34**********
58750.151 58782.001 0.054 14.377 56.209 
0 3 10 1 9
0 605.7 0 324.7 0 0 0 0 0 562.6 1642.9 0 0
0 5 11
0 0.0 0.0 0.0 0.0 17.6 0.0 0.0 0.0 0.0 0.0 3118.4 0.0
0 4 12 6 7 8 2
0 0.0 593.3 0.0 56.8 0.0 356.4 227.6 144.4 -0.0 0.0 0.0 1757.5
**********2024-01-31 00:48:40**********
58750.545 58774.99 0.042 62.225 62.225 
0 5 11
0 0.0 0.0 0.0 0.0 17.6 0.0 0.0 0.0 0.0 0.0 3118.4 0.0
0 4 12 6 7 8 2
0 0.0 593.3 0.0 56.8 0.0 356.4 227.6 144.4 -0.0 0.0 0.0 1757.5
0 3 9 1 10
0 605.7 0.0 324.7 0.0 0.0 0.0 -0.0 0.0 562.6 1642.9 0.0 0.0
**********2024-01-31 00:48:52**********
58750.622 58774.99 0.041 62.225 74.584 
0 5 11
0 0.0 0.0 0.0 0.0 17.6 0.0 0.0 0.0 0.0 0.0 3118.4 0.0
0 4 12 6 7 8 2
0 0.0 593.3 0.0 56.8 0.0 356.4 227.6 144.4 -0.0 0.0 0.0 1757.5
0 3 9 1 10
0 605.7 0.0 324.7 0.0 0.0 0.0 -0.0 0.0 562.6 1642.9 0.0 0.0
**********2024-01-31 00:49:00**********
58750.622 58774.99 0.041 62.225 81.948 
0 5 11
0 0.0 0.0 0.0 0.0 17.6 0.0 0.0 0.0 0.0 0.0 3118.4 0.0
0 4 12 6 7 8 2
0 0.0 593.3 0.0 56.8 0.0 356.4 227.6 144.4 -0.0 0.0 0.0 1757.5
0 3 9 1 10
0 605.7 0.0 324.7 0.0 0.0 0.0 -0.0 0.0 562.6 1642.9 0.0 0.0
**********2024-01-31 00:49:07**********
58750.622 58774.99 0.041 62.225 89.41 
0 5 11
0 0.0 0.0 0.0 0.0 17.6 0.0 0.0 0.0 0.0 0.0 3118.4 0.0
0 4 12 6 7 8 2
0 0.0 593.3 0.0 56.8 0.0 356.4 227.6 144.4 -0.0 0.0 0.0 1757.5
0 3 9 1 10
0 605.7 0.0 324.7 0.0 0.0 0.0 -0.0 0.0 562.6 1642.9 0.0 0.0
**********2024-01-31 00:49:15**********
58751.121 58774.99 0.041 62.225 97.129 
0 5 11
0 0.0 0.0 0.0 0.0 17.6 0.0 0.0 0.0 0.0 0.0 3118.4 0.0
0 4 12 6 7 8 2
0 0.0 593.3 0.0 56.8 0.0 356.4 227.6 144.4 -0.0 0.0 0.0 1757.5
0 3 9 1 10
0 605.7 0.0 324.7 0.0 0.0 0.0 -0.0 0.0 562.6 1642.9 0.0 0.0
**********2024-01-31 00:49:21**********
58751.39 58774.99 0.04 62.225 103.311 
0 5 11
0 0.0 0.0 0.0 0.0 17.6 0.0 0.0 0.0 0.0 0.0 3118.4 0.0
0 4 12 6 7 8 2
0 0.0 593.3 0.0 56.8 0.0 356.4 227.6 144.4 -0.0 0.0 0.0 1757.5
0 3 9 1 10
0 605.7 0.0 324.7 0.0 0.0 0.0 -0.0 0.0 562.6 1642.9 0.0 0.0
**********2024-01-31 00:49:27**********
58751.39 58774.99 0.04 62.225 109.011 
0 5 11
0 0.0 0.0 0.0 0.0 17.6 0.0 0.0 0.0 0.0 0.0 3118.4 0.0
0 4 12 6 7 8 2
0 0.0 593.3 0.0 56.8 0.0 356.4 227.6 144.4 -0.0 0.0 0.0 1757.5
0 3 9 1 10
0 605.7 0.0 324.7 0.0 0.0 0.0 -0.0 0.0 562.6 1642.9 0.0 0.0
**********2024-01-31 00:49:34**********
58751.7 58774.99 0.04 62.225 115.972 
0 5 11
0 0.0 0.0 0.0 0.0 17.6 0.0 0.0 0.0 0.0 0.0 3118.4 0.0
0 4 12 6 7 8 2
0 0.0 593.3 0.0 56.8 0.0 356.4 227.6 144.4 -0.0 0.0 0.0 1757.5
0 3 9 1 10
0 605.7 0.0 324.7 0.0 0.0 0.0 -0.0 0.0 562.6 1642.9 0.0 0.0
**********2024-01-31 00:49:43**********
58751.7 58774.99 0.04 62.225 125.134 
0 5 11
0 0.0 0.0 0.0 0.0 17.6 0.0 0.0 0.0 0.0 0.0 3118.4 0.0
0 4 12 6 7 8 2
0 0.0 593.3 0.0 56.8 0.0 356.4 227.6 144.4 -0.0 0.0 0.0 1757.5
0 3 9 1 10
0 605.7 0.0 324.7 0.0 0.0 0.0 -0.0 0.0 562.6 1642.9 0.0 0.0
**********2024-01-31 00:49:52**********
58751.7 58774.99 0.04 62.225 134.269 
0 5 11
0 0.0 0.0 0.0 0.0 17.6 0.0 0.0 0.0 0.0 0.0 3118.4 0.0
0 4 12 6 7 8 2
0 0.0 593.3 0.0 56.8 0.0 356.4 227.6 144.4 -0.0 0.0 0.0 1757.5
0 3 9 1 10
0 605.7 0.0 324.7 0.0 0.0 0.0 -0.0 0.0 562.6 1642.9 0.0 0.0
**********2024-01-31 00:50:05**********
58751.831 58774.99 0.039 62.225 146.644 
0 5 11
0 0.0 0.0 0.0 0.0 17.6 0.0 0.0 0.0 0.0 0.0 3118.4 0.0
0 4 12 6 7 8 2
0 0.0 593.3 0.0 56.8 0.0 356.4 227.6 144.4 -0.0 0.0 0.0 1757.5
0 3 9 1 10
0 605.7 0.0 324.7 0.0 0.0 0.0 -0.0 0.0 562.6 1642.9 0.0 0.0
**********2024-01-31 00:50:12**********
58751.875 58774.99 0.039 62.225 154.263 
0 5 11
0 0.0 0.0 0.0 0.0 17.6 0.0 0.0 0.0 0.0 0.0 3118.4 0.0
0 4 12 6 7 8 2
0 0.0 593.3 0.0 56.8 0.0 356.4 227.6 144.4 -0.0 0.0 0.0 1757.5
0 3 9 1 10
0 605.7 0.0 324.7 0.0 0.0 0.0 -0.0 0.0 562.6 1642.9 0.0 0.0
**********2024-01-31 00:50:21**********
58751.887 58774.99 0.039 62.225 162.954 
0 5 11
0 0.0 0.0 0.0 0.0 17.6 0.0 0.0 0.0 0.0 0.0 3118.4 0.0
0 4 12 6 7 8 2
0 0.0 593.3 0.0 56.8 0.0 356.4 227.6 144.4 -0.0 0.0 0.0 1757.5
0 3 9 1 10
0 605.7 0.0 324.7 0.0 0.0 0.0 -0.0 0.0 562.6 1642.9 0.0 0.0
**********2024-01-31 00:50:27**********
58751.887 58774.99 0.039 62.225 168.934 
0 5 11
0 0.0 0.0 0.0 0.0 17.6 0.0 0.0 0.0 0.0 0.0 3118.4 0.0
0 4 12 6 7 8 2
0 0.0 593.3 0.0 56.8 0.0 356.4 227.6 144.4 -0.0 0.0 0.0 1757.5
0 3 9 1 10
0 605.7 0.0 324.7 0.0 0.0 0.0 -0.0 0.0 562.6 1642.9 0.0 0.0
**********2024-01-31 00:50:33**********
58751.887 58774.99 0.039 62.225 175.11 
0 5 11
0 0.0 0.0 0.0 0.0 17.6 0.0 0.0 0.0 0.0 0.0 3118.4 0.0
0 4 12 6 7 8 2
0 0.0 593.3 0.0 56.8 0.0 356.4 227.6 144.4 -0.0 0.0 0.0 1757.5
0 3 9 1 10
0 605.7 0.0 324.7 0.0 0.0 0.0 -0.0 0.0 562.6 1642.9 0.0 0.0
**********2024-01-31 00:50:39**********
58751.887 58774.99 0.039 62.225 181.083 
0 5 11
0 0.0 0.0 0.0 0.0 17.6 0.0 0.0 0.0 0.0 0.0 3118.4 0.0
0 4 12 6 7 8 2
0 0.0 593.3 0.0 56.8 0.0 356.4 227.6 144.4 -0.0 0.0 0.0 1757.5
0 3 9 1 10
0 605.7 0.0 324.7 0.0 0.0 0.0 -0.0 0.0 562.6 1642.9 0.0 0.0
**********2024-01-31 00:50:45**********
58751.887 58774.99 0.039 62.225 187.42 
0 5 11
0 0.0 0.0 0.0 0.0 17.6 0.0 0.0 0.0 0.0 0.0 3118.4 0.0
0 4 12 6 7 8 2
0 0.0 593.3 0.0 56.8 0.0 356.4 227.6 144.4 -0.0 0.0 0.0 1757.5
0 3 9 1 10
0 605.7 0.0 324.7 0.0 0.0 0.0 -0.0 0.0 562.6 1642.9 0.0 0.0
**********2024-01-31 00:50:51**********
58751.96 58759.279 0.012 193.073 193.073 
0 11
0 0.0 0.0 0.0 0.0 0.0 0.0 0.0 0.0 0.0 0.0 3136.0 0.0
0 4 12 5 1 8 2
0 607.9 581.9 0.0 55.7 25.2 0.0 0.0 141.6 0.0 0.0 0.0 1723.7
0 6 7 9 3 10
0 0.0 0.0 328.4 0.0 0.0 352.2 224.9 0.0 569.0 1661.5 0.0 0.0
**********2024-01-31 00:50:58**********
58752.176 58759.279 0.012 193.073 199.738 
0 11
0 0.0 0.0 0.0 0.0 0.0 0.0 0.0 0.0 0.0 0.0 3136.0 0.0
0 4 12 5 1 8 2
0 607.9 581.9 0.0 55.7 25.2 0.0 0.0 141.6 0.0 0.0 0.0 1723.7
0 6 7 9 3 10
0 0.0 0.0 328.4 0.0 0.0 352.2 224.9 0.0 569.0 1661.5 0.0 0.0
**********2024-01-31 00:51:06**********
58752.176 58759.279 0.012 193.073 207.878 
0 11
0 0.0 0.0 0.0 0.0 0.0 0.0 0.0 0.0 0.0 0.0 3136.0 0.0
0 4 12 5 1 8 2
0 607.9 581.9 0.0 55.7 25.2 0.0 0.0 141.6 0.0 0.0 0.0 1723.7
0 6 7 9 3 10
0 0.0 0.0 328.4 0.0 0.0 352.2 224.9 0.0 569.0 1661.5 0.0 0.0
**********2024-01-31 00:51:14**********
58752.176 58759.279 0.012 193.073 216.617 
0 11
0 0.0 0.0 0.0 0.0 0.0 0.0 0.0 0.0 0.0 0.0 3136.0 0.0
0 4 12 5 1 8 2
0 607.9 581.9 0.0 55.7 25.2 0.0 0.0 141.6 0.0 0.0 0.0 1723.7
0 6 7 9 3 10
0 0.0 0.0 328.4 0.0 0.0 352.2 224.9 0.0 569.0 1661.5 0.0 0.0
**********2024-01-31 00:51:21**********
58752.312 58759.279 0.012 193.073 223.188 
0 11
0 0.0 0.0 0.0 0.0 0.0 0.0 0.0 0.0 0.0 0.0 3136.0 0.0
0 4 12 5 1 8 2
0 607.9 581.9 0.0 55.7 25.2 0.0 0.0 141.6 0.0 0.0 0.0 1723.7
0 6 7 9 3 10
0 0.0 0.0 328.4 0.0 0.0 352.2 224.9 0.0 569.0 1661.5 0.0 0.0
**********2024-01-31 00:51:30**********
58752.363 58759.279 0.012 193.073 231.859 
0 11
0 0.0 0.0 0.0 0.0 0.0 0.0 0.0 0.0 0.0 0.0 3136.0 0.0
0 4 12 5 1 8 2
0 607.9 581.9 0.0 55.7 25.2 0.0 0.0 141.6 0.0 0.0 0.0 1723.7
0 6 7 9 3 10
0 0.0 0.0 328.4 0.0 0.0 352.2 224.9 0.0 569.0 1661.5 0.0 0.0
**********2024-01-31 00:51:35**********
58752.363 58759.279 0.012 193.073 237.03 
0 11
0 0.0 0.0 0.0 0.0 0.0 0.0 0.0 0.0 0.0 0.0 3136.0 0.0
0 4 12 5 1 8 2
0 607.9 581.9 0.0 55.7 25.2 0.0 0.0 141.6 0.0 0.0 0.0 1723.7
0 6 7 9 3 10
0 0.0 0.0 328.4 0.0 0.0 352.2 224.9 0.0 569.0 1661.5 0.0 0.0
**********2024-01-31 00:51:40**********
58752.363 58759.279 0.012 193.073 242.567 
0 11
0 0.0 0.0 0.0 0.0 0.0 0.0 0.0 0.0 0.0 0.0 3136.0 0.0
0 4 12 5 1 8 2
0 607.9 581.9 0.0 55.7 25.2 0.0 0.0 141.6 0.0 0.0 0.0 1723.7
0 6 7 9 3 10
0 0.0 0.0 328.4 0.0 0.0 352.2 224.9 0.0 569.0 1661.5 0.0 0.0
**********2024-01-31 00:51:47**********
58752.371 58759.279 0.012 193.073 248.69 
0 11
0 0.0 0.0 0.0 0.0 0.0 0.0 0.0 0.0 0.0 0.0 3136.0 0.0
0 4 12 5 1 8 2
0 607.9 581.9 0.0 55.7 25.2 0.0 0.0 141.6 0.0 0.0 0.0 1723.7
0 6 7 9 3 10
0 0.0 0.0 328.4 0.0 0.0 352.2 224.9 0.0 569.0 1661.5 0.0 0.0
**********2024-01-31 00:51:54**********
58752.485 58759.279 0.012 193.073 256.335 
0 11
0 0.0 0.0 0.0 0.0 0.0 0.0 0.0 0.0 0.0 0.0 3136.0 0.0
0 4 12 5 1 8 2
0 607.9 581.9 0.0 55.7 25.2 0.0 0.0 141.6 0.0 0.0 0.0 1723.7
0 6 7 9 3 10
0 0.0 0.0 328.4 0.0 0.0 352.2 224.9 0.0 569.0 1661.5 0.0 0.0
**********2024-01-31 00:52:02**********
58752.485 58759.279 0.012 193.073 264.57 
0 11
0 0.0 0.0 0.0 0.0 0.0 0.0 0.0 0.0 0.0 0.0 3136.0 0.0
0 4 12 5 1 8 2
0 607.9 581.9 0.0 55.7 25.2 0.0 0.0 141.6 0.0 0.0 0.0 1723.7
0 6 7 9 3 10
0 0.0 0.0 328.4 0.0 0.0 352.2 224.9 0.0 569.0 1661.5 0.0 0.0
**********2024-01-31 00:52:09**********
58752.505 58759.279 0.012 193.073 270.665 
0 11
0 0.0 0.0 0.0 0.0 0.0 0.0 0.0 0.0 0.0 0.0 3136.0 0.0
0 4 12 5 1 8 2
0 607.9 581.9 0.0 55.7 25.2 0.0 0.0 141.6 0.0 0.0 0.0 1723.7
0 6 7 9 3 10
0 0.0 0.0 328.4 0.0 0.0 352.2 224.9 0.0 569.0 1661.5 0.0 0.0
**********2024-01-31 00:52:15**********
58752.545 58759.279 0.011 193.073 277.468 
0 11
0 0.0 0.0 0.0 0.0 0.0 0.0 0.0 0.0 0.0 0.0 3136.0 0.0
0 4 12 5 1 8 2
0 607.9 581.9 0.0 55.7 25.2 0.0 0.0 141.6 0.0 0.0 0.0 1723.7
0 6 7 9 3 10
0 0.0 0.0 328.4 0.0 0.0 352.2 224.9 0.0 569.0 1661.5 0.0 0.0
**********2024-01-31 00:52:21**********
58752.562 58759.279 0.011 193.073 282.66 
0 11
0 0.0 0.0 0.0 0.0 0.0 0.0 0.0 0.0 0.0 0.0 3136.0 0.0
0 4 12 5 1 8 2
0 607.9 581.9 0.0 55.7 25.2 0.0 0.0 141.6 0.0 0.0 0.0 1723.7
0 6 7 9 3 10
0 0.0 0.0 328.4 0.0 0.0 352.2 224.9 0.0 569.0 1661.5 0.0 0.0
**********2024-01-31 00:52:27**********
58752.563 58759.279 0.011 193.073 289.196 
0 11
0 0.0 0.0 0.0 0.0 0.0 0.0 0.0 0.0 0.0 0.0 3136.0 0.0
0 4 12 5 1 8 2
0 607.9 581.9 0.0 55.7 25.2 0.0 0.0 141.6 0.0 0.0 0.0 1723.7
0 6 7 9 3 10
0 0.0 0.0 328.4 0.0 0.0 352.2 224.9 0.0 569.0 1661.5 0.0 0.0
**********2024-01-31 00:52:33**********
58752.566 58759.279 0.011 193.073 295.275 
0 11
0 0.0 0.0 0.0 0.0 0.0 0.0 0.0 0.0 0.0 0.0 3136.0 0.0
0 4 12 5 1 8 2
0 607.9 581.9 0.0 55.7 25.2 0.0 0.0 141.6 0.0 0.0 0.0 1723.7
0 6 7 9 3 10
0 0.0 0.0 328.4 0.0 0.0 352.2 224.9 0.0 569.0 1661.5 0.0 0.0
**********2024-01-31 00:52:40**********
58752.566 58759.279 0.011 193.073 301.979 
0 11
0 0.0 0.0 0.0 0.0 0.0 0.0 0.0 0.0 0.0 0.0 3136.0 0.0
0 4 12 5 1 8 2
0 607.9 581.9 0.0 55.7 25.2 0.0 0.0 141.6 0.0 0.0 0.0 1723.7
0 6 7 9 3 10
0 0.0 0.0 328.4 0.0 0.0 352.2 224.9 0.0 569.0 1661.5 0.0 0.0
**********2024-01-31 00:52:46**********
58752.566 58759.279 0.011 193.073 308.396 
0 11
0 0.0 0.0 0.0 0.0 0.0 0.0 0.0 0.0 0.0 0.0 3136.0 0.0
0 4 12 5 1 8 2
0 607.9 581.9 0.0 55.7 25.2 0.0 0.0 141.6 0.0 0.0 0.0 1723.7
0 6 7 9 3 10
0 0.0 0.0 328.4 0.0 0.0 352.2 224.9 0.0 569.0 1661.5 0.0 0.0
**********2024-01-31 00:52:54**********
58752.567 58759.279 0.011 193.073 316.174 
0 11
0 0.0 0.0 0.0 0.0 0.0 0.0 0.0 0.0 0.0 0.0 3136.0 0.0
0 4 12 5 1 8 2
0 607.9 581.9 0.0 55.7 25.2 0.0 0.0 141.6 0.0 0.0 0.0 1723.7
0 6 7 9 3 10
0 0.0 0.0 328.4 0.0 0.0 352.2 224.9 0.0 569.0 1661.5 0.0 0.0
**********2024-01-31 00:53:00**********
58752.74 58759.279 0.011 193.073 321.884 
0 11
0 0.0 0.0 0.0 0.0 0.0 0.0 0.0 0.0 0.0 0.0 3136.0 0.0
0 4 12 5 1 8 2
0 607.9 581.9 0.0 55.7 25.2 0.0 0.0 141.6 0.0 0.0 0.0 1723.7
0 6 7 9 3 10
0 0.0 0.0 328.4 0.0 0.0 352.2 224.9 0.0 569.0 1661.5 0.0 0.0
**********2024-01-31 00:53:10**********
58752.74 58759.279 0.011 193.073 331.974 
0 11
0 0.0 0.0 0.0 0.0 0.0 0.0 0.0 0.0 0.0 0.0 3136.0 0.0
0 4 12 5 1 8 2
0 607.9 581.9 0.0 55.7 25.2 0.0 0.0 141.6 0.0 0.0 0.0 1723.7
0 6 7 9 3 10
0 0.0 0.0 328.4 0.0 0.0 352.2 224.9 0.0 569.0 1661.5 0.0 0.0
**********2024-01-31 00:53:21**********
58752.74 58759.279 0.011 193.073 343.101 
0 11
0 0.0 0.0 0.0 0.0 0.0 0.0 0.0 0.0 0.0 0.0 3136.0 0.0
0 4 12 5 1 8 2
0 607.9 581.9 0.0 55.7 25.2 0.0 0.0 141.6 0.0 0.0 0.0 1723.7
0 6 7 9 3 10
0 0.0 0.0 328.4 0.0 0.0 352.2 224.9 0.0 569.0 1661.5 0.0 0.0
**********2024-01-31 00:53:28**********
58752.74 58759.279 0.011 193.073 350.504 
0 11
0 0.0 0.0 0.0 0.0 0.0 0.0 0.0 0.0 0.0 0.0 3136.0 0.0
0 4 12 5 1 8 2
0 607.9 581.9 0.0 55.7 25.2 0.0 0.0 141.6 0.0 0.0 0.0 1723.7
0 6 7 9 3 10
0 0.0 0.0 328.4 0.0 0.0 352.2 224.9 0.0 569.0 1661.5 0.0 0.0
**********2024-01-31 00:53:37**********
58752.77 58759.279 0.011 193.073 359.5 
0 11
0 0.0 0.0 0.0 0.0 0.0 0.0 0.0 0.0 0.0 0.0 3136.0 0.0
0 4 12 5 1 8 2
0 607.9 581.9 0.0 55.7 25.2 0.0 0.0 141.6 0.0 0.0 0.0 1723.7
0 6 7 9 3 10
0 0.0 0.0 328.4 0.0 0.0 352.2 224.9 0.0 569.0 1661.5 0.0 0.0
**********2024-01-31 00:53:45**********
58752.77 58759.279 0.011 193.073 366.653 
0 11
0 0.0 0.0 0.0 0.0 0.0 0.0 0.0 0.0 0.0 0.0 3136.0 0.0
0 4 12 5 1 8 2
0 607.9 581.9 0.0 55.7 25.2 0.0 0.0 141.6 0.0 0.0 0.0 1723.7
0 6 7 9 3 10
0 0.0 0.0 328.4 0.0 0.0 352.2 224.9 0.0 569.0 1661.5 0.0 0.0
**********2024-01-31 00:53:53**********
58752.825 58759.279 0.011 193.073 375.319 
0 11
0 0.0 0.0 0.0 0.0 0.0 0.0 0.0 0.0 0.0 0.0 3136.0 0.0
0 4 12 5 1 8 2
0 607.9 581.9 0.0 55.7 25.2 0.0 0.0 141.6 0.0 0.0 0.0 1723.7
0 6 7 9 3 10
0 0.0 0.0 328.4 0.0 0.0 352.2 224.9 0.0 569.0 1661.5 0.0 0.0
**********2024-01-31 00:53:59**********
58752.825 58759.279 0.011 193.073 380.915 
0 11
0 0.0 0.0 0.0 0.0 0.0 0.0 0.0 0.0 0.0 0.0 3136.0 0.0
0 4 12 5 1 8 2
0 607.9 581.9 0.0 55.7 25.2 0.0 0.0 141.6 0.0 0.0 0.0 1723.7
0 6 7 9 3 10
0 0.0 0.0 328.4 0.0 0.0 352.2 224.9 0.0 569.0 1661.5 0.0 0.0
**********2024-01-31 00:54:04**********
58752.825 58759.279 0.011 193.073 386.339 
0 11
0 0.0 0.0 0.0 0.0 0.0 0.0 0.0 0.0 0.0 0.0 3136.0 0.0
0 4 12 5 1 8 2
0 607.9 581.9 0.0 55.7 25.2 0.0 0.0 141.6 0.0 0.0 0.0 1723.7
0 6 7 9 3 10
0 0.0 0.0 328.4 0.0 0.0 352.2 224.9 0.0 569.0 1661.5 0.0 0.0
**********2024-01-31 00:54:15**********
58752.849 58759.279 0.011 193.073 396.93 
0 11
0 0.0 0.0 0.0 0.0 0.0 0.0 0.0 0.0 0.0 0.0 3136.0 0.0
0 4 12 5 1 8 2
0 607.9 581.9 0.0 55.7 25.2 0.0 0.0 141.6 0.0 0.0 0.0 1723.7
0 6 7 9 3 10
0 0.0 0.0 328.4 0.0 0.0 352.2 224.9 0.0 569.0 1661.5 0.0 0.0
**********2024-01-31 00:54:17**********
58752.848 58759.279 0.011 193.073 398.85 
0 11
0 0.0 0.0 0.0 0.0 0.0 0.0 0.0 0.0 0.0 0.0 3136.0 0.0
0 4 12 5 1 8 2
0 607.9 581.9 0.0 55.7 25.2 0.0 0.0 141.6 0.0 0.0 0.0 1723.7
0 6 7 9 3 10
0 0.0 0.0 328.4 0.0 0.0 352.2 224.9 0.0 569.0 1661.5 0.0 0.0
**********2024-01-31 00:54:18**********
58752.848 58759.279 0.011 193.073 400.623 
0 11
0 0.0 0.0 0.0 0.0 0.0 0.0 0.0 0.0 0.0 0.0 3136.0 0.0
0 4 12 5 1 8 2
0 607.9 581.9 0.0 55.7 25.2 0.0 0.0 141.6 0.0 0.0 0.0 1723.7
0 6 7 9 3 10
0 0.0 0.0 328.4 0.0 0.0 352.2 224.9 0.0 569.0 1661.5 0.0 0.0
**********2024-01-31 00:54:22**********
58752.848 58759.279 0.011 193.073 404.097 
0 11
0 0.0 0.0 0.0 0.0 0.0 0.0 0.0 0.0 0.0 0.0 3136.0 0.0
0 4 12 5 1 8 2
0 607.9 581.9 0.0 55.7 25.2 0.0 0.0 141.6 0.0 0.0 0.0 1723.7
0 6 7 9 3 10
0 0.0 0.0 328.4 0.0 0.0 352.2 224.9 0.0 569.0 1661.5 0.0 0.0
**********2024-01-31 00:54:25**********
58752.848 58759.279 0.011 193.073 407.441 
0 11
0 0.0 0.0 0.0 0.0 0.0 0.0 0.0 0.0 0.0 0.0 3136.0 0.0
0 4 12 5 1 8 2
0 607.9 581.9 0.0 55.7 25.2 0.0 0.0 141.6 0.0 0.0 0.0 1723.7
0 6 7 9 3 10
0 0.0 0.0 328.4 0.0 0.0 352.2 224.9 0.0 569.0 1661.5 0.0 0.0
**********2024-01-31 00:54:29**********
58752.848 58759.279 0.011 193.073 410.765 
0 11
0 0.0 0.0 0.0 0.0 0.0 0.0 0.0 0.0 0.0 0.0 3136.0 0.0
0 4 12 5 1 8 2
0 607.9 581.9 0.0 55.7 25.2 0.0 0.0 141.6 0.0 0.0 0.0 1723.7
0 6 7 9 3 10
0 0.0 0.0 328.4 0.0 0.0 352.2 224.9 0.0 569.0 1661.5 0.0 0.0
**********2024-01-31 00:54:32**********
58752.848 58759.279 0.011 193.073 414.281 
0 11
0 0.0 0.0 0.0 0.0 0.0 0.0 0.0 0.0 0.0 0.0 3136.0 0.0
0 4 12 5 1 8 2
0 607.9 581.9 0.0 55.7 25.2 0.0 0.0 141.6 0.0 0.0 0.0 1723.7
0 6 7 9 3 10
0 0.0 0.0 328.4 0.0 0.0 352.2 224.9 0.0 569.0 1661.5 0.0 0.0
**********2024-01-31 00:54:38**********
58752.869 58759.279 0.011 193.073 420.328 
0 11
0 0.0 0.0 0.0 0.0 0.0 0.0 0.0 0.0 0.0 0.0 3136.0 0.0
0 4 12 5 1 8 2
0 607.9 581.9 0.0 55.7 25.2 0.0 0.0 141.6 0.0 0.0 0.0 1723.7
0 6 7 9 3 10
0 0.0 0.0 328.4 0.0 0.0 352.2 224.9 0.0 569.0 1661.5 0.0 0.0
**********2024-01-31 00:54:46**********
58752.869 58759.279 0.011 193.073 427.686 
0 11
0 0.0 0.0 0.0 0.0 0.0 0.0 0.0 0.0 0.0 0.0 3136.0 0.0
0 4 12 5 1 8 2
0 607.9 581.9 0.0 55.7 25.2 0.0 0.0 141.6 0.0 0.0 0.0 1723.7
0 6 7 9 3 10
0 0.0 0.0 328.4 0.0 0.0 352.2 224.9 0.0 569.0 1661.5 0.0 0.0
**********2024-01-31 00:54:51**********
58752.869 58759.279 0.011 193.073 433.504 
0 11
0 0.0 0.0 0.0 0.0 0.0 0.0 0.0 0.0 0.0 0.0 3136.0 0.0
0 4 12 5 1 8 2
0 607.9 581.9 0.0 55.7 25.2 0.0 0.0 141.6 0.0 0.0 0.0 1723.7
0 6 7 9 3 10
0 0.0 0.0 328.4 0.0 0.0 352.2 224.9 0.0 569.0 1661.5 0.0 0.0
**********2024-01-31 00:55:00**********
58752.869 58759.279 0.011 193.073 441.935 
0 11
0 0.0 0.0 0.0 0.0 0.0 0.0 0.0 0.0 0.0 0.0 3136.0 0.0
0 4 12 5 1 8 2
0 607.9 581.9 0.0 55.7 25.2 0.0 0.0 141.6 0.0 0.0 0.0 1723.7
0 6 7 9 3 10
0 0.0 0.0 328.4 0.0 0.0 352.2 224.9 0.0 569.0 1661.5 0.0 0.0
**********2024-01-31 00:55:07**********
58752.92 58759.279 0.011 193.073 449.051 
0 11
0 0.0 0.0 0.0 0.0 0.0 0.0 0.0 0.0 0.0 0.0 3136.0 0.0
0 4 12 5 1 8 2
0 607.9 581.9 0.0 55.7 25.2 0.0 0.0 141.6 0.0 0.0 0.0 1723.7
0 6 7 9 3 10
0 0.0 0.0 328.4 0.0 0.0 352.2 224.9 0.0 569.0 1661.5 0.0 0.0
**********2024-01-31 00:55:14**********
58752.92 58759.279 0.011 193.073 455.687 
0 11
0 0.0 0.0 0.0 0.0 0.0 0.0 0.0 0.0 0.0 0.0 3136.0 0.0
0 4 12 5 1 8 2
0 607.9 581.9 0.0 55.7 25.2 0.0 0.0 141.6 0.0 0.0 0.0 1723.7
0 6 7 9 3 10
0 0.0 0.0 328.4 0.0 0.0 352.2 224.9 0.0 569.0 1661.5 0.0 0.0
**********2024-01-31 00:55:20**********
58752.971 58759.279 0.011 193.073 461.845 
0 11
0 0.0 0.0 0.0 0.0 0.0 0.0 0.0 0.0 0.0 0.0 3136.0 0.0
0 4 12 5 1 8 2
0 607.9 581.9 0.0 55.7 25.2 0.0 0.0 141.6 0.0 0.0 0.0 1723.7
0 6 7 9 3 10
0 0.0 0.0 328.4 0.0 0.0 352.2 224.9 0.0 569.0 1661.5 0.0 0.0
**********2024-01-31 00:55:27**********
58752.971 58759.279 0.011 193.073 468.624 
0 11
0 0.0 0.0 0.0 0.0 0.0 0.0 0.0 0.0 0.0 0.0 3136.0 0.0
0 4 12 5 1 8 2
0 607.9 581.9 0.0 55.7 25.2 0.0 0.0 141.6 0.0 0.0 0.0 1723.7
0 6 7 9 3 10
0 0.0 0.0 328.4 0.0 0.0 352.2 224.9 0.0 569.0 1661.5 0.0 0.0
**********2024-01-31 00:55:33**********
58752.977 58759.279 0.011 193.073 474.931 
0 11
0 0.0 0.0 0.0 0.0 0.0 0.0 0.0 0.0 0.0 0.0 3136.0 0.0
0 4 12 5 1 8 2
0 607.9 581.9 0.0 55.7 25.2 0.0 0.0 141.6 0.0 0.0 0.0 1723.7
0 6 7 9 3 10
0 0.0 0.0 328.4 0.0 0.0 352.2 224.9 0.0 569.0 1661.5 0.0 0.0
**********2024-01-31 00:55:41**********
58752.977 58759.279 0.011 193.073 482.894 
0 11
0 0.0 0.0 0.0 0.0 0.0 0.0 0.0 0.0 0.0 0.0 3136.0 0.0
0 4 12 5 1 8 2
0 607.9 581.9 0.0 55.7 25.2 0.0 0.0 141.6 0.0 0.0 0.0 1723.7
0 6 7 9 3 10
0 0.0 0.0 328.4 0.0 0.0 352.2 224.9 0.0 569.0 1661.5 0.0 0.0
**********2024-01-31 00:55:48**********
58752.977 58759.279 0.011 193.073 489.717 
0 11
0 0.0 0.0 0.0 0.0 0.0 0.0 0.0 0.0 0.0 0.0 3136.0 0.0
0 4 12 5 1 8 2
0 607.9 581.9 0.0 55.7 25.2 0.0 0.0 141.6 0.0 0.0 0.0 1723.7
0 6 7 9 3 10
0 0.0 0.0 328.4 0.0 0.0 352.2 224.9 0.0 569.0 1661.5 0.0 0.0
**********2024-01-31 00:55:54**********
58752.978 58759.279 0.011 193.073 496.332 
0 11
0 0.0 0.0 0.0 0.0 0.0 0.0 0.0 0.0 0.0 0.0 3136.0 0.0
0 4 12 5 1 8 2
0 607.9 581.9 0.0 55.7 25.2 0.0 0.0 141.6 0.0 0.0 0.0 1723.7
0 6 7 9 3 10
0 0.0 0.0 328.4 0.0 0.0 352.2 224.9 0.0 569.0 1661.5 0.0 0.0
**********2024-01-31 00:56:00**********
58753.014 58759.279 0.011 193.073 502.271 
0 11
0 0.0 0.0 0.0 0.0 0.0 0.0 0.0 0.0 0.0 0.0 3136.0 0.0
0 4 12 5 1 8 2
0 607.9 581.9 0.0 55.7 25.2 0.0 0.0 141.6 0.0 0.0 0.0 1723.7
0 6 7 9 3 10
0 0.0 0.0 328.4 0.0 0.0 352.2 224.9 0.0 569.0 1661.5 0.0 0.0
**********2024-01-31 00:56:09**********
58753.022 58759.279 0.011 193.073 511.14 
0 11
0 0.0 0.0 0.0 0.0 0.0 0.0 0.0 0.0 0.0 0.0 3136.0 0.0
0 4 12 5 1 8 2
0 607.9 581.9 0.0 55.7 25.2 0.0 0.0 141.6 0.0 0.0 0.0 1723.7
0 6 7 9 3 10
0 0.0 0.0 328.4 0.0 0.0 352.2 224.9 0.0 569.0 1661.5 0.0 0.0
**********2024-01-31 00:56:15**********
58753.068 58759.279 0.011 193.073 516.693 
0 11
0 0.0 0.0 0.0 0.0 0.0 0.0 0.0 0.0 0.0 0.0 3136.0 0.0
0 4 12 5 1 8 2
0 607.9 581.9 0.0 55.7 25.2 0.0 0.0 141.6 0.0 0.0 0.0 1723.7
0 6 7 9 3 10
0 0.0 0.0 328.4 0.0 0.0 352.2 224.9 0.0 569.0 1661.5 0.0 0.0
**********2024-01-31 00:56:21**********
58753.124 58759.279 0.01 193.073 523.099 
0 11
0 0.0 0.0 0.0 0.0 0.0 0.0 0.0 0.0 0.0 0.0 3136.0 0.0
0 4 12 5 1 8 2
0 607.9 581.9 0.0 55.7 25.2 0.0 0.0 141.6 0.0 0.0 0.0 1723.7
0 6 7 9 3 10
0 0.0 0.0 328.4 0.0 0.0 352.2 224.9 0.0 569.0 1661.5 0.0 0.0
**********2024-01-31 00:56:27**********
58753.169 58759.279 0.01 193.073 529.237 
0 11
0 0.0 0.0 0.0 0.0 0.0 0.0 0.0 0.0 0.0 0.0 3136.0 0.0
0 4 12 5 1 8 2
0 607.9 581.9 0.0 55.7 25.2 0.0 0.0 141.6 0.0 0.0 0.0 1723.7
0 6 7 9 3 10
0 0.0 0.0 328.4 0.0 0.0 352.2 224.9 0.0 569.0 1661.5 0.0 0.0
**********2024-01-31 00:56:35**********
58753.169 58759.279 0.01 193.073 537.313 
0 11
0 0.0 0.0 0.0 0.0 0.0 0.0 0.0 0.0 0.0 0.0 3136.0 0.0
0 4 12 5 1 8 2
0 607.9 581.9 0.0 55.7 25.2 0.0 0.0 141.6 0.0 0.0 0.0 1723.7
0 6 7 9 3 10
0 0.0 0.0 328.4 0.0 0.0 352.2 224.9 0.0 569.0 1661.5 0.0 0.0
**********2024-01-31 00:56:43**********
58753.169 58759.279 0.01 193.073 545.104 
0 11
0 0.0 0.0 0.0 0.0 0.0 0.0 0.0 0.0 0.0 0.0 3136.0 0.0
0 4 12 5 1 8 2
0 607.9 581.9 0.0 55.7 25.2 0.0 0.0 141.6 0.0 0.0 0.0 1723.7
0 6 7 9 3 10
0 0.0 0.0 328.4 0.0 0.0 352.2 224.9 0.0 569.0 1661.5 0.0 0.0
**********2024-01-31 00:56:50**********
58753.169 58759.279 0.01 193.073 552.207 
0 11
0 0.0 0.0 0.0 0.0 0.0 0.0 0.0 0.0 0.0 0.0 3136.0 0.0
0 4 12 5 1 8 2
0 607.9 581.9 0.0 55.7 25.2 0.0 0.0 141.6 0.0 0.0 0.0 1723.7
0 6 7 9 3 10
0 0.0 0.0 328.4 0.0 0.0 352.2 224.9 0.0 569.0 1661.5 0.0 0.0
**********2024-01-31 00:56:59**********
58753.169 58759.279 0.01 193.073 560.706 
0 11
0 0.0 0.0 0.0 0.0 0.0 0.0 0.0 0.0 0.0 0.0 3136.0 0.0
0 4 12 5 1 8 2
0 607.9 581.9 0.0 55.7 25.2 0.0 0.0 141.6 0.0 0.0 0.0 1723.7
0 6 7 9 3 10
0 0.0 0.0 328.4 0.0 0.0 352.2 224.9 0.0 569.0 1661.5 0.0 0.0
**********2024-01-31 00:57:06**********
58753.169 58759.279 0.01 193.073 568.28 
0 11
0 0.0 0.0 0.0 0.0 0.0 0.0 0.0 0.0 0.0 0.0 3136.0 0.0
0 4 12 5 1 8 2
0 607.9 581.9 0.0 55.7 25.2 0.0 0.0 141.6 0.0 0.0 0.0 1723.7
0 6 7 9 3 10
0 0.0 0.0 328.4 0.0 0.0 352.2 224.9 0.0 569.0 1661.5 0.0 0.0
**********2024-01-31 00:57:15**********
58753.182 58759.279 0.01 193.073 577.433 
0 11
0 0.0 0.0 0.0 0.0 0.0 0.0 0.0 0.0 0.0 0.0 3136.0 0.0
0 4 12 5 1 8 2
0 607.9 581.9 0.0 55.7 25.2 0.0 0.0 141.6 0.0 0.0 0.0 1723.7
0 6 7 9 3 10
0 0.0 0.0 328.4 0.0 0.0 352.2 224.9 0.0 569.0 1661.5 0.0 0.0
**********2024-01-31 00:57:21**********
58753.182 58759.279 0.01 193.073 583.077 
0 11
0 0.0 0.0 0.0 0.0 0.0 0.0 0.0 0.0 0.0 0.0 3136.0 0.0
0 4 12 5 1 8 2
0 607.9 581.9 0.0 55.7 25.2 0.0 0.0 141.6 0.0 0.0 0.0 1723.7
0 6 7 9 3 10
0 0.0 0.0 328.4 0.0 0.0 352.2 224.9 0.0 569.0 1661.5 0.0 0.0
**********2024-01-31 00:57:27**********
58753.182 58759.279 0.01 193.073 588.815 
0 11
0 0.0 0.0 0.0 0.0 0.0 0.0 0.0 0.0 0.0 0.0 3136.0 0.0
0 4 12 5 1 8 2
0 607.9 581.9 0.0 55.7 25.2 0.0 0.0 141.6 0.0 0.0 0.0 1723.7
0 6 7 9 3 10
0 0.0 0.0 328.4 0.0 0.0 352.2 224.9 0.0 569.0 1661.5 0.0 0.0
**********2024-01-31 00:57:32**********
58753.182 58759.279 0.01 193.073 594.513 
0 11
0 0.0 0.0 0.0 0.0 0.0 0.0 0.0 0.0 0.0 0.0 3136.0 0.0
0 4 12 5 1 8 2
0 607.9 581.9 0.0 55.7 25.2 0.0 0.0 141.6 0.0 0.0 0.0 1723.7
0 6 7 9 3 10
0 0.0 0.0 328.4 0.0 0.0 352.2 224.9 0.0 569.0 1661.5 0.0 0.0
**********2024-01-31 00:57:39**********
58753.182 58759.279 0.01 193.073 600.843 
0 11
0 0.0 0.0 0.0 0.0 0.0 0.0 0.0 0.0 0.0 0.0 3136.0 0.0
0 4 12 5 1 8 2
0 607.9 581.9 0.0 55.7 25.2 0.0 0.0 141.6 0.0 0.0 0.0 1723.7
0 6 7 9 3 10
0 0.0 0.0 328.4 0.0 0.0 352.2 224.9 0.0 569.0 1661.5 0.0 0.0
**********2024-01-31 00:57:45**********
58753.183 58759.279 0.01 193.073 607.44 
0 11
0 0.0 0.0 0.0 0.0 0.0 0.0 0.0 0.0 0.0 0.0 3136.0 0.0
0 4 12 5 1 8 2
0 607.9 581.9 0.0 55.7 25.2 0.0 0.0 141.6 0.0 0.0 0.0 1723.7
0 6 7 9 3 10
0 0.0 0.0 328.4 0.0 0.0 352.2 224.9 0.0 569.0 1661.5 0.0 0.0
**********2024-01-31 00:57:50**********
58753.219 58759.279 0.01 193.073 612.527 
0 11
0 0.0 0.0 0.0 0.0 0.0 0.0 0.0 0.0 0.0 0.0 3136.0 0.0
0 4 12 5 1 8 2
0 607.9 581.9 0.0 55.7 25.2 0.0 0.0 141.6 0.0 0.0 0.0 1723.7
0 6 7 9 3 10
0 0.0 0.0 328.4 0.0 0.0 352.2 224.9 0.0 569.0 1661.5 0.0 0.0
**********2024-01-31 00:57:57**********
58753.26 58759.279 0.01 193.073 618.806 
0 11
0 0.0 0.0 0.0 0.0 0.0 0.0 0.0 0.0 0.0 0.0 3136.0 0.0
0 4 12 5 1 8 2
0 607.9 581.9 0.0 55.7 25.2 0.0 0.0 141.6 0.0 0.0 0.0 1723.7
0 6 7 9 3 10
0 0.0 0.0 328.4 0.0 0.0 352.2 224.9 0.0 569.0 1661.5 0.0 0.0
**********2024-01-31 00:58:03**********
58753.26 58759.279 0.01 193.073 624.826 
0 11
0 0.0 0.0 0.0 0.0 0.0 0.0 0.0 0.0 0.0 0.0 3136.0 0.0
0 4 12 5 1 8 2
0 607.9 581.9 0.0 55.7 25.2 0.0 0.0 141.6 0.0 0.0 0.0 1723.7
0 6 7 9 3 10
0 0.0 0.0 328.4 0.0 0.0 352.2 224.9 0.0 569.0 1661.5 0.0 0.0
**********2024-01-31 00:58:08**********
58753.26 58759.279 0.01 193.073 630.004 
0 11
0 0.0 0.0 0.0 0.0 0.0 0.0 0.0 0.0 0.0 0.0 3136.0 0.0
0 4 12 5 1 8 2
0 607.9 581.9 0.0 55.7 25.2 0.0 0.0 141.6 0.0 0.0 0.0 1723.7
0 6 7 9 3 10
0 0.0 0.0 328.4 0.0 0.0 352.2 224.9 0.0 569.0 1661.5 0.0 0.0
**********2024-01-31 00:58:13**********
58753.29 58759.279 0.01 193.073 635.126 
0 11
0 0.0 0.0 0.0 0.0 0.0 0.0 0.0 0.0 0.0 0.0 3136.0 0.0
0 4 12 5 1 8 2
0 607.9 581.9 0.0 55.7 25.2 0.0 0.0 141.6 0.0 0.0 0.0 1723.7
0 6 7 9 3 10
0 0.0 0.0 328.4 0.0 0.0 352.2 224.9 0.0 569.0 1661.5 0.0 0.0
**********2024-01-31 00:58:18**********
58753.29 58759.279 0.01 193.073 640.401 
0 11
0 0.0 0.0 0.0 0.0 0.0 0.0 0.0 0.0 0.0 0.0 3136.0 0.0
0 4 12 5 1 8 2
0 607.9 581.9 0.0 55.7 25.2 0.0 0.0 141.6 0.0 0.0 0.0 1723.7
0 6 7 9 3 10
0 0.0 0.0 328.4 0.0 0.0 352.2 224.9 0.0 569.0 1661.5 0.0 0.0
**********2024-01-31 00:58:23**********
58753.29 58759.279 0.01 193.073 645.344 
0 11
0 0.0 0.0 0.0 0.0 0.0 0.0 0.0 0.0 0.0 0.0 3136.0 0.0
0 4 12 5 1 8 2
0 607.9 581.9 0.0 55.7 25.2 0.0 0.0 141.6 0.0 0.0 0.0 1723.7
0 6 7 9 3 10
0 0.0 0.0 328.4 0.0 0.0 352.2 224.9 0.0 569.0 1661.5 0.0 0.0
**********2024-01-31 00:58:29**********
58753.29 58759.279 0.01 193.073 650.84 
0 11
0 0.0 0.0 0.0 0.0 0.0 0.0 0.0 0.0 0.0 0.0 3136.0 0.0
0 4 12 5 1 8 2
0 607.9 581.9 0.0 55.7 25.2 0.0 0.0 141.6 0.0 0.0 0.0 1723.7
0 6 7 9 3 10
0 0.0 0.0 328.4 0.0 0.0 352.2 224.9 0.0 569.0 1661.5 0.0 0.0
**********2024-01-31 00:58:33**********
58753.337 58759.279 0.01 193.073 655.471 
0 11
0 0.0 0.0 0.0 0.0 0.0 0.0 0.0 0.0 0.0 0.0 3136.0 0.0
0 4 12 5 1 8 2
0 607.9 581.9 0.0 55.7 25.2 0.0 0.0 141.6 0.0 0.0 0.0 1723.7
0 6 7 9 3 10
0 0.0 0.0 328.4 0.0 0.0 352.2 224.9 0.0 569.0 1661.5 0.0 0.0
**********2024-01-31 00:58:40**********
58753.339 58759.279 0.01 193.073 661.792 
0 11
0 0.0 0.0 0.0 0.0 0.0 0.0 0.0 0.0 0.0 0.0 3136.0 0.0
0 4 12 5 1 8 2
0 607.9 581.9 0.0 55.7 25.2 0.0 0.0 141.6 0.0 0.0 0.0 1723.7
0 6 7 9 3 10
0 0.0 0.0 328.4 0.0 0.0 352.2 224.9 0.0 569.0 1661.5 0.0 0.0
**********2024-01-31 00:58:45**********
58753.339 58759.279 0.01 193.073 667.011 
0 11
0 0.0 0.0 0.0 0.0 0.0 0.0 0.0 0.0 0.0 0.0 3136.0 0.0
0 4 12 5 1 8 2
0 607.9 581.9 0.0 55.7 25.2 0.0 0.0 141.6 0.0 0.0 0.0 1723.7
0 6 7 9 3 10
0 0.0 0.0 328.4 0.0 0.0 352.2 224.9 0.0 569.0 1661.5 0.0 0.0
**********2024-01-31 00:58:51**********
58753.339 58758.2 0.008 672.937 672.937 
0 5 11
0 0 0 0 0 17.6 0 0 0 0 0 3118.4 0
0 6 7 9 3 10
0 0.0 0.0 328.4 0.0 0.0 352.2 224.9 0.0 569.0 1661.5 0.0 0.0
0 4 12 1 8 2
0 612.8 586.6 0.0 56.2 0.0 0.0 0.0 142.8 0.0 0.0 0.0 1737.7
