**********2022-05-25 11:06:12**********
41827.645 41903.517 0.181 17.903 17.903 
0 6 7 8 1 9 2
0 1584.8 1.4 0.0 0.0 0.0 399.4 165.2 56.2 55.1 0.0 0.0 0.0
0 5 11
0 0.0 0.0 0.0 0.0 1627.6 0.0 0.0 0.0 0.0 0.0 634.4 0.0
0 4 12 3 10
0 0.0 0.0 1299.4 473.2 0.0 0.0 0.0 -0.0 0.0 314.7 0.0 174.7
**********2022-05-25 11:06:22**********
41827.645 41903.517 0.181 17.903 27.213 
0 6 7 8 1 9 2
0 1584.8 1.4 0.0 0.0 0.0 399.4 165.2 56.2 55.1 0.0 0.0 0.0
0 5 11
0 0.0 0.0 0.0 0.0 1627.6 0.0 0.0 0.0 0.0 0.0 634.4 0.0
0 4 12 3 10
0 0.0 0.0 1299.4 473.2 0.0 0.0 0.0 -0.0 0.0 314.7 0.0 174.7
**********2022-05-25 11:06:32**********
41827.645 41903.517 0.181 17.903 37.334 
0 6 7 8 1 9 2
0 1584.8 1.4 0.0 0.0 0.0 399.4 165.2 56.2 55.1 0.0 0.0 0.0
0 5 11
0 0.0 0.0 0.0 0.0 1627.6 0.0 0.0 0.0 0.0 0.0 634.4 0.0
0 4 12 3 10
0 0.0 0.0 1299.4 473.2 0.0 0.0 0.0 -0.0 0.0 314.7 0.0 174.7
**********2022-05-25 11:06:41**********
41827.645 41903.517 0.181 17.903 46.557 
0 6 7 8 1 9 2
0 1584.8 1.4 0.0 0.0 0.0 399.4 165.2 56.2 55.1 0.0 0.0 0.0
0 5 11
0 0.0 0.0 0.0 0.0 1627.6 0.0 0.0 0.0 0.0 0.0 634.4 0.0
0 4 12 3 10
0 0.0 0.0 1299.4 473.2 0.0 0.0 0.0 -0.0 0.0 314.7 0.0 174.7
**********2022-05-25 11:06:51**********
41827.645 41903.517 0.181 17.903 56.998 
0 6 7 8 1 9 2
0 1584.8 1.4 0.0 0.0 0.0 399.4 165.2 56.2 55.1 0.0 0.0 0.0
0 5 11
0 0.0 0.0 0.0 0.0 1627.6 0.0 0.0 0.0 0.0 0.0 634.4 0.0
0 4 12 3 10
0 0.0 0.0 1299.4 473.2 0.0 0.0 0.0 -0.0 0.0 314.7 0.0 174.7
**********2022-05-25 11:07:02**********
41827.645 41903.517 0.181 17.903 68.002 
0 6 7 8 1 9 2
0 1584.8 1.4 0.0 0.0 0.0 399.4 165.2 56.2 55.1 0.0 0.0 0.0
0 5 11
0 0.0 0.0 0.0 0.0 1627.6 0.0 0.0 0.0 0.0 0.0 634.4 0.0
0 4 12 3 10
0 0.0 0.0 1299.4 473.2 0.0 0.0 0.0 -0.0 0.0 314.7 0.0 174.7
**********2022-05-25 11:07:14**********
41827.889 41903.517 0.18 17.903 80.0 
0 6 7 8 1 9 2
0 1584.8 1.4 0.0 0.0 0.0 399.4 165.2 56.2 55.1 0.0 0.0 0.0
0 5 11
0 0.0 0.0 0.0 0.0 1627.6 0.0 0.0 0.0 0.0 0.0 634.4 0.0
0 4 12 3 10
0 0.0 0.0 1299.4 473.2 0.0 0.0 0.0 -0.0 0.0 314.7 0.0 174.7
**********2022-05-25 11:07:23**********
41829.79 41903.517 0.176 17.903 88.589 
0 6 7 8 1 9 2
0 1584.8 1.4 0.0 0.0 0.0 399.4 165.2 56.2 55.1 0.0 0.0 0.0
0 5 11
0 0.0 0.0 0.0 0.0 1627.6 0.0 0.0 0.0 0.0 0.0 634.4 0.0
0 4 12 3 10
0 0.0 0.0 1299.4 473.2 0.0 0.0 0.0 -0.0 0.0 314.7 0.0 174.7
**********2022-05-25 11:07:28**********
41829.902 41903.517 0.176 17.903 94.032 
0 6 7 8 1 9 2
0 1584.8 1.4 0.0 0.0 0.0 399.4 165.2 56.2 55.1 0.0 0.0 0.0
0 5 11
0 0.0 0.0 0.0 0.0 1627.6 0.0 0.0 0.0 0.0 0.0 634.4 0.0
0 4 12 3 10
0 0.0 0.0 1299.4 473.2 0.0 0.0 0.0 -0.0 0.0 314.7 0.0 174.7
**********2022-05-25 11:07:34**********
41830.027 41903.517 0.175 17.903 99.82 
0 6 7 8 1 9 2
0 1584.8 1.4 0.0 0.0 0.0 399.4 165.2 56.2 55.1 0.0 0.0 0.0
0 5 11
0 0.0 0.0 0.0 0.0 1627.6 0.0 0.0 0.0 0.0 0.0 634.4 0.0
0 4 12 3 10
0 0.0 0.0 1299.4 473.2 0.0 0.0 0.0 -0.0 0.0 314.7 0.0 174.7
**********2022-05-25 11:07:41**********
41830.027 41903.517 0.175 17.903 107.167 
0 6 7 8 1 9 2
0 1584.8 1.4 0.0 0.0 0.0 399.4 165.2 56.2 55.1 0.0 0.0 0.0
0 5 11
0 0.0 0.0 0.0 0.0 1627.6 0.0 0.0 0.0 0.0 0.0 634.4 0.0
0 4 12 3 10
0 0.0 0.0 1299.4 473.2 0.0 0.0 0.0 -0.0 0.0 314.7 0.0 174.7
**********2022-05-25 11:07:48**********
41830.037 41903.517 0.175 17.903 113.619 
0 6 7 8 1 9 2
0 1584.8 1.4 0.0 0.0 0.0 399.4 165.2 56.2 55.1 0.0 0.0 0.0
0 5 11
0 0.0 0.0 0.0 0.0 1627.6 0.0 0.0 0.0 0.0 0.0 634.4 0.0
0 4 12 3 10
0 0.0 0.0 1299.4 473.2 0.0 0.0 0.0 -0.0 0.0 314.7 0.0 174.7
**********2022-05-25 11:07:54**********
41830.041 41903.517 0.175 17.903 119.85 
0 6 7 8 1 9 2
0 1584.8 1.4 0.0 0.0 0.0 399.4 165.2 56.2 55.1 0.0 0.0 0.0
0 5 11
0 0.0 0.0 0.0 0.0 1627.6 0.0 0.0 0.0 0.0 0.0 634.4 0.0
0 4 12 3 10
0 0.0 0.0 1299.4 473.2 0.0 0.0 0.0 -0.0 0.0 314.7 0.0 174.7
**********2022-05-25 11:08:00**********
41830.041 41903.517 0.175 17.903 125.183 
0 6 7 8 1 9 2
0 1584.8 1.4 0.0 0.0 0.0 399.4 165.2 56.2 55.1 0.0 0.0 0.0
0 5 11
0 0.0 0.0 0.0 0.0 1627.6 0.0 0.0 0.0 0.0 0.0 634.4 0.0
0 4 12 3 10
0 0.0 0.0 1299.4 473.2 0.0 0.0 0.0 -0.0 0.0 314.7 0.0 174.7
**********2022-05-25 11:08:06**********
41830.041 41903.517 0.175 17.903 131.252 
0 6 7 8 1 9 2
0 1584.8 1.4 0.0 0.0 0.0 399.4 165.2 56.2 55.1 0.0 0.0 0.0
0 5 11
0 0.0 0.0 0.0 0.0 1627.6 0.0 0.0 0.0 0.0 0.0 634.4 0.0
0 4 12 3 10
0 0.0 0.0 1299.4 473.2 0.0 0.0 0.0 -0.0 0.0 314.7 0.0 174.7
**********2022-05-25 11:08:12**********
41830.201 41903.517 0.175 17.903 137.246 
0 6 7 8 1 9 2
0 1584.8 1.4 0.0 0.0 0.0 399.4 165.2 56.2 55.1 0.0 0.0 0.0
0 5 11
0 0.0 0.0 0.0 0.0 1627.6 0.0 0.0 0.0 0.0 0.0 634.4 0.0
0 4 12 3 10
0 0.0 0.0 1299.4 473.2 0.0 0.0 0.0 -0.0 0.0 314.7 0.0 174.7
**********2022-05-25 11:08:20**********
41830.201 41903.517 0.175 17.903 145.824 
0 6 7 8 1 9 2
0 1584.8 1.4 0.0 0.0 0.0 399.4 165.2 56.2 55.1 0.0 0.0 0.0
0 5 11
0 0.0 0.0 0.0 0.0 1627.6 0.0 0.0 0.0 0.0 0.0 634.4 0.0
0 4 12 3 10
0 0.0 0.0 1299.4 473.2 0.0 0.0 0.0 -0.0 0.0 314.7 0.0 174.7
**********2022-05-25 11:08:29**********
41830.274 41903.517 0.175 17.903 155.095 
0 6 7 8 1 9 2
0 1584.8 1.4 0.0 0.0 0.0 399.4 165.2 56.2 55.1 0.0 0.0 0.0
0 5 11
0 0.0 0.0 0.0 0.0 1627.6 0.0 0.0 0.0 0.0 0.0 634.4 0.0
0 4 12 3 10
0 0.0 0.0 1299.4 473.2 0.0 0.0 0.0 -0.0 0.0 314.7 0.0 174.7
**********2022-05-25 11:08:37**********
41830.524 41903.517 0.174 17.903 162.342 
0 6 7 8 1 9 2
0 1584.8 1.4 0.0 0.0 0.0 399.4 165.2 56.2 55.1 0.0 0.0 0.0
0 5 11
0 0.0 0.0 0.0 0.0 1627.6 0.0 0.0 0.0 0.0 0.0 634.4 0.0
0 4 12 3 10
0 0.0 0.0 1299.4 473.2 0.0 0.0 0.0 -0.0 0.0 314.7 0.0 174.7
**********2022-05-25 11:08:42**********
41830.671 41903.517 0.174 17.903 167.195 
0 6 7 8 1 9 2
0 1584.8 1.4 0.0 0.0 0.0 399.4 165.2 56.2 55.1 0.0 0.0 0.0
0 5 11
0 0.0 0.0 0.0 0.0 1627.6 0.0 0.0 0.0 0.0 0.0 634.4 0.0
0 4 12 3 10
0 0.0 0.0 1299.4 473.2 0.0 0.0 0.0 -0.0 0.0 314.7 0.0 174.7
**********2022-05-25 11:08:51**********
41830.671 41903.517 0.174 17.903 176.398 
0 6 7 8 1 9 2
0 1584.8 1.4 0.0 0.0 0.0 399.4 165.2 56.2 55.1 0.0 0.0 0.0
0 5 11
0 0.0 0.0 0.0 0.0 1627.6 0.0 0.0 0.0 0.0 0.0 634.4 0.0
0 4 12 3 10
0 0.0 0.0 1299.4 473.2 0.0 0.0 0.0 -0.0 0.0 314.7 0.0 174.7
**********2022-05-25 11:09:00**********
41830.755 41903.517 0.174 17.903 185.942 
0 6 7 8 1 9 2
0 1584.8 1.4 0.0 0.0 0.0 399.4 165.2 56.2 55.1 0.0 0.0 0.0
0 5 11
0 0.0 0.0 0.0 0.0 1627.6 0.0 0.0 0.0 0.0 0.0 634.4 0.0
0 4 12 3 10
0 0.0 0.0 1299.4 473.2 0.0 0.0 0.0 -0.0 0.0 314.7 0.0 174.7
**********2022-05-25 11:09:07**********
41830.755 41895.585 0.155 192.956 192.956 
0 10 8 3 11
0 0 0 1261.1 0 0 0 0 57.3 0 305.4 638.2 0
0 4 12 5
0 0 0 0 458.5 1634.3 0 0 0 0 0 0 169.2
0 6 1 7 9 2
0 1625.2 1.4 0.0 0.0 0.0 409.6 169.4 0.0 56.5 0.0 0.0 0.0
**********2022-05-25 11:09:13**********
41830.755 41895.585 0.155 192.956 198.638 
0 10 8 3 11
0 0 0 1261.1 0 0 0 0 57.3 0 305.4 638.2 0
0 4 12 5
0 0 0 0 458.5 1634.3 0 0 0 0 0 0 169.2
0 6 1 7 9 2
0 1625.2 1.4 0.0 0.0 0.0 409.6 169.4 0.0 56.5 0.0 0.0 0.0
**********2022-05-25 11:09:20**********
41830.805 41871.381 0.097 205.211 205.211 
0 9 11 3 10
0 0 0 1261.7 0 0 0 0 0 56.2 305.6 638.5 0
0 4 12 5
0 0 0 0 458.5 1634.3 0 0 0 0 0 0 169.2
0 2 7 8 1 6
0 1624.4 1.4 0 0 0 409.4 169.3 57.6 0 0 0 0
**********2022-05-25 11:09:25**********
41830.805 41871.381 0.097 205.211 210.91 
0 9 11 3 10
0 0 0 1261.7 0 0 0 0 0 56.2 305.6 638.5 0
0 4 12 5
0 0 0 0 458.5 1634.3 0 0 0 0 0 0 169.2
0 2 7 8 1 6
0 1624.4 1.4 0 0 0 409.4 169.3 57.6 0 0 0 0
**********2022-05-25 11:09:32**********
41830.869 41871.381 0.097 205.211 217.953 
0 9 11 3 10
0 0 0 1261.7 0 0 0 0 0 56.2 305.6 638.5 0
0 4 12 5
0 0 0 0 458.5 1634.3 0 0 0 0 0 0 169.2
0 2 7 8 1 6
0 1624.4 1.4 0 0 0 409.4 169.3 57.6 0 0 0 0
**********2022-05-25 11:09:38**********
41830.869 41871.381 0.097 205.211 223.693 
0 9 11 3 10
0 0 0 1261.7 0 0 0 0 0 56.2 305.6 638.5 0
0 4 12 5
0 0 0 0 458.5 1634.3 0 0 0 0 0 0 169.2
0 2 7 8 1 6
0 1624.4 1.4 0 0 0 409.4 169.3 57.6 0 0 0 0
**********2022-05-25 11:09:45**********
41830.869 41871.381 0.097 205.211 230.427 
0 9 11 3 10
0 0 0 1261.7 0 0 0 0 0 56.2 305.6 638.5 0
0 4 12 5
0 0 0 0 458.5 1634.3 0 0 0 0 0 0 169.2
0 2 7 8 1 6
0 1624.4 1.4 0 0 0 409.4 169.3 57.6 0 0 0 0
**********2022-05-25 11:09:50**********
41830.869 41871.381 0.097 205.211 235.523 
0 9 11 3 10
0 0 0 1261.7 0 0 0 0 0 56.2 305.6 638.5 0
0 4 12 5
0 0 0 0 458.5 1634.3 0 0 0 0 0 0 169.2
0 2 7 8 1 6
0 1624.4 1.4 0 0 0 409.4 169.3 57.6 0 0 0 0
**********2022-05-25 11:09:55**********
41830.869 41871.381 0.097 205.211 240.98 
0 9 11 3 10
0 0 0 1261.7 0 0 0 0 0 56.2 305.6 638.5 0
0 4 12 5
0 0 0 0 458.5 1634.3 0 0 0 0 0 0 169.2
0 2 7 8 1 6
0 1624.4 1.4 0 0 0 409.4 169.3 57.6 0 0 0 0
**********2022-05-25 11:10:01**********
41830.869 41871.381 0.097 205.211 246.343 
0 9 11 3 10
0 0 0 1261.7 0 0 0 0 0 56.2 305.6 638.5 0
0 4 12 5
0 0 0 0 458.5 1634.3 0 0 0 0 0 0 169.2
0 2 7 8 1 6
0 1624.4 1.4 0 0 0 409.4 169.3 57.6 0 0 0 0
**********2022-05-25 11:10:07**********
41830.908 41871.381 0.097 205.211 252.495 
0 9 11 3 10
0 0 0 1261.7 0 0 0 0 0 56.2 305.6 638.5 0
0 4 12 5
0 0 0 0 458.5 1634.3 0 0 0 0 0 0 169.2
0 2 7 8 1 6
0 1624.4 1.4 0 0 0 409.4 169.3 57.6 0 0 0 0
**********2022-05-25 11:10:13**********
41830.908 41871.381 0.097 205.211 258.737 
0 9 11 3 10
0 0 0 1261.7 0 0 0 0 0 56.2 305.6 638.5 0
0 4 12 5
0 0 0 0 458.5 1634.3 0 0 0 0 0 0 169.2
0 2 7 8 1 6
0 1624.4 1.4 0 0 0 409.4 169.3 57.6 0 0 0 0
**********2022-05-25 11:10:22**********
41830.908 41871.381 0.097 205.211 267.587 
0 9 11 3 10
0 0 0 1261.7 0 0 0 0 0 56.2 305.6 638.5 0
0 4 12 5
0 0 0 0 458.5 1634.3 0 0 0 0 0 0 169.2
0 2 7 8 1 6
0 1624.4 1.4 0 0 0 409.4 169.3 57.6 0 0 0 0
**********2022-05-25 11:10:30**********
41830.921 41871.381 0.097 205.211 275.388 
0 9 11 3 10
0 0 0 1261.7 0 0 0 0 0 56.2 305.6 638.5 0
0 4 12 5
0 0 0 0 458.5 1634.3 0 0 0 0 0 0 169.2
0 2 7 8 1 6
0 1624.4 1.4 0 0 0 409.4 169.3 57.6 0 0 0 0
**********2022-05-25 11:10:31**********
41830.921 41871.381 0.097 205.211 276.919 
0 9 11 3 10
0 0 0 1261.7 0 0 0 0 0 56.2 305.6 638.5 0
0 4 12 5
0 0 0 0 458.5 1634.3 0 0 0 0 0 0 169.2
0 2 7 8 1 6
0 1624.4 1.4 0 0 0 409.4 169.3 57.6 0 0 0 0
**********2022-05-25 11:10:38**********
41831.02 41871.381 0.096 205.211 283.201 
0 9 11 3 10
0 0 0 1261.7 0 0 0 0 0 56.2 305.6 638.5 0
0 4 12 5
0 0 0 0 458.5 1634.3 0 0 0 0 0 0 169.2
0 2 7 8 1 6
0 1624.4 1.4 0 0 0 409.4 169.3 57.6 0 0 0 0
**********2022-05-25 11:10:42**********
41831.562 41871.381 0.095 205.211 287.973 
0 9 11 3 10
0 0 0 1261.7 0 0 0 0 0 56.2 305.6 638.5 0
0 4 12 5
0 0 0 0 458.5 1634.3 0 0 0 0 0 0 169.2
0 2 7 8 1 6
0 1624.4 1.4 0 0 0 409.4 169.3 57.6 0 0 0 0
**********2022-05-25 11:10:48**********
41831.562 41871.381 0.095 205.211 293.413 
0 9 11 3 10
0 0 0 1261.7 0 0 0 0 0 56.2 305.6 638.5 0
0 4 12 5
0 0 0 0 458.5 1634.3 0 0 0 0 0 0 169.2
0 2 7 8 1 6
0 1624.4 1.4 0 0 0 409.4 169.3 57.6 0 0 0 0
**********2022-05-25 11:10:53**********
41831.562 41871.381 0.095 205.211 299.138 
0 9 11 3 10
0 0 0 1261.7 0 0 0 0 0 56.2 305.6 638.5 0
0 4 12 5
0 0 0 0 458.5 1634.3 0 0 0 0 0 0 169.2
0 2 7 8 1 6
0 1624.4 1.4 0 0 0 409.4 169.3 57.6 0 0 0 0
**********2022-05-25 11:10:59**********
41831.562 41871.381 0.095 205.211 304.518 
0 9 11 3 10
0 0 0 1261.7 0 0 0 0 0 56.2 305.6 638.5 0
0 4 12 5
0 0 0 0 458.5 1634.3 0 0 0 0 0 0 169.2
0 2 7 8 1 6
0 1624.4 1.4 0 0 0 409.4 169.3 57.6 0 0 0 0
**********2022-05-25 11:11:04**********
41831.726 41871.381 0.095 205.211 309.658 
0 9 11 3 10
0 0 0 1261.7 0 0 0 0 0 56.2 305.6 638.5 0
0 4 12 5
0 0 0 0 458.5 1634.3 0 0 0 0 0 0 169.2
0 2 7 8 1 6
0 1624.4 1.4 0 0 0 409.4 169.3 57.6 0 0 0 0
**********2022-05-25 11:11:11**********
41831.726 41871.381 0.095 205.211 316.995 
0 9 11 3 10
0 0 0 1261.7 0 0 0 0 0 56.2 305.6 638.5 0
0 4 12 5
0 0 0 0 458.5 1634.3 0 0 0 0 0 0 169.2
0 2 7 8 1 6
0 1624.4 1.4 0 0 0 409.4 169.3 57.6 0 0 0 0
**********2022-05-25 11:11:18**********
41831.726 41871.381 0.095 205.211 323.231 
0 9 11 3 10
0 0 0 1261.7 0 0 0 0 0 56.2 305.6 638.5 0
0 4 12 5
0 0 0 0 458.5 1634.3 0 0 0 0 0 0 169.2
0 2 7 8 1 6
0 1624.4 1.4 0 0 0 409.4 169.3 57.6 0 0 0 0
**********2022-05-25 11:11:22**********
41832.009 41871.381 0.094 205.211 327.235 
0 9 11 3 10
0 0 0 1261.7 0 0 0 0 0 56.2 305.6 638.5 0
0 4 12 5
0 0 0 0 458.5 1634.3 0 0 0 0 0 0 169.2
0 2 7 8 1 6
0 1624.4 1.4 0 0 0 409.4 169.3 57.6 0 0 0 0
**********2022-05-25 11:11:28**********
41832.009 41871.381 0.094 205.211 334.032 
0 9 11 3 10
0 0 0 1261.7 0 0 0 0 0 56.2 305.6 638.5 0
0 4 12 5
0 0 0 0 458.5 1634.3 0 0 0 0 0 0 169.2
0 2 7 8 1 6
0 1624.4 1.4 0 0 0 409.4 169.3 57.6 0 0 0 0
**********2022-05-25 11:11:34**********
41832.009 41871.381 0.094 205.211 339.902 
0 9 11 3 10
0 0 0 1261.7 0 0 0 0 0 56.2 305.6 638.5 0
0 4 12 5
0 0 0 0 458.5 1634.3 0 0 0 0 0 0 169.2
0 2 7 8 1 6
0 1624.4 1.4 0 0 0 409.4 169.3 57.6 0 0 0 0
**********2022-05-25 11:11:41**********
41832.009 41871.381 0.094 205.211 346.995 
0 9 11 3 10
0 0 0 1261.7 0 0 0 0 0 56.2 305.6 638.5 0
0 4 12 5
0 0 0 0 458.5 1634.3 0 0 0 0 0 0 169.2
0 2 7 8 1 6
0 1624.4 1.4 0 0 0 409.4 169.3 57.6 0 0 0 0
**********2022-05-25 11:11:49**********
41832.009 41871.381 0.094 205.211 354.192 
0 9 11 3 10
0 0 0 1261.7 0 0 0 0 0 56.2 305.6 638.5 0
0 4 12 5
0 0 0 0 458.5 1634.3 0 0 0 0 0 0 169.2
0 2 7 8 1 6
0 1624.4 1.4 0 0 0 409.4 169.3 57.6 0 0 0 0
**********2022-05-25 11:11:57**********
41832.06 41871.381 0.094 205.211 362.642 
0 9 11 3 10
0 0 0 1261.7 0 0 0 0 0 56.2 305.6 638.5 0
0 4 12 5
0 0 0 0 458.5 1634.3 0 0 0 0 0 0 169.2
0 2 7 8 1 6
0 1624.4 1.4 0 0 0 409.4 169.3 57.6 0 0 0 0
**********2022-05-25 11:12:02**********
41832.06 41871.381 0.094 205.211 367.949 
0 9 11 3 10
0 0 0 1261.7 0 0 0 0 0 56.2 305.6 638.5 0
0 4 12 5
0 0 0 0 458.5 1634.3 0 0 0 0 0 0 169.2
0 2 7 8 1 6
0 1624.4 1.4 0 0 0 409.4 169.3 57.6 0 0 0 0
**********2022-05-25 11:12:07**********
41832.197 41871.381 0.094 205.211 372.312 
0 9 11 3 10
0 0 0 1261.7 0 0 0 0 0 56.2 305.6 638.5 0
0 4 12 5
0 0 0 0 458.5 1634.3 0 0 0 0 0 0 169.2
0 2 7 8 1 6
0 1624.4 1.4 0 0 0 409.4 169.3 57.6 0 0 0 0
**********2022-05-25 11:12:11**********
41832.197 41871.381 0.094 205.211 376.216 
0 9 11 3 10
0 0 0 1261.7 0 0 0 0 0 56.2 305.6 638.5 0
0 4 12 5
0 0 0 0 458.5 1634.3 0 0 0 0 0 0 169.2
0 2 7 8 1 6
0 1624.4 1.4 0 0 0 409.4 169.3 57.6 0 0 0 0
**********2022-05-25 11:12:15**********
41832.197 41871.381 0.094 205.211 380.705 
0 9 11 3 10
0 0 0 1261.7 0 0 0 0 0 56.2 305.6 638.5 0
0 4 12 5
0 0 0 0 458.5 1634.3 0 0 0 0 0 0 169.2
0 2 7 8 1 6
0 1624.4 1.4 0 0 0 409.4 169.3 57.6 0 0 0 0
**********2022-05-25 11:12:18**********
41832.26 41871.381 0.093 205.211 383.833 
0 9 11 3 10
0 0 0 1261.7 0 0 0 0 0 56.2 305.6 638.5 0
0 4 12 5
0 0 0 0 458.5 1634.3 0 0 0 0 0 0 169.2
0 2 7 8 1 6
0 1624.4 1.4 0 0 0 409.4 169.3 57.6 0 0 0 0
**********2022-05-25 11:12:23**********
41832.48 41871.381 0.093 205.211 388.889 
0 9 11 3 10
0 0 0 1261.7 0 0 0 0 0 56.2 305.6 638.5 0
0 4 12 5
0 0 0 0 458.5 1634.3 0 0 0 0 0 0 169.2
0 2 7 8 1 6
0 1624.4 1.4 0 0 0 409.4 169.3 57.6 0 0 0 0
**********2022-05-25 11:12:30**********
41832.48 41871.381 0.093 205.211 395.4 
0 9 11 3 10
0 0 0 1261.7 0 0 0 0 0 56.2 305.6 638.5 0
0 4 12 5
0 0 0 0 458.5 1634.3 0 0 0 0 0 0 169.2
0 2 7 8 1 6
0 1624.4 1.4 0 0 0 409.4 169.3 57.6 0 0 0 0
**********2022-05-25 11:12:36**********
41832.507 41871.381 0.093 205.211 401.413 
0 9 11 3 10
0 0 0 1261.7 0 0 0 0 0 56.2 305.6 638.5 0
0 4 12 5
0 0 0 0 458.5 1634.3 0 0 0 0 0 0 169.2
0 2 7 8 1 6
0 1624.4 1.4 0 0 0 409.4 169.3 57.6 0 0 0 0
**********2022-05-25 11:12:42**********
41832.507 41871.381 0.093 205.211 407.321 
0 9 11 3 10
0 0 0 1261.7 0 0 0 0 0 56.2 305.6 638.5 0
0 4 12 5
0 0 0 0 458.5 1634.3 0 0 0 0 0 0 169.2
0 2 7 8 1 6
0 1624.4 1.4 0 0 0 409.4 169.3 57.6 0 0 0 0
**********2022-05-25 11:12:47**********
41832.592 41871.381 0.093 205.211 412.986 
0 9 11 3 10
0 0 0 1261.7 0 0 0 0 0 56.2 305.6 638.5 0
0 4 12 5
0 0 0 0 458.5 1634.3 0 0 0 0 0 0 169.2
0 2 7 8 1 6
0 1624.4 1.4 0 0 0 409.4 169.3 57.6 0 0 0 0
**********2022-05-25 11:12:52**********
41832.592 41871.381 0.093 205.211 417.953 
0 9 11 3 10
0 0 0 1261.7 0 0 0 0 0 56.2 305.6 638.5 0
0 4 12 5
0 0 0 0 458.5 1634.3 0 0 0 0 0 0 169.2
0 2 7 8 1 6
0 1624.4 1.4 0 0 0 409.4 169.3 57.6 0 0 0 0
**********2022-05-25 11:12:59**********
41832.602 41871.381 0.093 205.211 424.29 
0 9 11 3 10
0 0 0 1261.7 0 0 0 0 0 56.2 305.6 638.5 0
0 4 12 5
0 0 0 0 458.5 1634.3 0 0 0 0 0 0 169.2
0 2 7 8 1 6
0 1624.4 1.4 0 0 0 409.4 169.3 57.6 0 0 0 0
**********2022-05-25 11:13:04**********
41832.602 41871.381 0.093 205.211 430.047 
0 9 11 3 10
0 0 0 1261.7 0 0 0 0 0 56.2 305.6 638.5 0
0 4 12 5
0 0 0 0 458.5 1634.3 0 0 0 0 0 0 169.2
0 2 7 8 1 6
0 1624.4 1.4 0 0 0 409.4 169.3 57.6 0 0 0 0
**********2022-05-25 11:13:10**********
41832.602 41869.645 0.088 435.36 435.36 
0 4 12 5
0 0 0 0 458.5 1634.3 0 0 0 0 0 0 169.2
0 3 8 10 11
0 0 0 1261.1 0 0 0 0 57.3 0 305.4 638.2 0
0 6 7 9 1 2
0 1625.2 1.4 0.0 0.0 0.0 409.6 169.4 0.0 56.5 0.0 0.0 0.0
**********2022-05-25 11:13:11**********
41832.602 41869.645 0.088 435.36 436.78 
0 4 12 5
0 0 0 0 458.5 1634.3 0 0 0 0 0 0 169.2
0 3 8 10 11
0 0 0 1261.1 0 0 0 0 57.3 0 305.4 638.2 0
0 6 7 9 1 2
0 1625.2 1.4 0.0 0.0 0.0 409.6 169.4 0.0 56.5 0.0 0.0 0.0
**********2022-05-25 11:13:18**********
41832.635 41869.645 0.088 435.36 443.272 
0 4 12 5
0 0 0 0 458.5 1634.3 0 0 0 0 0 0 169.2
0 3 8 10 11
0 0 0 1261.1 0 0 0 0 57.3 0 305.4 638.2 0
0 6 7 9 1 2
0 1625.2 1.4 0.0 0.0 0.0 409.6 169.4 0.0 56.5 0.0 0.0 0.0
**********2022-05-25 11:13:24**********
41832.635 41869.645 0.088 435.36 450.099 
0 4 12 5
0 0 0 0 458.5 1634.3 0 0 0 0 0 0 169.2
0 3 8 10 11
0 0 0 1261.1 0 0 0 0 57.3 0 305.4 638.2 0
0 6 7 9 1 2
0 1625.2 1.4 0.0 0.0 0.0 409.6 169.4 0.0 56.5 0.0 0.0 0.0
**********2022-05-25 11:13:30**********
41832.697 41869.645 0.088 435.36 456.126 
0 4 12 5
0 0 0 0 458.5 1634.3 0 0 0 0 0 0 169.2
0 3 8 10 11
0 0 0 1261.1 0 0 0 0 57.3 0 305.4 638.2 0
0 6 7 9 1 2
0 1625.2 1.4 0.0 0.0 0.0 409.6 169.4 0.0 56.5 0.0 0.0 0.0
**********2022-05-25 11:13:37**********
41832.8 41869.645 0.088 435.36 462.684 
0 4 12 5
0 0 0 0 458.5 1634.3 0 0 0 0 0 0 169.2
0 3 8 10 11
0 0 0 1261.1 0 0 0 0 57.3 0 305.4 638.2 0
0 6 7 9 1 2
0 1625.2 1.4 0.0 0.0 0.0 409.6 169.4 0.0 56.5 0.0 0.0 0.0
**********2022-05-25 11:13:43**********
41832.8 41869.645 0.088 435.36 468.866 
0 4 12 5
0 0 0 0 458.5 1634.3 0 0 0 0 0 0 169.2
0 3 8 10 11
0 0 0 1261.1 0 0 0 0 57.3 0 305.4 638.2 0
0 6 7 9 1 2
0 1625.2 1.4 0.0 0.0 0.0 409.6 169.4 0.0 56.5 0.0 0.0 0.0
**********2022-05-25 11:13:47**********
41832.839 41869.645 0.088 435.36 472.712 
0 4 12 5
0 0 0 0 458.5 1634.3 0 0 0 0 0 0 169.2
0 3 8 10 11
0 0 0 1261.1 0 0 0 0 57.3 0 305.4 638.2 0
0 6 7 9 1 2
0 1625.2 1.4 0.0 0.0 0.0 409.6 169.4 0.0 56.5 0.0 0.0 0.0
**********2022-05-25 11:13:53**********
41832.948 41869.645 0.088 435.36 478.776 
0 4 12 5
0 0 0 0 458.5 1634.3 0 0 0 0 0 0 169.2
0 3 8 10 11
0 0 0 1261.1 0 0 0 0 57.3 0 305.4 638.2 0
0 6 7 9 1 2
0 1625.2 1.4 0.0 0.0 0.0 409.6 169.4 0.0 56.5 0.0 0.0 0.0
**********2022-05-25 11:14:00**********
41832.948 41869.645 0.088 435.36 485.445 
0 4 12 5
0 0 0 0 458.5 1634.3 0 0 0 0 0 0 169.2
0 3 8 10 11
0 0 0 1261.1 0 0 0 0 57.3 0 305.4 638.2 0
0 6 7 9 1 2
0 1625.2 1.4 0.0 0.0 0.0 409.6 169.4 0.0 56.5 0.0 0.0 0.0
**********2022-05-25 11:14:06**********
41832.948 41869.645 0.088 435.36 492.091 
0 4 12 5
0 0 0 0 458.5 1634.3 0 0 0 0 0 0 169.2
0 3 8 10 11
0 0 0 1261.1 0 0 0 0 57.3 0 305.4 638.2 0
0 6 7 9 1 2
0 1625.2 1.4 0.0 0.0 0.0 409.6 169.4 0.0 56.5 0.0 0.0 0.0
**********2022-05-25 11:14:12**********
41832.948 41869.645 0.088 435.36 497.516 
0 4 12 5
0 0 0 0 458.5 1634.3 0 0 0 0 0 0 169.2
0 3 8 10 11
0 0 0 1261.1 0 0 0 0 57.3 0 305.4 638.2 0
0 6 7 9 1 2
0 1625.2 1.4 0.0 0.0 0.0 409.6 169.4 0.0 56.5 0.0 0.0 0.0
**********2022-05-25 11:14:19**********
41832.948 41869.645 0.088 435.36 504.671 
0 4 12 5
0 0 0 0 458.5 1634.3 0 0 0 0 0 0 169.2
0 3 8 10 11
0 0 0 1261.1 0 0 0 0 57.3 0 305.4 638.2 0
0 6 7 9 1 2
0 1625.2 1.4 0.0 0.0 0.0 409.6 169.4 0.0 56.5 0.0 0.0 0.0
**********2022-05-25 11:14:26**********
41832.948 41869.645 0.088 435.36 511.755 
0 4 12 5
0 0 0 0 458.5 1634.3 0 0 0 0 0 0 169.2
0 3 8 10 11
0 0 0 1261.1 0 0 0 0 57.3 0 305.4 638.2 0
0 6 7 9 1 2
0 1625.2 1.4 0.0 0.0 0.0 409.6 169.4 0.0 56.5 0.0 0.0 0.0
**********2022-05-25 11:14:31**********
41833.038 41862.736 0.071 516.235 516.235 
0 3 8 10 4 12 2
0 0 1.4 1265.5 460.9 0 0 0 57.5 0 306.5 0 170.1
0 5 11
0 0 0 0 0 1627.6 0 0 0 0 0 634.4 0
0 7 9 1 6
0 1626.2 0 0 0 0 409.8 169.5 0 56.5 0 0 0
**********2022-05-25 11:14:35**********
41833.038 41862.736 0.071 516.235 520.42 
0 3 8 10 4 12 2
0 0 1.4 1265.5 460.9 0 0 0 57.5 0 306.5 0 170.1
0 5 11
0 0 0 0 0 1627.6 0 0 0 0 0 634.4 0
0 7 9 1 6
0 1626.2 0 0 0 0 409.8 169.5 0 56.5 0 0 0
**********2022-05-25 11:14:41**********
41833.038 41862.736 0.071 516.235 526.858 
0 3 8 10 4 12 2
0 0 1.4 1265.5 460.9 0 0 0 57.5 0 306.5 0 170.1
0 5 11
0 0 0 0 0 1627.6 0 0 0 0 0 634.4 0
0 7 9 1 6
0 1626.2 0 0 0 0 409.8 169.5 0 56.5 0 0 0
**********2022-05-25 11:14:46**********
41833.038 41862.736 0.071 516.235 532.065 
0 3 8 10 4 12 2
0 0 1.4 1265.5 460.9 0 0 0 57.5 0 306.5 0 170.1
0 5 11
0 0 0 0 0 1627.6 0 0 0 0 0 634.4 0
0 7 9 1 6
0 1626.2 0 0 0 0 409.8 169.5 0 56.5 0 0 0
**********2022-05-25 11:14:51**********
41833.115 41862.736 0.071 516.235 536.557 
0 3 8 10 4 12 2
0 0 1.4 1265.5 460.9 0 0 0 57.5 0 306.5 0 170.1
0 5 11
0 0 0 0 0 1627.6 0 0 0 0 0 634.4 0
0 7 9 1 6
0 1626.2 0 0 0 0 409.8 169.5 0 56.5 0 0 0
**********2022-05-25 11:14:56**********
41833.117 41862.736 0.071 516.235 541.234 
0 3 8 10 4 12 2
0 0 1.4 1265.5 460.9 0 0 0 57.5 0 306.5 0 170.1
0 5 11
0 0 0 0 0 1627.6 0 0 0 0 0 634.4 0
0 7 9 1 6
0 1626.2 0 0 0 0 409.8 169.5 0 56.5 0 0 0
**********2022-05-25 11:15:00**********
41833.117 41862.736 0.071 516.235 545.592 
0 3 8 10 4 12 2
0 0 1.4 1265.5 460.9 0 0 0 57.5 0 306.5 0 170.1
0 5 11
0 0 0 0 0 1627.6 0 0 0 0 0 634.4 0
0 7 9 1 6
0 1626.2 0 0 0 0 409.8 169.5 0 56.5 0 0 0
**********2022-05-25 11:15:05**********
41833.138 41862.736 0.071 516.235 550.677 
0 3 8 10 4 12 2
0 0 1.4 1265.5 460.9 0 0 0 57.5 0 306.5 0 170.1
0 5 11
0 0 0 0 0 1627.6 0 0 0 0 0 634.4 0
0 7 9 1 6
0 1626.2 0 0 0 0 409.8 169.5 0 56.5 0 0 0
**********2022-05-25 11:15:10**********
41833.161 41862.736 0.071 516.235 555.588 
0 3 8 10 4 12 2
0 0 1.4 1265.5 460.9 0 0 0 57.5 0 306.5 0 170.1
0 5 11
0 0 0 0 0 1627.6 0 0 0 0 0 634.4 0
0 7 9 1 6
0 1626.2 0 0 0 0 409.8 169.5 0 56.5 0 0 0
**********2022-05-25 11:15:14**********
41833.162 41862.736 0.071 516.235 560.043 
0 3 8 10 4 12 2
0 0 1.4 1265.5 460.9 0 0 0 57.5 0 306.5 0 170.1
0 5 11
0 0 0 0 0 1627.6 0 0 0 0 0 634.4 0
0 7 9 1 6
0 1626.2 0 0 0 0 409.8 169.5 0 56.5 0 0 0
**********2022-05-25 11:15:19**********
41833.213 41862.736 0.071 516.235 564.817 
0 3 8 10 4 12 2
0 0 1.4 1265.5 460.9 0 0 0 57.5 0 306.5 0 170.1
0 5 11
0 0 0 0 0 1627.6 0 0 0 0 0 634.4 0
0 7 9 1 6
0 1626.2 0 0 0 0 409.8 169.5 0 56.5 0 0 0
**********2022-05-25 11:15:23**********
41833.229 41862.736 0.07 516.235 569.068 
0 3 8 10 4 12 2
0 0 1.4 1265.5 460.9 0 0 0 57.5 0 306.5 0 170.1
0 5 11
0 0 0 0 0 1627.6 0 0 0 0 0 634.4 0
0 7 9 1 6
0 1626.2 0 0 0 0 409.8 169.5 0 56.5 0 0 0
**********2022-05-25 11:15:30**********
41833.265 41862.736 0.07 516.235 576.042 
0 3 8 10 4 12 2
0 0 1.4 1265.5 460.9 0 0 0 57.5 0 306.5 0 170.1
0 5 11
0 0 0 0 0 1627.6 0 0 0 0 0 634.4 0
0 7 9 1 6
0 1626.2 0 0 0 0 409.8 169.5 0 56.5 0 0 0
**********2022-05-25 11:15:36**********
41833.272 41862.736 0.07 516.235 581.805 
0 3 8 10 4 12 2
0 0 1.4 1265.5 460.9 0 0 0 57.5 0 306.5 0 170.1
0 5 11
0 0 0 0 0 1627.6 0 0 0 0 0 634.4 0
0 7 9 1 6
0 1626.2 0 0 0 0 409.8 169.5 0 56.5 0 0 0
**********2022-05-25 11:15:41**********
41833.346 41862.736 0.07 516.235 586.804 
0 3 8 10 4 12 2
0 0 1.4 1265.5 460.9 0 0 0 57.5 0 306.5 0 170.1
0 5 11
0 0 0 0 0 1627.6 0 0 0 0 0 634.4 0
0 7 9 1 6
0 1626.2 0 0 0 0 409.8 169.5 0 56.5 0 0 0
**********2022-05-25 11:15:47**********
41833.346 41862.736 0.07 516.235 592.559 
0 3 8 10 4 12 2
0 0 1.4 1265.5 460.9 0 0 0 57.5 0 306.5 0 170.1
0 5 11
0 0 0 0 0 1627.6 0 0 0 0 0 634.4 0
0 7 9 1 6
0 1626.2 0 0 0 0 409.8 169.5 0 56.5 0 0 0
**********2022-05-25 11:15:53**********
41833.346 41862.736 0.07 516.235 598.638 
0 3 8 10 4 12 2
0 0 1.4 1265.5 460.9 0 0 0 57.5 0 306.5 0 170.1
0 5 11
0 0 0 0 0 1627.6 0 0 0 0 0 634.4 0
0 7 9 1 6
0 1626.2 0 0 0 0 409.8 169.5 0 56.5 0 0 0
**********2022-05-25 11:15:58**********
41833.346 41862.736 0.07 516.235 603.489 
0 3 8 10 4 12 2
0 0 1.4 1265.5 460.9 0 0 0 57.5 0 306.5 0 170.1
0 5 11
0 0 0 0 0 1627.6 0 0 0 0 0 634.4 0
0 7 9 1 6
0 1626.2 0 0 0 0 409.8 169.5 0 56.5 0 0 0
**********2022-05-25 11:16:05**********
41833.35 41862.736 0.07 516.235 610.293 
0 3 8 10 4 12 2
0 0 1.4 1265.5 460.9 0 0 0 57.5 0 306.5 0 170.1
0 5 11
0 0 0 0 0 1627.6 0 0 0 0 0 634.4 0
0 7 9 1 6
0 1626.2 0 0 0 0 409.8 169.5 0 56.5 0 0 0
**********2022-05-25 11:16:10**********
41833.351 41862.736 0.07 516.235 615.804 
0 3 8 10 4 12 2
0 0 1.4 1265.5 460.9 0 0 0 57.5 0 306.5 0 170.1
0 5 11
0 0 0 0 0 1627.6 0 0 0 0 0 634.4 0
0 7 9 1 6
0 1626.2 0 0 0 0 409.8 169.5 0 56.5 0 0 0
**********2022-05-25 11:16:16**********
41833.379 41862.736 0.07 516.235 621.279 
0 3 8 10 4 12 2
0 0 1.4 1265.5 460.9 0 0 0 57.5 0 306.5 0 170.1
0 5 11
0 0 0 0 0 1627.6 0 0 0 0 0 634.4 0
0 7 9 1 6
0 1626.2 0 0 0 0 409.8 169.5 0 56.5 0 0 0
**********2022-05-25 11:16:22**********
41833.386 41862.736 0.07 516.235 627.861 
0 3 8 10 4 12 2
0 0 1.4 1265.5 460.9 0 0 0 57.5 0 306.5 0 170.1
0 5 11
0 0 0 0 0 1627.6 0 0 0 0 0 634.4 0
0 7 9 1 6
0 1626.2 0 0 0 0 409.8 169.5 0 56.5 0 0 0
**********2022-05-25 11:16:27**********
41833.386 41862.736 0.07 516.235 632.987 
0 3 8 10 4 12 2
0 0 1.4 1265.5 460.9 0 0 0 57.5 0 306.5 0 170.1
0 5 11
0 0 0 0 0 1627.6 0 0 0 0 0 634.4 0
0 7 9 1 6
0 1626.2 0 0 0 0 409.8 169.5 0 56.5 0 0 0
**********2022-05-25 11:16:32**********
41833.44 41862.736 0.07 516.235 637.176 
0 3 8 10 4 12 2
0 0 1.4 1265.5 460.9 0 0 0 57.5 0 306.5 0 170.1
0 5 11
0 0 0 0 0 1627.6 0 0 0 0 0 634.4 0
0 7 9 1 6
0 1626.2 0 0 0 0 409.8 169.5 0 56.5 0 0 0
**********2022-05-25 11:16:36**********
41833.44 41862.736 0.07 516.235 642.078 
0 3 8 10 4 12 2
0 0 1.4 1265.5 460.9 0 0 0 57.5 0 306.5 0 170.1
0 5 11
0 0 0 0 0 1627.6 0 0 0 0 0 634.4 0
0 7 9 1 6
0 1626.2 0 0 0 0 409.8 169.5 0 56.5 0 0 0
**********2022-05-25 11:16:41**********
41833.44 41862.736 0.07 516.235 646.38 
0 3 8 10 4 12 2
0 0 1.4 1265.5 460.9 0 0 0 57.5 0 306.5 0 170.1
0 5 11
0 0 0 0 0 1627.6 0 0 0 0 0 634.4 0
0 7 9 1 6
0 1626.2 0 0 0 0 409.8 169.5 0 56.5 0 0 0
**********2022-05-25 11:16:46**********
41833.462 41862.736 0.07 516.235 651.918 
0 3 8 10 4 12 2
0 0 1.4 1265.5 460.9 0 0 0 57.5 0 306.5 0 170.1
0 5 11
0 0 0 0 0 1627.6 0 0 0 0 0 634.4 0
0 7 9 1 6
0 1626.2 0 0 0 0 409.8 169.5 0 56.5 0 0 0
**********2022-05-25 11:16:51**********
41833.462 41862.736 0.07 516.235 657.045 
0 3 8 10 4 12 2
0 0 1.4 1265.5 460.9 0 0 0 57.5 0 306.5 0 170.1
0 5 11
0 0 0 0 0 1627.6 0 0 0 0 0 634.4 0
0 7 9 1 6
0 1626.2 0 0 0 0 409.8 169.5 0 56.5 0 0 0
**********2022-05-25 11:16:57**********
41833.506 41862.736 0.07 516.235 662.302 
0 3 8 10 4 12 2
0 0 1.4 1265.5 460.9 0 0 0 57.5 0 306.5 0 170.1
0 5 11
0 0 0 0 0 1627.6 0 0 0 0 0 634.4 0
0 7 9 1 6
0 1626.2 0 0 0 0 409.8 169.5 0 56.5 0 0 0
**********2022-05-25 11:17:01**********
41833.506 41862.736 0.07 516.235 666.748 
0 3 8 10 4 12 2
0 0 1.4 1265.5 460.9 0 0 0 57.5 0 306.5 0 170.1
0 5 11
0 0 0 0 0 1627.6 0 0 0 0 0 634.4 0
0 7 9 1 6
0 1626.2 0 0 0 0 409.8 169.5 0 56.5 0 0 0
**********2022-05-25 11:17:05**********
41833.506 41862.736 0.07 516.235 670.705 
0 3 8 10 4 12 2
0 0 1.4 1265.5 460.9 0 0 0 57.5 0 306.5 0 170.1
0 5 11
0 0 0 0 0 1627.6 0 0 0 0 0 634.4 0
0 7 9 1 6
0 1626.2 0 0 0 0 409.8 169.5 0 56.5 0 0 0
**********2022-05-25 11:17:09**********
41833.576 41862.736 0.07 516.235 674.971 
0 3 8 10 4 12 2
0 0 1.4 1265.5 460.9 0 0 0 57.5 0 306.5 0 170.1
0 5 11
0 0 0 0 0 1627.6 0 0 0 0 0 634.4 0
0 7 9 1 6
0 1626.2 0 0 0 0 409.8 169.5 0 56.5 0 0 0
**********2022-05-25 11:17:15**********
41833.647 41862.736 0.069 516.235 680.348 
0 3 8 10 4 12 2
0 0 1.4 1265.5 460.9 0 0 0 57.5 0 306.5 0 170.1
0 5 11
0 0 0 0 0 1627.6 0 0 0 0 0 634.4 0
0 7 9 1 6
0 1626.2 0 0 0 0 409.8 169.5 0 56.5 0 0 0
**********2022-05-25 11:17:19**********
41833.647 41862.736 0.069 516.235 684.678 
0 3 8 10 4 12 2
0 0 1.4 1265.5 460.9 0 0 0 57.5 0 306.5 0 170.1
0 5 11
0 0 0 0 0 1627.6 0 0 0 0 0 634.4 0
0 7 9 1 6
0 1626.2 0 0 0 0 409.8 169.5 0 56.5 0 0 0
**********2022-05-25 11:17:25**********
41833.647 41862.736 0.069 516.235 691.083 
0 3 8 10 4 12 2
0 0 1.4 1265.5 460.9 0 0 0 57.5 0 306.5 0 170.1
0 5 11
0 0 0 0 0 1627.6 0 0 0 0 0 634.4 0
0 7 9 1 6
0 1626.2 0 0 0 0 409.8 169.5 0 56.5 0 0 0
**********2022-05-25 11:17:29**********
41833.647 41862.736 0.069 516.235 694.94 
0 3 8 10 4 12 2
0 0 1.4 1265.5 460.9 0 0 0 57.5 0 306.5 0 170.1
0 5 11
0 0 0 0 0 1627.6 0 0 0 0 0 634.4 0
0 7 9 1 6
0 1626.2 0 0 0 0 409.8 169.5 0 56.5 0 0 0
**********2022-05-25 11:17:34**********
41833.647 41862.736 0.069 516.235 699.659 
0 3 8 10 4 12 2
0 0 1.4 1265.5 460.9 0 0 0 57.5 0 306.5 0 170.1
0 5 11
0 0 0 0 0 1627.6 0 0 0 0 0 634.4 0
0 7 9 1 6
0 1626.2 0 0 0 0 409.8 169.5 0 56.5 0 0 0
**********2022-05-25 11:17:38**********
41833.647 41862.736 0.069 516.235 703.863 
0 3 8 10 4 12 2
0 0 1.4 1265.5 460.9 0 0 0 57.5 0 306.5 0 170.1
0 5 11
0 0 0 0 0 1627.6 0 0 0 0 0 634.4 0
0 7 9 1 6
0 1626.2 0 0 0 0 409.8 169.5 0 56.5 0 0 0
**********2022-05-25 11:17:42**********
41833.647 41862.736 0.069 516.235 707.494 
0 3 8 10 4 12 2
0 0 1.4 1265.5 460.9 0 0 0 57.5 0 306.5 0 170.1
0 5 11
0 0 0 0 0 1627.6 0 0 0 0 0 634.4 0
0 7 9 1 6
0 1626.2 0 0 0 0 409.8 169.5 0 56.5 0 0 0
**********2022-05-25 11:17:46**********
41833.647 41862.736 0.069 516.235 711.857 
0 3 8 10 4 12 2
0 0 1.4 1265.5 460.9 0 0 0 57.5 0 306.5 0 170.1
0 5 11
0 0 0 0 0 1627.6 0 0 0 0 0 634.4 0
0 7 9 1 6
0 1626.2 0 0 0 0 409.8 169.5 0 56.5 0 0 0
**********2022-05-25 11:17:51**********
41833.68 41862.736 0.069 516.235 716.285 
0 3 8 10 4 12 2
0 0 1.4 1265.5 460.9 0 0 0 57.5 0 306.5 0 170.1
0 5 11
0 0 0 0 0 1627.6 0 0 0 0 0 634.4 0
0 7 9 1 6
0 1626.2 0 0 0 0 409.8 169.5 0 56.5 0 0 0
**********2022-05-25 11:17:55**********
41833.694 41862.736 0.069 516.235 720.901 
0 3 8 10 4 12 2
0 0 1.4 1265.5 460.9 0 0 0 57.5 0 306.5 0 170.1
0 5 11
0 0 0 0 0 1627.6 0 0 0 0 0 634.4 0
0 7 9 1 6
0 1626.2 0 0 0 0 409.8 169.5 0 56.5 0 0 0
**********2022-05-25 11:18:00**********
41833.694 41862.736 0.069 516.235 725.349 
0 3 8 10 4 12 2
0 0 1.4 1265.5 460.9 0 0 0 57.5 0 306.5 0 170.1
0 5 11
0 0 0 0 0 1627.6 0 0 0 0 0 634.4 0
0 7 9 1 6
0 1626.2 0 0 0 0 409.8 169.5 0 56.5 0 0 0
**********2022-05-25 11:18:04**********
41833.694 41862.736 0.069 516.235 729.99 
0 3 8 10 4 12 2
0 0 1.4 1265.5 460.9 0 0 0 57.5 0 306.5 0 170.1
0 5 11
0 0 0 0 0 1627.6 0 0 0 0 0 634.4 0
0 7 9 1 6
0 1626.2 0 0 0 0 409.8 169.5 0 56.5 0 0 0
**********2022-05-25 11:18:09**********
41833.721 41862.736 0.069 516.235 734.859 
0 3 8 10 4 12 2
0 0 1.4 1265.5 460.9 0 0 0 57.5 0 306.5 0 170.1
0 5 11
0 0 0 0 0 1627.6 0 0 0 0 0 634.4 0
0 7 9 1 6
0 1626.2 0 0 0 0 409.8 169.5 0 56.5 0 0 0
**********2022-05-25 11:18:13**********
41833.744 41862.736 0.069 516.235 738.631 
0 3 8 10 4 12 2
0 0 1.4 1265.5 460.9 0 0 0 57.5 0 306.5 0 170.1
0 5 11
0 0 0 0 0 1627.6 0 0 0 0 0 634.4 0
0 7 9 1 6
0 1626.2 0 0 0 0 409.8 169.5 0 56.5 0 0 0
**********2022-05-25 11:18:19**********
41833.768 41862.736 0.069 516.235 745.103 
0 3 8 10 4 12 2
0 0 1.4 1265.5 460.9 0 0 0 57.5 0 306.5 0 170.1
0 5 11
0 0 0 0 0 1627.6 0 0 0 0 0 634.4 0
0 7 9 1 6
0 1626.2 0 0 0 0 409.8 169.5 0 56.5 0 0 0
**********2022-05-25 11:18:23**********
41833.795 41862.736 0.069 516.235 748.51 
0 3 8 10 4 12 2
0 0 1.4 1265.5 460.9 0 0 0 57.5 0 306.5 0 170.1
0 5 11
0 0 0 0 0 1627.6 0 0 0 0 0 634.4 0
0 7 9 1 6
0 1626.2 0 0 0 0 409.8 169.5 0 56.5 0 0 0
**********2022-05-25 11:18:28**********
41833.797 41862.736 0.069 516.235 753.2 
0 3 8 10 4 12 2
0 0 1.4 1265.5 460.9 0 0 0 57.5 0 306.5 0 170.1
0 5 11
0 0 0 0 0 1627.6 0 0 0 0 0 634.4 0
0 7 9 1 6
0 1626.2 0 0 0 0 409.8 169.5 0 56.5 0 0 0
**********2022-05-25 11:18:32**********
41833.797 41862.736 0.069 516.235 757.868 
0 3 8 10 4 12 2
0 0 1.4 1265.5 460.9 0 0 0 57.5 0 306.5 0 170.1
0 5 11
0 0 0 0 0 1627.6 0 0 0 0 0 634.4 0
0 7 9 1 6
0 1626.2 0 0 0 0 409.8 169.5 0 56.5 0 0 0
**********2022-05-25 11:18:37**********
41833.797 41862.736 0.069 516.235 762.527 
0 3 8 10 4 12 2
0 0 1.4 1265.5 460.9 0 0 0 57.5 0 306.5 0 170.1
0 5 11
0 0 0 0 0 1627.6 0 0 0 0 0 634.4 0
0 7 9 1 6
0 1626.2 0 0 0 0 409.8 169.5 0 56.5 0 0 0
**********2022-05-25 11:18:41**********
41833.81 41862.736 0.069 516.235 767.042 
0 3 8 10 4 12 2
0 0 1.4 1265.5 460.9 0 0 0 57.5 0 306.5 0 170.1
0 5 11
0 0 0 0 0 1627.6 0 0 0 0 0 634.4 0
0 7 9 1 6
0 1626.2 0 0 0 0 409.8 169.5 0 56.5 0 0 0
**********2022-05-25 11:18:46**********
41833.81 41862.736 0.069 516.235 771.546 
0 3 8 10 4 12 2
0 0 1.4 1265.5 460.9 0 0 0 57.5 0 306.5 0 170.1
0 5 11
0 0 0 0 0 1627.6 0 0 0 0 0 634.4 0
0 7 9 1 6
0 1626.2 0 0 0 0 409.8 169.5 0 56.5 0 0 0
**********2022-05-25 11:18:49**********
41833.81 41862.736 0.069 516.235 774.611 
0 3 8 10 4 12 2
0 0 1.4 1265.5 460.9 0 0 0 57.5 0 306.5 0 170.1
0 5 11
0 0 0 0 0 1627.6 0 0 0 0 0 634.4 0
0 7 9 1 6
0 1626.2 0 0 0 0 409.8 169.5 0 56.5 0 0 0
**********2022-05-25 11:18:53**********
41833.897 41862.736 0.069 516.235 778.421 
0 3 8 10 4 12 2
0 0 1.4 1265.5 460.9 0 0 0 57.5 0 306.5 0 170.1
0 5 11
0 0 0 0 0 1627.6 0 0 0 0 0 634.4 0
0 7 9 1 6
0 1626.2 0 0 0 0 409.8 169.5 0 56.5 0 0 0
**********2022-05-25 11:18:57**********
41833.897 41862.736 0.069 516.235 782.694 
0 3 8 10 4 12 2
0 0 1.4 1265.5 460.9 0 0 0 57.5 0 306.5 0 170.1
0 5 11
0 0 0 0 0 1627.6 0 0 0 0 0 634.4 0
0 7 9 1 6
0 1626.2 0 0 0 0 409.8 169.5 0 56.5 0 0 0
**********2022-05-25 11:19:02**********
41833.917 41862.736 0.069 516.235 787.221 
0 3 8 10 4 12 2
0 0 1.4 1265.5 460.9 0 0 0 57.5 0 306.5 0 170.1
0 5 11
0 0 0 0 0 1627.6 0 0 0 0 0 634.4 0
0 7 9 1 6
0 1626.2 0 0 0 0 409.8 169.5 0 56.5 0 0 0
**********2022-05-25 11:19:06**********
41833.998 41862.736 0.069 516.235 791.523 
0 3 8 10 4 12 2
0 0 1.4 1265.5 460.9 0 0 0 57.5 0 306.5 0 170.1
0 5 11
0 0 0 0 0 1627.6 0 0 0 0 0 634.4 0
0 7 9 1 6
0 1626.2 0 0 0 0 409.8 169.5 0 56.5 0 0 0
**********2022-05-25 11:19:12**********
41833.998 41862.736 0.069 516.235 797.74 
0 3 8 10 4 12 2
0 0 1.4 1265.5 460.9 0 0 0 57.5 0 306.5 0 170.1
0 5 11
0 0 0 0 0 1627.6 0 0 0 0 0 634.4 0
0 7 9 1 6
0 1626.2 0 0 0 0 409.8 169.5 0 56.5 0 0 0
**********2022-05-25 11:19:16**********
41833.998 41862.736 0.069 516.235 801.682 
0 3 8 10 4 12 2
0 0 1.4 1265.5 460.9 0 0 0 57.5 0 306.5 0 170.1
0 5 11
0 0 0 0 0 1627.6 0 0 0 0 0 634.4 0
0 7 9 1 6
0 1626.2 0 0 0 0 409.8 169.5 0 56.5 0 0 0
**********2022-05-25 11:19:21**********
41834.0 41862.736 0.069 516.235 806.77 
0 3 8 10 4 12 2
0 0 1.4 1265.5 460.9 0 0 0 57.5 0 306.5 0 170.1
0 5 11
0 0 0 0 0 1627.6 0 0 0 0 0 634.4 0
0 7 9 1 6
0 1626.2 0 0 0 0 409.8 169.5 0 56.5 0 0 0
**********2022-05-25 11:19:28**********
41834.0 41862.736 0.069 516.235 813.467 
0 3 8 10 4 12 2
0 0 1.4 1265.5 460.9 0 0 0 57.5 0 306.5 0 170.1
0 5 11
0 0 0 0 0 1627.6 0 0 0 0 0 634.4 0
0 7 9 1 6
0 1626.2 0 0 0 0 409.8 169.5 0 56.5 0 0 0
**********2022-05-25 11:19:35**********
41834.0 41862.736 0.069 516.235 820.278 
0 3 8 10 4 12 2
0 0 1.4 1265.5 460.9 0 0 0 57.5 0 306.5 0 170.1
0 5 11
0 0 0 0 0 1627.6 0 0 0 0 0 634.4 0
0 7 9 1 6
0 1626.2 0 0 0 0 409.8 169.5 0 56.5 0 0 0
**********2022-05-25 11:19:41**********
41834.0 41862.736 0.069 516.235 826.698 
0 3 8 10 4 12 2
0 0 1.4 1265.5 460.9 0 0 0 57.5 0 306.5 0 170.1
0 5 11
0 0 0 0 0 1627.6 0 0 0 0 0 634.4 0
0 7 9 1 6
0 1626.2 0 0 0 0 409.8 169.5 0 56.5 0 0 0
**********2022-05-25 11:19:47**********
41834.009 41862.736 0.069 516.235 832.552 
0 3 8 10 4 12 2
0 0 1.4 1265.5 460.9 0 0 0 57.5 0 306.5 0 170.1
0 5 11
0 0 0 0 0 1627.6 0 0 0 0 0 634.4 0
0 7 9 1 6
0 1626.2 0 0 0 0 409.8 169.5 0 56.5 0 0 0
**********2022-05-25 11:19:52**********
41834.023 41862.736 0.069 516.235 837.95 
0 3 8 10 4 12 2
0 0 1.4 1265.5 460.9 0 0 0 57.5 0 306.5 0 170.1
0 5 11
0 0 0 0 0 1627.6 0 0 0 0 0 634.4 0
0 7 9 1 6
0 1626.2 0 0 0 0 409.8 169.5 0 56.5 0 0 0
**********2022-05-25 11:19:56**********
41834.034 41862.736 0.069 516.235 841.974 
0 3 8 10 4 12 2
0 0 1.4 1265.5 460.9 0 0 0 57.5 0 306.5 0 170.1
0 5 11
0 0 0 0 0 1627.6 0 0 0 0 0 634.4 0
0 7 9 1 6
0 1626.2 0 0 0 0 409.8 169.5 0 56.5 0 0 0
**********2022-05-25 11:20:01**********
41834.034 41862.736 0.069 516.235 846.776 
0 3 8 10 4 12 2
0 0 1.4 1265.5 460.9 0 0 0 57.5 0 306.5 0 170.1
0 5 11
0 0 0 0 0 1627.6 0 0 0 0 0 634.4 0
0 7 9 1 6
0 1626.2 0 0 0 0 409.8 169.5 0 56.5 0 0 0
**********2022-05-25 11:20:05**********
41834.048 41862.736 0.069 516.235 851.018 
0 3 8 10 4 12 2
0 0 1.4 1265.5 460.9 0 0 0 57.5 0 306.5 0 170.1
0 5 11
0 0 0 0 0 1627.6 0 0 0 0 0 634.4 0
0 7 9 1 6
0 1626.2 0 0 0 0 409.8 169.5 0 56.5 0 0 0
**********2022-05-25 20:07:55**********
41834.048 41862.736 0.069 516.235 32521.018 
0 3 8 10 4 12 2
0 0 1.4 1265.5 460.9 0 0 0 57.5 0 306.5 0 170.1
0 5 11
0 0 0 0 0 1627.6 0 0 0 0 0 634.4 0
0 7 9 1 6
0 1626.2 0 0 0 0 409.8 169.5 0 56.5 0 0 0
**********2022-05-25 20:08:00**********
41834.081 41862.736 0.068 516.235 32525.452 
0 3 8 10 4 12 2
0 0 1.4 1265.5 460.9 0 0 0 57.5 0 306.5 0 170.1
0 5 11
0 0 0 0 0 1627.6 0 0 0 0 0 634.4 0
0 7 9 1 6
0 1626.2 0 0 0 0 409.8 169.5 0 56.5 0 0 0
