160251.062 160277.441 0.016 178.608 178.609 
0 21 10 20 11 22 17 19
0 0 0 0 0 0 0 0 0 0 643.3177996964 669.807122543 0 0 0 0 0 578.0612251214 0 560.7840678114 388.8462685022 846.7427718188 1095.4407445068 0 0 0 0 0 0 0
0 2 23 4 18
0 0 3871.0233954882 0 212.102652086 0 0 0 0 0 0 0 0 0 0 0 0 0 209.0739979236 0 0 0 0 490.7999545023 0 0 0 0 0 0
0 1
0 4783.0 0 0 0 0 0 0 0 0 0 0 0 0 0 0 0 0 0 0 0 0 0 0 0 0 0 0 0 0
0 26 13 5 12 28 8 15 6 14
0 0 0 0 0 579.0475158457 224.9509867348 0 399.7801401425 0 0 0 913.5031454807 502.6595138507 192.243763869 695.0629646884 0 0 0 0 0 0 0 0 0 0 755.9735612583 0 519.7784081298 0
0 9 27 29 25 3 16 7 24
0 0 0 1243.4025779838 0 0 0 966.6066091472 0 314.1103694755 0 0 0 0 0 0 1020.6368289329 0 0 0 0 0 0 0 173.4305058052 490.9334618338 0 365.7634111771 0 208.1162356443
160250.976 160272.333 0.013 963.278 963.279 
0 21 15 22 17 7 19
0 0 0 0 0 0 0 970.4210624019 0 0 0 0 0 0 0 705.4398534048 0 582.9600230398 0 565.5364499202 0 853.9185199016 1104.7240913317 0 0 0 0 0 0 0
0 2 9 18 4 14
0 0 3851.6123294539 0 211.0390732426 0 0 0 0 316.4984929103 0 0 0 0 195.8244982681 0 0 0 208.025606125 0 0 0 0 0 0 0 0 0 0 0
0 1
0 4783.0 0 0 0 0 0 0 0 0 0 0 0 0 0 0 0 0 0 0 0 0 0 0 0 0 0 0 0 0
0 23 20 6 26 13 5 12 28 8
0 0 0 0 0 581.6650844324 225.9678715678 0 401.5873354206 0 0 0 917.632611668 504.9317725467 0 0 0 0 0 0 388.119818848 0 0 481.57653396 0 0 759.3909192336 0 522.1280523229 0
0 11 27 29 10 25 3 16 24
0 0 0 1233.5172143025 0 0 0 0 0 0 641.081877264 667.4791335283 0 0 0 0 1012.5225090665 0 0 0 0 0 0 0 172.0516896007 487.0304171567 0 362.8554999303 0 206.461659151
160250.97 160272.333 0.013 963.278 1421.792 
0 21 15 22 17 7 19
0 0 0 0 0 0 0 970.4210624019 0 0 0 0 0 0 0 705.4398534048 0 582.9600230398 0 565.5364499202 0 853.9185199016 1104.7240913317 0 0 0 0 0 0 0
0 2 9 18 4 14
0 0 3851.6123294539 0 211.0390732426 0 0 0 0 316.4984929103 0 0 0 0 195.8244982681 0 0 0 208.025606125 0 0 0 0 0 0 0 0 0 0 0
0 1
0 4783.0 0 0 0 0 0 0 0 0 0 0 0 0 0 0 0 0 0 0 0 0 0 0 0 0 0 0 0 0
0 23 20 6 26 13 5 12 28 8
0 0 0 0 0 581.6650844324 225.9678715678 0 401.5873354206 0 0 0 917.632611668 504.9317725467 0 0 0 0 0 0 388.119818848 0 0 481.57653396 0 0 759.3909192336 0 522.1280523229 0
0 11 27 29 10 25 3 16 24
0 0 0 1233.5172143025 0 0 0 0 0 0 641.081877264 667.4791335283 0 0 0 0 1012.5225090665 0 0 0 0 0 0 0 172.0516896007 487.0304171567 0 362.8554999303 0 206.461659151
160250.971 160272.333 0.013 963.278 1917.468 
0 21 15 22 17 7 19
0 0 0 0 0 0 0 970.4210624019 0 0 0 0 0 0 0 705.4398534048 0 582.9600230398 0 565.5364499202 0 853.9185199016 1104.7240913317 0 0 0 0 0 0 0
0 2 9 18 4 14
0 0 3851.6123294539 0 211.0390732426 0 0 0 0 316.4984929103 0 0 0 0 195.8244982681 0 0 0 208.025606125 0 0 0 0 0 0 0 0 0 0 0
0 1
0 4783.0 0 0 0 0 0 0 0 0 0 0 0 0 0 0 0 0 0 0 0 0 0 0 0 0 0 0 0 0
0 23 20 6 26 13 5 12 28 8
0 0 0 0 0 581.6650844324 225.9678715678 0 401.5873354206 0 0 0 917.632611668 504.9317725467 0 0 0 0 0 0 388.119818848 0 0 481.57653396 0 0 759.3909192336 0 522.1280523229 0
0 11 27 29 10 25 3 16 24
0 0 0 1233.5172143025 0 0 0 0 0 0 641.081877264 667.4791335283 0 0 0 0 1012.5225090665 0 0 0 0 0 0 0 172.0516896007 487.0304171567 0 362.8554999303 0 206.461659151
160250.971 160272.333 0.013 963.278 2146.928 
0 21 15 22 17 7 19
0 0 0 0 0 0 0 970.4210624019 0 0 0 0 0 0 0 705.4398534048 0 582.9600230398 0 565.5364499202 0 853.9185199016 1104.7240913317 0 0 0 0 0 0 0
0 2 9 18 4 14
0 0 3851.6123294539 0 211.0390732426 0 0 0 0 316.4984929103 0 0 0 0 195.8244982681 0 0 0 208.025606125 0 0 0 0 0 0 0 0 0 0 0
0 1
0 4783.0 0 0 0 0 0 0 0 0 0 0 0 0 0 0 0 0 0 0 0 0 0 0 0 0 0 0 0 0
0 23 20 6 26 13 5 12 28 8
0 0 0 0 0 581.6650844324 225.9678715678 0 401.5873354206 0 0 0 917.632611668 504.9317725467 0 0 0 0 0 0 388.119818848 0 0 481.57653396 0 0 759.3909192336 0 522.1280523229 0
0 11 27 29 10 25 3 16 24
0 0 0 1233.5172143025 0 0 0 0 0 0 641.081877264 667.4791335283 0 0 0 0 1012.5225090665 0 0 0 0 0 0 0 172.0516896007 487.0304171567 0 362.8554999303 0 206.461659151
**********2022-05-21 18:06:33**********
160250.981 160280.521 0.018 333.381 333.381 
0 9 2 29 6 14
0 0 3835.8 0 0 0 228.2 0 0 315.2 0 0 0 0 195.0 0 0 0 0 0 0 0 0 0 0 0 0 0 0 208.8
0 1
0 4783.0 0 0 0 0 0 0 0 0 0 0 0 0 0 0 0 0 0 0 0 0 0 0 0 0 0 0 0 0
0 21 11 22 17 7 19
0 0 0 0 0 0 0 976.5 0 0 0 679.7 0 0 0 0 0 586.6 0 569.1 0 859.3 1111.7 0 0 0 0 0 0 0
0 23 20 26 13 5 12 18 28 8
0 0 0 0 0 584.2 0 0 403.3 0 0 0 921.6 507.1 0 0 0 0 206.0 0 389.8 0 0 483.7 0 0 762.7 0 524.4 0
0 27 15 10 25 3 16 4 24
0 0 0 1225.6 206.4 0 0 0 0 0 637.0 0 0 0 0 692.6 1006.0 0 0 0 0 0 0 0 170.9 483.9 0 360.5 0 0
**********2022-05-21 18:13:11**********
160250.972 160276.175 0.016 730.819 730.819 
0 21 23 15 13 22 17 19
0 0 0 0 0 0 0 0 0 0 0 0 0 507.4 0 701.6 0 579.8 0 562.4 0 849.2 1098.7 483.9 0 0 0 0 0 0
0 1
0 4783.0 0 0 0 0 0 0 0 0 0 0 0 0 0 0 0 0 0 0 0 0 0 0 0 0 0 0 0 0
0 26 5 12 18 7 4 28 24 8
0 0 0 0 210.5 588.4 0 971.5 406.2 0 0 0 928.2 0 0 0 0 0 207.5 0 0 0 0 0 174.3 0 768.1 0 528.2 0
0 2 9 20 6
0 0 3845.3 0 0 0 228.8 0 0 316.0 0 0 0 0 0 0 0 0 0 0 392.9 0 0 0 0 0 0 0 0 0
0 11 27 29 10 25 14 3 16
0 0 0 1228.2 0 0 0 0 0 0 638.3 664.6 0 0 192.0 0 1008.1 0 0 0 0 0 0 0 0 484.9 0 361.3 0 205.6
**********2022-05-21 18:23:16**********
160250.962 160276.175 0.016 730.819 1336.167 
0 21 23 15 13 22 17 19
0 0 0 0 0 0 0 0 0 0 0 0 0 507.4 0 701.6 0 579.8 0 562.4 0 849.2 1098.7 483.9 0 0 0 0 0 0
0 1
0 4783.0 0 0 0 0 0 0 0 0 0 0 0 0 0 0 0 0 0 0 0 0 0 0 0 0 0 0 0 0
0 26 5 12 18 7 4 28 24 8
0 0 0 0 210.5 588.4 0 971.5 406.2 0 0 0 928.2 0 0 0 0 0 207.5 0 0 0 0 0 174.3 0 768.1 0 528.2 0
0 2 9 20 6
0 0 3845.3 0 0 0 228.8 0 0 316.0 0 0 0 0 0 0 0 0 0 0 392.9 0 0 0 0 0 0 0 0 0
0 11 27 29 10 25 14 3 16
0 0 0 1228.2 0 0 0 0 0 0 638.3 664.6 0 0 192.0 0 1008.1 0 0 0 0 0 0 0 0 484.9 0 361.3 0 205.6
**********2022-05-21 18:31:25**********
160250.962 160276.175 0.016 730.819 1825.354 
0 21 23 15 13 22 17 19
0 0 0 0 0 0 0 0 0 0 0 0 0 507.4 0 701.6 0 579.8 0 562.4 0 849.2 1098.7 483.9 0 0 0 0 0 0
0 1
0 4783.0 0 0 0 0 0 0 0 0 0 0 0 0 0 0 0 0 0 0 0 0 0 0 0 0 0 0 0 0
0 26 5 12 18 7 4 28 24 8
0 0 0 0 210.5 588.4 0 971.5 406.2 0 0 0 928.2 0 0 0 0 0 207.5 0 0 0 0 0 174.3 0 768.1 0 528.2 0
0 2 9 20 6
0 0 3845.3 0 0 0 228.8 0 0 316.0 0 0 0 0 0 0 0 0 0 0 392.9 0 0 0 0 0 0 0 0 0
0 11 27 29 10 25 14 3 16
0 0 0 1228.2 0 0 0 0 0 0 638.3 664.6 0 0 192.0 0 1008.1 0 0 0 0 0 0 0 0 484.9 0 361.3 0 205.6
**********2022-05-21 18:36:54**********
160250.961 160276.175 0.016 730.819 2154.272 
0 21 23 15 13 22 17 19
0 0 0 0 0 0 0 0 0 0 0 0 0 507.4 0 701.6 0 579.8 0 562.4 0 849.2 1098.7 483.9 0 0 0 0 0 0
0 1
0 4783.0 0 0 0 0 0 0 0 0 0 0 0 0 0 0 0 0 0 0 0 0 0 0 0 0 0 0 0 0
0 26 5 12 18 7 4 28 24 8
0 0 0 0 210.5 588.4 0 971.5 406.2 0 0 0 928.2 0 0 0 0 0 207.5 0 0 0 0 0 174.3 0 768.1 0 528.2 0
0 2 9 20 6
0 0 3845.3 0 0 0 228.8 0 0 316.0 0 0 0 0 0 0 0 0 0 0 392.9 0 0 0 0 0 0 0 0 0
0 11 27 29 10 25 14 3 16
0 0 0 1228.2 0 0 0 0 0 0 638.3 664.6 0 0 192.0 0 1008.1 0 0 0 0 0 0 0 0 484.9 0 361.3 0 205.6
**********2022-06-16 10:55:17**********
160250.956 160276.268 0.016 1189.105 1189.105 
0 1
0 4783.0 0 0 0 0 0 0 0 0 0 0 0 0 0 0 0 0 0 0 0 0 0 0 0 0 0 0 0 0
0 20 26 5 12 7 28 24 8
0 0 0 0 0 591.5 0 976.7 408.4 0 0 0 933.2 0 0 0 0 0 0 0 394.7 0 0 0 175.2 0 772.3 0 531.0 0
0 21 27 29 10 25 3 16
0 0 0 1232.4 0 0 0 0 0 0 640.5 0 0 0 0 0 1011.6 0 0 0 0 843.0 0 0 0 486.6 0 362.5 0 206.3
0 23 15 11 13 22 17 4 19
0 0 0 0 207.7 0 0 0 0 0 0 667.4 0 504.0 0 697.0 0 576.0 0 558.7 0 0 1091.5 480.7 0 0 0 0 0 0
0 2 9 18 6 14
0 0 3837.1 0 0 0 228.3 0 0 315.3 0 0 0 0 195.1 0 0 0 207.2 0 0 0 0 0 0 0 0 0 0 0
**********2022-06-16 11:05:27**********
160250.955 160276.268 0.016 1189.105 1798.844 
0 1
0 4783.0 0 0 0 0 0 0 0 0 0 0 0 0 0 0 0 0 0 0 0 0 0 0 0 0 0 0 0 0
0 20 26 5 12 7 28 24 8
0 0 0 0 0 591.5 0 976.7 408.4 0 0 0 933.2 0 0 0 0 0 0 0 394.7 0 0 0 175.2 0 772.3 0 531.0 0
0 21 27 29 10 25 3 16
0 0 0 1232.4 0 0 0 0 0 0 640.5 0 0 0 0 0 1011.6 0 0 0 0 843.0 0 0 0 486.6 0 362.5 0 206.3
0 23 15 11 13 22 17 4 19
0 0 0 0 207.7 0 0 0 0 0 0 667.4 0 504.0 0 697.0 0 576.0 0 558.7 0 0 1091.5 480.7 0 0 0 0 0 0
0 2 9 18 6 14
0 0 3837.1 0 0 0 228.3 0 0 315.3 0 0 0 0 195.1 0 0 0 207.2 0 0 0 0 0 0 0 0 0 0 0
**********2022-06-16 11:12:43**********
160250.955 160270.103 0.012 2235.066 2235.066 
0 1
0 4783.0 0 0 0 0 0 0 0 0 0 0 0 0 0 0 0 0 0 0 0 0 0 0 0 0 0 0 0 0
0 9 2 29 6 14
0 0 3835.8 0 0 0 228.2 0 0 315.2 0 0 0 0 195.0 0 0 0 0 0 0 0 0 0 0 0 0 0 0 208.8
0 12 15 11 7 28 19 8
0 0 0 0 0 0 0 971.6 406.2 0 0 676.3 928.2 0 0 706.3 0 0 0 566.2 0 0 0 0 0 0 0 0 528.2 0
0 20 16 4 24 22 3 10
0 0 0 1243.1 209.4 0 0 0 0 0 646.1 0 0 0 0 0 1020.4 0 0 0 390.5 0 1100.1 0 173.4 0 0 0 0 0
0 27 25 23 21 26 13 5 18 17
0 0 0 0 0 578.9 0 0 0 0 0 0 0 502.5 0 0 0 574.2 204.2 0 0 841.1 0 479.3 0 485.5 755.7 361.7 0 0
**********2022-06-16 11:17:50**********
160250.956 160270.103 0.012 2235.066 2541.428 
0 1
0 4783.0 0 0 0 0 0 0 0 0 0 0 0 0 0 0 0 0 0 0 0 0 0 0 0 0 0 0 0 0
0 9 2 29 6 14
0 0 3835.8 0 0 0 228.2 0 0 315.2 0 0 0 0 195.0 0 0 0 0 0 0 0 0 0 0 0 0 0 0 208.8
0 12 15 11 7 28 19 8
0 0 0 0 0 0 0 971.6 406.2 0 0 676.3 928.2 0 0 706.3 0 0 0 566.2 0 0 0 0 0 0 0 0 528.2 0
0 20 16 4 24 22 3 10
0 0 0 1243.1 209.4 0 0 0 0 0 646.1 0 0 0 0 0 1020.4 0 0 0 390.5 0 1100.1 0 173.4 0 0 0 0 0
0 27 25 23 21 26 13 5 18 17
0 0 0 0 0 578.9 0 0 0 0 0 0 0 502.5 0 0 0 574.2 204.2 0 0 841.1 0 479.3 0 485.5 755.7 361.7 0 0
**********2022-06-16 11:29:31**********
160250.955 160270.103 0.012 2235.066 3242.768 
0 1
0 4783.0 0 0 0 0 0 0 0 0 0 0 0 0 0 0 0 0 0 0 0 0 0 0 0 0 0 0 0 0
0 9 2 29 6 14
0 0 3835.8 0 0 0 228.2 0 0 315.2 0 0 0 0 195.0 0 0 0 0 0 0 0 0 0 0 0 0 0 0 208.8
0 12 15 11 7 28 19 8
0 0 0 0 0 0 0 971.6 406.2 0 0 676.3 928.2 0 0 706.3 0 0 0 566.2 0 0 0 0 0 0 0 0 528.2 0
0 20 16 4 24 22 3 10
0 0 0 1243.1 209.4 0 0 0 0 0 646.1 0 0 0 0 0 1020.4 0 0 0 390.5 0 1100.1 0 173.4 0 0 0 0 0
0 27 25 23 21 26 13 5 18 17
0 0 0 0 0 578.9 0 0 0 0 0 0 0 502.5 0 0 0 574.2 204.2 0 0 841.1 0 479.3 0 485.5 755.7 361.7 0 0
**********2022-06-16 11:37:36**********
160250.956 160270.103 0.012 2235.066 3727.34 
0 1
0 4783.0 0 0 0 0 0 0 0 0 0 0 0 0 0 0 0 0 0 0 0 0 0 0 0 0 0 0 0 0
0 9 2 29 6 14
0 0 3835.8 0 0 0 228.2 0 0 315.2 0 0 0 0 195.0 0 0 0 0 0 0 0 0 0 0 0 0 0 0 208.8
0 12 15 11 7 28 19 8
0 0 0 0 0 0 0 971.6 406.2 0 0 676.3 928.2 0 0 706.3 0 0 0 566.2 0 0 0 0 0 0 0 0 528.2 0
0 20 16 4 24 22 3 10
0 0 0 1243.1 209.4 0 0 0 0 0 646.1 0 0 0 0 0 1020.4 0 0 0 390.5 0 1100.1 0 173.4 0 0 0 0 0
0 27 25 23 21 26 13 5 18 17
0 0 0 0 0 578.9 0 0 0 0 0 0 0 502.5 0 0 0 574.2 204.2 0 0 841.1 0 479.3 0 485.5 755.7 361.7 0 0
**********2022-06-16 11:47:34**********
160250.955 160270.103 0.012 2235.066 4325.853 
0 1
0 4783.0 0 0 0 0 0 0 0 0 0 0 0 0 0 0 0 0 0 0 0 0 0 0 0 0 0 0 0 0
0 9 2 29 6 14
0 0 3835.8 0 0 0 228.2 0 0 315.2 0 0 0 0 195.0 0 0 0 0 0 0 0 0 0 0 0 0 0 0 208.8
0 12 15 11 7 28 19 8
0 0 0 0 0 0 0 971.6 406.2 0 0 676.3 928.2 0 0 706.3 0 0 0 566.2 0 0 0 0 0 0 0 0 528.2 0
0 20 16 4 24 22 3 10
0 0 0 1243.1 209.4 0 0 0 0 0 646.1 0 0 0 0 0 1020.4 0 0 0 390.5 0 1100.1 0 173.4 0 0 0 0 0
0 27 25 23 21 26 13 5 18 17
0 0 0 0 0 578.9 0 0 0 0 0 0 0 502.5 0 0 0 574.2 204.2 0 0 841.1 0 479.3 0 485.5 755.7 361.7 0 0
**********2022-06-16 11:56:17**********
160250.955 160270.103 0.012 2235.066 4849.156 
0 1
0 4783.0 0 0 0 0 0 0 0 0 0 0 0 0 0 0 0 0 0 0 0 0 0 0 0 0 0 0 0 0
0 9 2 29 6 14
0 0 3835.8 0 0 0 228.2 0 0 315.2 0 0 0 0 195.0 0 0 0 0 0 0 0 0 0 0 0 0 0 0 208.8
0 12 15 11 7 28 19 8
0 0 0 0 0 0 0 971.6 406.2 0 0 676.3 928.2 0 0 706.3 0 0 0 566.2 0 0 0 0 0 0 0 0 528.2 0
0 20 16 4 24 22 3 10
0 0 0 1243.1 209.4 0 0 0 0 0 646.1 0 0 0 0 0 1020.4 0 0 0 390.5 0 1100.1 0 173.4 0 0 0 0 0
0 27 25 23 21 26 13 5 18 17
0 0 0 0 0 578.9 0 0 0 0 0 0 0 502.5 0 0 0 574.2 204.2 0 0 841.1 0 479.3 0 485.5 755.7 361.7 0 0
**********2022-06-16 12:06:25**********
160250.955 160270.103 0.012 2235.066 5456.891 
0 1
0 4783.0 0 0 0 0 0 0 0 0 0 0 0 0 0 0 0 0 0 0 0 0 0 0 0 0 0 0 0 0
0 9 2 29 6 14
0 0 3835.8 0 0 0 228.2 0 0 315.2 0 0 0 0 195.0 0 0 0 0 0 0 0 0 0 0 0 0 0 0 208.8
0 12 15 11 7 28 19 8
0 0 0 0 0 0 0 971.6 406.2 0 0 676.3 928.2 0 0 706.3 0 0 0 566.2 0 0 0 0 0 0 0 0 528.2 0
0 20 16 4 24 22 3 10
0 0 0 1243.1 209.4 0 0 0 0 0 646.1 0 0 0 0 0 1020.4 0 0 0 390.5 0 1100.1 0 173.4 0 0 0 0 0
0 27 25 23 21 26 13 5 18 17
0 0 0 0 0 578.9 0 0 0 0 0 0 0 502.5 0 0 0 574.2 204.2 0 0 841.1 0 479.3 0 485.5 755.7 361.7 0 0
**********2022-06-16 12:20:05**********
160250.955 160270.103 0.012 2235.066 6277.128 
0 1
0 4783.0 0 0 0 0 0 0 0 0 0 0 0 0 0 0 0 0 0 0 0 0 0 0 0 0 0 0 0 0
0 9 2 29 6 14
0 0 3835.8 0 0 0 228.2 0 0 315.2 0 0 0 0 195.0 0 0 0 0 0 0 0 0 0 0 0 0 0 0 208.8
0 12 15 11 7 28 19 8
0 0 0 0 0 0 0 971.6 406.2 0 0 676.3 928.2 0 0 706.3 0 0 0 566.2 0 0 0 0 0 0 0 0 528.2 0
0 20 16 4 24 22 3 10
0 0 0 1243.1 209.4 0 0 0 0 0 646.1 0 0 0 0 0 1020.4 0 0 0 390.5 0 1100.1 0 173.4 0 0 0 0 0
0 27 25 23 21 26 13 5 18 17
0 0 0 0 0 578.9 0 0 0 0 0 0 0 502.5 0 0 0 574.2 204.2 0 0 841.1 0 479.3 0 485.5 755.7 361.7 0 0
**********2022-06-16 12:27:59**********
160250.955 160263.968 0.008 6750.983 6750.983 
0 1
0 4783.0 0 0 0 0 0 0 0 0 0 0 0 0 0 0 0 0 0 0 0 0 0 0 0 0 0 0 0 0
0 17 4 14 2
0 0 3803.5 0 208.4 0 0 0 0 0 0 0 0 0 193.4 0 0 577.8 0 0 0 0 0 0 0 0 0 0 0 0
0 23 29 27 12 5 28 19 10 25
0 0 0 0 0 584.1 0 0 0 0 644.8 0 921.5 0 0 0 0 0 0 562.1 0 0 0 483.6 0 489.9 0 365.0 524.3 207.7
0 9 22 11 6 15 26 7
0 0 0 0 0 0 229.1 973.7 0 316.4 0 677.8 0 0 0 707.8 0 0 0 0 0 0 1108.4 0 0 0 769.8 0 0 0
0 13 18 24 8 16 3 20 21
0 0 0 1239.7 0 0 0 0 402.9 0 0 0 0 506.6 0 0 1017.6 0 205.8 0 389.4 848.0 0 0 172.9 0 0 0 0 0
