**********2022-05-21 09:45:22**********
163585.661 163630.02 0.027 570.751 570.752 
0 1
0 2671.0 0 0 0 0 0 0 0 0 0 0 0 0 0 0 0 0 0 0 0 0 0 0 0 0 0 0 0 0 0 0 0 0 0 0 0 0 0 0 0 0 0 0 0 0 0 0 0 0 0 0 0 0 0 0 0 0 0 0
0 35 10 31 52 22 40 4 7
0 0 0 0 662.6 0 0 157.0 0 0 240.8 0 0 0 0 0 0 0 0 0 0 0 322.8 0 0 0 0 0 0 0 0 226.4 0 0 0 480.7 0 0 0 0 276.7 0 0 0 0 0 0 0 0 0 0 0 303.9 0 0 0 0 0 0 0
0 27 41 51 54 16 50 57
0 0 0 0 0 0 0 0 0 0 0 0 0 0 0 0 112.7 0 0 0 0 0 0 0 0 0 0 596.0 0 0 0 0 0 0 0 0 0 0 0 0 0 639.2 0 0 0 0 0 0 0 0 574.8 328.8 0 0 218.8 0 0 200.6 0 0
0 9 56 58 32 45 33 42
0 0 0 0 0 0 0 0 0 451.9 0 0 0 0 0 0 0 0 0 0 0 0 0 0 0 0 0 0 0 0 0 0 255.8 699.1 0 0 0 0 0 0 0 0 416.9 0 0 215.3 0 0 0 0 0 0 0 0 0 0 263.0 0 369.1 0
0 13 15 29 44 23 55 14
0 0 0 0 0 0 0 0 0 0 0 0 0 182.2 275.8 1078.5 0 0 0 0 0 0 0 173.7 0 0 0 0 0 166.1 0 0 0 0 0 0 0 0 0 0 0 0 0 0 541.0 0 0 0 0 0 0 0 0 0 0 253.8 0 0 0 0
0 2 11
0 0 2629.3 0 0 0 0 0 0 0 0 41.7 0 0 0 0 0 0 0 0 0 0 0 0 0 0 0 0 0 0 0 0 0 0 0 0 0 0 0 0 0 0 0 0 0 0 0 0 0 0 0 0 0 0 0 0 0 0 0 0
0 59 26 12 5 36 39 24 19 8 46 43 47 25
0 0 0 0 0 275.5 0 0 191.1 0 0 0 263.2 0 0 0 0 0 0 165.1 0 0 0 0 235.3 102.2 102.8 0 0 0 0 0 0 0 0 0 239.3 0 0 268.8 0 0 0 160.3 0 0 166.2 231.0 0 0 0 0 0 0 0 0 0 0 0 270.3
0 21 38 49 18 30 28
0 0 0 0 0 0 0 0 0 0 0 0 0 0 0 0 0 0 276.3 0 0 96.2 0 0 0 0 0 0 612.9 0 536.7 0 0 0 0 0 0 0 678.6 0 0 0 0 0 0 0 0 0 0 470.3 0 0 0 0 0 0 0 0 0 0
0 17 48 53 34 3 20 6 37
0 0 0 786.6 0 0 219.8 0 0 0 0 0 0 0 0 0 0 247.0 0 0 237.2 0 0 0 0 0 0 0 0 0 0 0 0 0 452.1 0 0 109.1 0 0 0 0 0 0 0 0 0 0 543.7 0 0 0 0 75.6 0 0 0 0 0 0
**********2022-05-21 09:57:24**********
163585.655 163611.67 0.016 1292.55 1292.551 
0 1
0 2671.0 0 0 0 0 0 0 0 0 0 0 0 0 0 0 0 0 0 0 0 0 0 0 0 0 0 0 0 0 0 0 0 0 0 0 0 0 0 0 0 0 0 0 0 0 0 0 0 0 0 0 0 0 0 0 0 0 0 0
0 36 30 48 4 38
0 0 0 0 671.8 0 0 0 0 0 0 0 0 0 0 0 0 0 0 0 0 0 0 0 0 0 0 0 0 0 531.8 0 0 0 0 0 244.4 0 672.5 0 0 0 0 0 0 0 0 0 550.6 0 0 0 0 0 0 0 0 0 0 0
0 59 21 23 6 25 15 35 55
0 0 0 0 0 0 221.2 0 0 0 0 0 0 0 0 1069.2 0 0 0 0 0 94.7 0 172.2 0 103.7 0 0 0 0 0 0 0 0 0 484.2 0 0 0 0 0 0 0 0 0 0 0 0 0 0 0 0 0 0 0 251.6 0 0 0 274.2
0 22 57 42 34 3 45 56
0 0 0 797.4 0 0 0 0 0 0 0 0 0 0 0 0 0 0 0 0 0 0 327.6 0 0 0 0 0 0 0 0 0 0 0 458.4 0 0 0 0 0 0 0 413.0 0 0 213.3 0 0 0 0 0 0 0 0 0 0 260.6 200.7 0 0
0 2
0 0 2671.0 0 0 0 0 0 0 0 0 0 0 0 0 0 0 0 0 0 0 0 0 0 0 0 0 0 0 0 0 0 0 0 0 0 0 0 0 0 0 0 0 0 0 0 0 0 0 0 0 0 0 0 0 0 0 0 0 0
0 52 18 12 5 46 49 47 53 28
0 0 0 0 0 279.6 0 0 0 0 0 0 267.2 0 0 0 0 0 272.1 0 0 0 0 0 0 0 0 0 603.6 0 0 0 0 0 0 0 0 0 0 0 0 0 0 0 0 0 168.6 234.4 0 463.2 0 0 306.3 76.1 0 0 0 0 0 0
0 27 41 44 37 50 16 43
0 0 0 0 0 0 0 0 0 0 0 0 0 0 0 0 110.0 0 0 0 0 0 0 0 0 0 0 581.6 0 0 0 0 0 0 0 0 0 107.9 0 0 0 623.7 0 159.9 527.1 0 0 0 0 0 560.9 0 0 0 0 0 0 0 0 0
0 9 58 32 17 13 19 40 8 39 24
0 0 0 0 0 0 0 0 196.2 449.7 0 0 0 182.8 0 0 0 251.5 0 169.5 0 0 0 0 241.5 0 0 0 0 0 0 0 254.6 0 0 0 0 0 0 275.9 282.1 0 0 0 0 0 0 0 0 0 0 0 0 0 0 0 0 0 367.3 0
0 26 11 29 20 10 14 31 51 54 33 7
0 0 0 0 0 0 0 155.4 0 0 238.3 76.5 0 0 268.6 0 0 0 0 0 234.5 0 0 0 0 0 102.4 0 0 161.7 0 224.0 0 675.4 0 0 0 0 0 0 0 0 0 0 0 0 0 0 0 0 0 320.7 0 0 213.4 0 0 0 0 0
**********2022-05-21 10:10:48**********
163585.648 163603.716 0.011 2097.422 2097.423 
0 1
0 2671.0 0 0 0 0 0 0 0 0 0 0 0 0 0 0 0 0 0 0 0 0 0 0 0 0 0 0 0 0 0 0 0 0 0 0 0 0 0 0 0 0 0 0 0 0 0 0 0 0 0 0 0 0 0 0 0 0 0 0
0 2
0 0 2671.0 0 0 0 0 0 0 0 0 0 0 0 0 0 0 0 0 0 0 0 0 0 0 0 0 0 0 0 0 0 0 0 0 0 0 0 0 0 0 0 0 0 0 0 0 0 0 0 0 0 0 0 0 0 0 0 0 0
0 30 18 38 41 55 31 21
0 0 0 0 0 0 0 0 0 0 0 0 0 0 0 0 0 0 271.3 0 0 94.5 0 0 0 0 0 0 0 0 527.1 227.5 0 0 0 0 0 0 666.5 0 0 633.1 0 0 0 0 0 0 0 0 0 0 0 0 0 251.0 0 0 0 0
0 59 3 47 46 26 5 11 52 56 23
0 0 0 792.6 0 279.8 0 0 0 0 0 78.0 0 0 0 0 0 0 0 0 0 0 0 172.5 0 0 104.4 0 0 0 0 0 0 0 0 0 0 0 0 0 0 0 0 0 0 0 168.8 234.7 0 0 0 0 306.6 0 0 0 259.0 0 0 274.6
0 42 39 7 50 13 22 20 44
0 0 0 0 0 0 0 156.9 0 0 0 0 0 179.2 0 0 0 0 0 0 236.8 0 322.6 0 0 0 0 0 0 0 0 0 0 0 0 0 0 0 0 270.5 0 0 406.7 0 532.0 0 0 0 0 0 566.2 0 0 0 0 0 0 0 0 0
0 25 33 27 9 43 49 8
0 0 0 0 0 0 0 0 195.7 448.5 0 0 0 0 0 0 0 0 0 0 0 0 0 0 0 104.6 0 597.1 0 0 0 0 0 693.8 0 0 0 0 0 0 0 0 0 164.1 0 0 0 0 0 467.2 0 0 0 0 0 0 0 0 0 0
0 19 58 32 51 34 24 28 36
0 0 0 0 0 0 0 0 0 0 0 0 0 0 0 0 0 0 0 168.9 0 0 0 0 240.7 0 0 0 608.6 0 0 0 253.7 0 458.9 0 244.9 0 0 0 0 0 0 0 0 0 0 0 0 0 0 329.2 0 0 0 0 0 0 366.1 0
0 17 15 35 29 16 37 14 45
0 0 0 0 0 0 0 0 0 0 0 0 0 0 273.2 1068.2 111.8 248.3 0 0 0 0 0 0 0 0 0 0 0 164.5 0 0 0 0 0 483.8 0 109.7 0 0 0 0 0 0 0 211.6 0 0 0 0 0 0 0 0 0 0 0 0 0 0
0 57 4 40 54 10 6 53 48 12
0 0 0 0 656.2 0 217.5 0 0 0 238.5 0 262.6 0 0 0 0 0 0 0 0 0 0 0 0 0 0 0 0 0 0 0 0 0 0 0 0 0 0 0 274.1 0 0 0 0 0 0 0 537.9 0 0 0 0 74.8 213.5 0 0 195.8 0 0
**********2022-05-21 10:23:33**********
163585.642 163603.716 0.011 2097.422 2862.031 
0 1
0 2671.0 0 0 0 0 0 0 0 0 0 0 0 0 0 0 0 0 0 0 0 0 0 0 0 0 0 0 0 0 0 0 0 0 0 0 0 0 0 0 0 0 0 0 0 0 0 0 0 0 0 0 0 0 0 0 0 0 0 0
0 2
0 0 2671.0 0 0 0 0 0 0 0 0 0 0 0 0 0 0 0 0 0 0 0 0 0 0 0 0 0 0 0 0 0 0 0 0 0 0 0 0 0 0 0 0 0 0 0 0 0 0 0 0 0 0 0 0 0 0 0 0 0
0 30 18 38 41 55 31 21
0 0 0 0 0 0 0 0 0 0 0 0 0 0 0 0 0 0 271.3 0 0 94.5 0 0 0 0 0 0 0 0 527.1 227.5 0 0 0 0 0 0 666.5 0 0 633.1 0 0 0 0 0 0 0 0 0 0 0 0 0 251.0 0 0 0 0
0 59 3 47 46 26 5 11 52 56 23
0 0 0 792.6 0 279.8 0 0 0 0 0 78.0 0 0 0 0 0 0 0 0 0 0 0 172.5 0 0 104.4 0 0 0 0 0 0 0 0 0 0 0 0 0 0 0 0 0 0 0 168.8 234.7 0 0 0 0 306.6 0 0 0 259.0 0 0 274.6
0 42 39 7 50 13 22 20 44
0 0 0 0 0 0 0 156.9 0 0 0 0 0 179.2 0 0 0 0 0 0 236.8 0 322.6 0 0 0 0 0 0 0 0 0 0 0 0 0 0 0 0 270.5 0 0 406.7 0 532.0 0 0 0 0 0 566.2 0 0 0 0 0 0 0 0 0
0 25 33 27 9 43 49 8
0 0 0 0 0 0 0 0 195.7 448.5 0 0 0 0 0 0 0 0 0 0 0 0 0 0 0 104.6 0 597.1 0 0 0 0 0 693.8 0 0 0 0 0 0 0 0 0 164.1 0 0 0 0 0 467.2 0 0 0 0 0 0 0 0 0 0
0 19 58 32 51 34 24 28 36
0 0 0 0 0 0 0 0 0 0 0 0 0 0 0 0 0 0 0 168.9 0 0 0 0 240.7 0 0 0 608.6 0 0 0 253.7 0 458.9 0 244.9 0 0 0 0 0 0 0 0 0 0 0 0 0 0 329.2 0 0 0 0 0 0 366.1 0
0 17 15 35 29 16 37 14 45
0 0 0 0 0 0 0 0 0 0 0 0 0 0 273.2 1068.2 111.8 248.3 0 0 0 0 0 0 0 0 0 0 0 164.5 0 0 0 0 0 483.8 0 109.7 0 0 0 0 0 0 0 211.6 0 0 0 0 0 0 0 0 0 0 0 0 0 0
0 57 4 40 54 10 6 53 48 12
0 0 0 0 656.2 0 217.5 0 0 0 238.5 0 262.6 0 0 0 0 0 0 0 0 0 0 0 0 0 0 0 0 0 0 0 0 0 0 0 0 0 0 0 274.1 0 0 0 0 0 0 0 537.9 0 0 0 0 74.8 213.5 0 0 195.8 0 0
**********2022-05-21 10:38:20**********
163585.643 163603.716 0.011 2097.422 3748.833 
0 1
0 2671.0 0 0 0 0 0 0 0 0 0 0 0 0 0 0 0 0 0 0 0 0 0 0 0 0 0 0 0 0 0 0 0 0 0 0 0 0 0 0 0 0 0 0 0 0 0 0 0 0 0 0 0 0 0 0 0 0 0 0
0 2
0 0 2671.0 0 0 0 0 0 0 0 0 0 0 0 0 0 0 0 0 0 0 0 0 0 0 0 0 0 0 0 0 0 0 0 0 0 0 0 0 0 0 0 0 0 0 0 0 0 0 0 0 0 0 0 0 0 0 0 0 0
0 30 18 38 41 55 31 21
0 0 0 0 0 0 0 0 0 0 0 0 0 0 0 0 0 0 271.3 0 0 94.5 0 0 0 0 0 0 0 0 527.1 227.5 0 0 0 0 0 0 666.5 0 0 633.1 0 0 0 0 0 0 0 0 0 0 0 0 0 251.0 0 0 0 0
0 59 3 47 46 26 5 11 52 56 23
0 0 0 792.6 0 279.8 0 0 0 0 0 78.0 0 0 0 0 0 0 0 0 0 0 0 172.5 0 0 104.4 0 0 0 0 0 0 0 0 0 0 0 0 0 0 0 0 0 0 0 168.8 234.7 0 0 0 0 306.6 0 0 0 259.0 0 0 274.6
0 42 39 7 50 13 22 20 44
0 0 0 0 0 0 0 156.9 0 0 0 0 0 179.2 0 0 0 0 0 0 236.8 0 322.6 0 0 0 0 0 0 0 0 0 0 0 0 0 0 0 0 270.5 0 0 406.7 0 532.0 0 0 0 0 0 566.2 0 0 0 0 0 0 0 0 0
0 25 33 27 9 43 49 8
0 0 0 0 0 0 0 0 195.7 448.5 0 0 0 0 0 0 0 0 0 0 0 0 0 0 0 104.6 0 597.1 0 0 0 0 0 693.8 0 0 0 0 0 0 0 0 0 164.1 0 0 0 0 0 467.2 0 0 0 0 0 0 0 0 0 0
0 19 58 32 51 34 24 28 36
0 0 0 0 0 0 0 0 0 0 0 0 0 0 0 0 0 0 0 168.9 0 0 0 0 240.7 0 0 0 608.6 0 0 0 253.7 0 458.9 0 244.9 0 0 0 0 0 0 0 0 0 0 0 0 0 0 329.2 0 0 0 0 0 0 366.1 0
0 17 15 35 29 16 37 14 45
0 0 0 0 0 0 0 0 0 0 0 0 0 0 273.2 1068.2 111.8 248.3 0 0 0 0 0 0 0 0 0 0 0 164.5 0 0 0 0 0 483.8 0 109.7 0 0 0 0 0 0 0 211.6 0 0 0 0 0 0 0 0 0 0 0 0 0 0
0 57 4 40 54 10 6 53 48 12
0 0 0 0 656.2 0 217.5 0 0 0 238.5 0 262.6 0 0 0 0 0 0 0 0 0 0 0 0 0 0 0 0 0 0 0 0 0 0 0 0 0 0 0 274.1 0 0 0 0 0 0 0 537.9 0 0 0 0 74.8 213.5 0 0 195.8 0 0
**********2022-05-21 10:53:04**********
163585.627 163603.716 0.011 2097.422 4632.87 
0 1
0 2671.0 0 0 0 0 0 0 0 0 0 0 0 0 0 0 0 0 0 0 0 0 0 0 0 0 0 0 0 0 0 0 0 0 0 0 0 0 0 0 0 0 0 0 0 0 0 0 0 0 0 0 0 0 0 0 0 0 0 0
0 2
0 0 2671.0 0 0 0 0 0 0 0 0 0 0 0 0 0 0 0 0 0 0 0 0 0 0 0 0 0 0 0 0 0 0 0 0 0 0 0 0 0 0 0 0 0 0 0 0 0 0 0 0 0 0 0 0 0 0 0 0 0
0 30 18 38 41 55 31 21
0 0 0 0 0 0 0 0 0 0 0 0 0 0 0 0 0 0 271.3 0 0 94.5 0 0 0 0 0 0 0 0 527.1 227.5 0 0 0 0 0 0 666.5 0 0 633.1 0 0 0 0 0 0 0 0 0 0 0 0 0 251.0 0 0 0 0
0 59 3 47 46 26 5 11 52 56 23
0 0 0 792.6 0 279.8 0 0 0 0 0 78.0 0 0 0 0 0 0 0 0 0 0 0 172.5 0 0 104.4 0 0 0 0 0 0 0 0 0 0 0 0 0 0 0 0 0 0 0 168.8 234.7 0 0 0 0 306.6 0 0 0 259.0 0 0 274.6
0 42 39 7 50 13 22 20 44
0 0 0 0 0 0 0 156.9 0 0 0 0 0 179.2 0 0 0 0 0 0 236.8 0 322.6 0 0 0 0 0 0 0 0 0 0 0 0 0 0 0 0 270.5 0 0 406.7 0 532.0 0 0 0 0 0 566.2 0 0 0 0 0 0 0 0 0
0 25 33 27 9 43 49 8
0 0 0 0 0 0 0 0 195.7 448.5 0 0 0 0 0 0 0 0 0 0 0 0 0 0 0 104.6 0 597.1 0 0 0 0 0 693.8 0 0 0 0 0 0 0 0 0 164.1 0 0 0 0 0 467.2 0 0 0 0 0 0 0 0 0 0
0 19 58 32 51 34 24 28 36
0 0 0 0 0 0 0 0 0 0 0 0 0 0 0 0 0 0 0 168.9 0 0 0 0 240.7 0 0 0 608.6 0 0 0 253.7 0 458.9 0 244.9 0 0 0 0 0 0 0 0 0 0 0 0 0 0 329.2 0 0 0 0 0 0 366.1 0
0 17 15 35 29 16 37 14 45
0 0 0 0 0 0 0 0 0 0 0 0 0 0 273.2 1068.2 111.8 248.3 0 0 0 0 0 0 0 0 0 0 0 164.5 0 0 0 0 0 483.8 0 109.7 0 0 0 0 0 0 0 211.6 0 0 0 0 0 0 0 0 0 0 0 0 0 0
0 57 4 40 54 10 6 53 48 12
0 0 0 0 656.2 0 217.5 0 0 0 238.5 0 262.6 0 0 0 0 0 0 0 0 0 0 0 0 0 0 0 0 0 0 0 0 0 0 0 0 0 0 0 274.1 0 0 0 0 0 0 0 537.9 0 0 0 0 74.8 213.5 0 0 195.8 0 0
