157270.462 157261.94 0.005 80.035 80.035 
157275.712 157261.937 0.009 59.827 59.827 
157261.955 157276.77 0.009 76.383 76.383 
157261.937 157273.885 0.008 69.681 69.681 
0 1
0 7970.0 0 0 0 0 0 0 0 0 0 0 0 0 0
0 7 2 4 14 5 3
0 0.0 4160.928674145092 1065.5184042204992 487.68220512381225 1153.0718015065568 0.0 543.8628744547135 0.0 0.0 0.0 0.0 0.0 0.0 558.936040549325
0 8 9 6 12 10 13 11
0 0.0 0.0 0.0 0.0 0.0 878.3280900300475 0.0 647.2141292947283 1510.7435583371994 462.71120677622264 2018.2073215903438 462.97688986096597 1989.8188041104925 0.0
157261.937 157273.885 0.008 69.681 106.042 
0 1
0 7970.0 0 0 0 0 0 0 0 0 0 0 0 0 0
0 7 2 4 14 5 3
0 0.0 4160.928674145092 1065.5184042204992 487.68220512381225 1153.0718015065568 0.0 543.8628744547135 0.0 0.0 0.0 0.0 0.0 0.0 558.936040549325
0 8 9 6 12 10 13 11
0 0.0 0.0 0.0 0.0 0.0 878.3280900300475 0.0 647.2141292947283 1510.7435583371994 462.71120677622264 2018.2073215903438 462.97688986096597 1989.8188041104925 0.0
157261.937 157273.885 0.008 69.681 140.141 
0 1
0 7970.0 0 0 0 0 0 0 0 0 0 0 0 0 0
0 7 2 4 14 5 3
0 0.0 4160.928674145092 1065.5184042204992 487.68220512381225 1153.0718015065568 0.0 543.8628744547135 0.0 0.0 0.0 0.0 0.0 0.0 558.936040549325
0 8 9 6 12 10 13 11
0 0.0 0.0 0.0 0.0 0.0 878.3280900300475 0.0 647.2141292947283 1510.7435583371994 462.71120677622264 2018.2073215903438 462.97688986096597 1989.8188041104925 0.0
157261.937 157273.885 0.008 69.681 170.562 
0 1
0 7970.0 0 0 0 0 0 0 0 0 0 0 0 0 0
0 7 2 4 14 5 3
0 0.0 4160.928674145092 1065.5184042204992 487.68220512381225 1153.0718015065568 0.0 543.8628744547135 0.0 0.0 0.0 0.0 0.0 0.0 558.936040549325
0 8 9 6 12 10 13 11
0 0.0 0.0 0.0 0.0 0.0 878.3280900300475 0.0 647.2141292947283 1510.7435583371994 462.71120677622264 2018.2073215903438 462.97688986096597 1989.8188041104925 0.0
157261.949 157266.652 0.003 201.843 201.843 
0 1
0 7970.0 0 0 0 0 0 0 0 0 0 0 0 0 0
0 6 13 10 4 9 8 11
0 0.0 0.0 0.0 492.032732883058 0.0 874.9285317401688 0.0 644.7090947855224 1504.8962435532071 460.92028822594864 2010.395874466828 0.0 1982.1172343452688 0.0
0 12 3 5 14 7 2
0 0.0 4176.9525727772325 1069.6217570627775 0.0 1157.5123258970352 0.0 545.957311503313 0.0 0.0 0.0 0.0 458.86750781111954 0.0 561.0885249485233
**********2022-05-23 09:56:28**********
157261.941 157274.817 0.008 47.874 47.874 
0 1
0 7970.0 0 0 0 0 0 0 0 0 0 0 0 0 0
0 8 5 12 2 9
0 0 4196.9 0 0 1163.0 0 0 644.5 1504.5 0 0 461.1 0 0
0 4 3 11 10 14 13 6 7
0 0 0 1069.9 489.7 0 870.8 546.1 0 0 458.7 2000.8 0 1972.7 561.2
**********2024-02-10 18:31:32**********
157261.937 157275.394 0.009 71.53 71.53 1 323.0 
0 1
0 7970.0 0 0 0 0 0 0 0 0 0 0 0 0 0
0 4 12 9 2 6 10
0 0 4186.5 0 490.7 0 872.5 0 0 1500.8 459.7 0 459.9 0 0
0 11 14 3 7 13 5 8
0 0 0 1072.6 0 1160.7 0 547.5 643.2 0 0 2005.8 0 1977.6 562.6
**********2024-02-10 18:48:22**********
157261.937 157291.074 0.019 74.529 74.529 1 294.0 
0 1
0 7970.0 0 0 0 0 0 0 0 0 0 0 0 0 0
0 3 5 10 13 6 7 11
0 0.0 0.0 1055.8 0.0 1142.5 859.2 538.9 0.0 0.0 452.7 1974.4 0.0 1946.6 0.0
0 8 9 12 14 4 2
0 0.0 4254.2 0.0 498.6 0.0 0.0 0.0 653.3 1525.0 0.0 0.0 467.4 0.0 571.5
**********2024-02-10 18:48:57**********
157261.937 157272.789 0.007 109.77 109.77 3 294.0 
0 10 11 12 9 4 3 13
0 0 0 1072.8 491.0 0 0 0 0 1501.8 460.0 2006.2 460.2 1978.0 0
0 1
0 7970.0 0 0 0 0 0 0 0 0 0 0 0 0 0
0 2 7 5 8 6 14
0 0 4185.6 0 0 1159.9 872.3 547.1 642.8 0 0 0 0 0 562.3
