**********2022-05-23 10:05:39**********
162460.679 162485.364 0.015 31.359 31.359 
0 1
0 8221.0 0 0 0 0 0 0 0 0 0 0 0 0 0
0 2 14 8 6 3 10
0 0.0 4405.9 1225.6 0.0 0.0 914.5 0.0 611.4 0.0 476.0 0.0 0.0 0.0 587.6
0 11 13 9 7 4 12 5
0 0.0 0.0 0.0 472.0 1170.2 0.0 567.4 0.0 1526.0 0.0 2156.4 519.1 1810.1 0.0
**********2022-05-23 10:06:02**********
162460.676 162482.718 0.014 54.315 54.315 
0 2 14 6 3 8 4
0 0 4414.7 1228.1 460.5 0 916.3 0 612.6 0 0 0 0 0 588.8
0 1
0 8221.0 0 0 0 0 0 0 0 0 0 0 0 0 0
0 9 11 10 7 12 5 13
0 0 0 0 0 1167.8 0 566.2 0 1522.8 487.8 2152.0 518.0 1806.4 0
**********2022-05-23 10:07:00**********
162460.677 162463.973 0.002 111.984 111.984 
0 1
0 8221.0 0 0 0 0 0 0 0 0 0 0 0 0 0
0 2 12 5 4 7 10 14
0 0.0 4457.1 0.0 464.9 1152.7 0.0 558.9 0.0 0.0 481.6 0.0 511.4 0.0 594.4
0 9 11 3 6 13 8
0 0.0 0.0 1244.0 0.0 0.0 928.1 0.0 620.6 1508.2 0.0 2131.2 0.0 1789.0 0.0
**********2024-02-10 19:12:38**********
162460.675 162628.346 0.103 60.759 60.759 1 257.0 
0 1
0 8221.0 0 0 0 0 0 0 0 0 0 0 0 0 0
0 2 13 12 5 4 7
0 0 4104.1 0 428.1 1061.4 0 514.6 0 0 0 0 470.9 1641.9 0
0 9 11 10 14 6 3 8
0 0 0 1361.5 0 0 1015.8 0 679.2 1650.6 528.8 2332.5 0 0 652.7
**********2024-02-10 19:13:38**********
162460.676 162464.449 0.002 120.561 120.561 3 257.0 
0 1
0 8221.0 0 0 0 0 0 0 0 0 0 0 0 0 0
0 9 6 3 11 13 8
0 0 0 1244.0 0 0 928.1 0 620.6 1508.2 0 2131.2 0 1789.0 0
0 2 12 5 4 7 10 14
0 0 4457.1 0 464.9 1152.7 0 558.9 0 0 481.6 0 511.4 0 594.4
