**********2022-06-01 16:18:37**********
111535.072 111537.164 0.002 28.866 28.866 
0 2 7 10 6 9 12
0 0 10701.8 0 0 0 2122.0 1285.6 0 3627.8 1144.4 0 1187.0 0 0
0 13 3 11 8 14 5 4
0 0.0 0.0 2983.8 1291.7 2787.1 0.0 0.0 1613.8 0.0 0.0 4896.1 0.0 4829.9 1397.3
0 1
0 51104.0 0 0 0 0 0 0 0 0 0 0 0 0 0
**********2022-06-01 16:20:41**********
101100.355 101100.431 0.0 13.887 13.887 
0 1
0 47095.0 0 0 0 0 0 0 0 0 0 0 0 0 0
0 7 14 12 9 8 11
0 0.0 0.0 0.0 0.0 0.0 0.0 1287.5 1549.7 3576.0 0.0 5013.7 1147.7 0.0 1512.6
0 3 5 6 13 10 4 2
0 0.0 9963.2 2825.6 1290.6 2873.3 2191.2 0.0 0.0 0.0 1199.2 0.0 0.0 4615.2 0.0
