**********2022-05-23 09:59:14**********
159070.996 159085.827 0.009 45.424 45.424 
0 6 8 5 4 14 2
0 0 4166.7 0 485.7 1169.4 957.7 0 643.3 0 0 0 0 0 621.1
0 1
0 8044.0 0 0 0 0 0 0 0 0 0 0 0 0 0
0 13 7 12 11 10 3 9
0 0 0 1207.6 0 0 0 610.7 0 1369.0 505.4 1898.0 490.6 1962.7 0
**********2022-05-23 09:59:35**********
159070.995 159082.291 0.007 66.89 66.89 
0 1
0 8044.0 0 0 0 0 0 0 0 0 0 0 0 0 0
0 7 4 6 14 3 2
0 0 4159.2 1211.4 484.9 0 955.9 612.6 0 0 0 0 0 0 620.0
0 12 8 9 13 11 5 10
0 0 0 0 0 1165.7 0 0 641.2 1371.5 506.3 1901.5 491.5 1966.2 0
**********2024-01-16 22:26:22**********
159070.987 159108.78 0.024 65.084 65.084 
0 1
0 8044.0 0.0 0.0 0.0 0.0 0.0 0.0 0.0 0.0 0.0 -0.0 0.0 0.0 0.0
0 14 4 2 5 6 12
0 0.0 4246.0 0.0 495.0 1191.7 975.9 0.0 0.0 0.0 0.0 0.0 502.5 0.0 633.0
0 3 13 10 7 9 8 11
0 0.0 0.0 1185.5 0.0 0.0 0.0 599.5 628.4 1344.1 496.2 1863.4 0.0 1926.9 0.0
**********2024-01-16 22:26:40**********
159070.987 159108.78 0.024 65.084 83.375 
0 1
0 8044.0 0.0 0.0 0.0 0.0 0.0 0.0 0.0 0.0 0.0 -0.0 0.0 0.0 0.0
0 14 4 2 5 6 12
0 0.0 4246.0 0.0 495.0 1191.7 975.9 0.0 0.0 0.0 0.0 0.0 502.5 0.0 633.0
0 3 13 10 7 9 8 11
0 0.0 0.0 1185.5 0.0 0.0 0.0 599.5 628.4 1344.1 496.2 1863.4 0.0 1926.9 0.0
**********2024-01-16 22:27:08**********
159070.987 159108.78 0.024 65.084 111.802 
0 1
0 8044.0 0.0 0.0 0.0 0.0 0.0 0.0 0.0 0.0 0.0 -0.0 0.0 0.0 0.0
0 14 4 2 5 6 12
0 0.0 4246.0 0.0 495.0 1191.7 975.9 0.0 0.0 0.0 0.0 0.0 502.5 0.0 633.0
0 3 13 10 7 9 8 11
0 0.0 0.0 1185.5 0.0 0.0 0.0 599.5 628.4 1344.1 496.2 1863.4 0.0 1926.9 0.0
**********2024-01-16 22:27:34**********
159070.987 159108.78 0.024 65.084 137.697 
0 1
0 8044.0 0.0 0.0 0.0 0.0 0.0 0.0 0.0 0.0 0.0 -0.0 0.0 0.0 0.0
0 14 4 2 5 6 12
0 0.0 4246.0 0.0 495.0 1191.7 975.9 0.0 0.0 0.0 0.0 0.0 502.5 0.0 633.0
0 3 13 10 7 9 8 11
0 0.0 0.0 1185.5 0.0 0.0 0.0 599.5 628.4 1344.1 496.2 1863.4 0.0 1926.9 0.0
**********2024-01-16 22:27:55**********
159070.991 159080.238 0.006 158.131 158.131 
0 1
0 8044.0 0.0 0.0 0.0 0.0 0.0 0.0 0.0 0.0 0.0 -0.0 0.0 0.0 0.0
0 12 6 5 14 7 2
0 0.0 4178.3 0.0 0.0 1172.7 960.3 615.4 0.0 -0.0 0.0 0.0 494.4 0.0 622.9
0 3 13 10 4 9 8 11
0 0.0 0.0 1204.3 482.0 0.0 0.0 0.0 638.3 1365.3 504.0 1892.8 0.0 1957.3 0.0
**********2024-02-20 00:40:25**********
159070.987 159235.685 0.103 65.888 65.888 
0 1
0 8044.0 0.0 0.0 0.0 0.0 0.0 0.0 0.0 0.0 0.0 0.0 0.0 0.0 0.0
0 8 11 7 6 13 3
0 0.0 0.0 1335.8 0.0 0.0 1054.1 675.5 708.0 0.0 0.0 2099.6 0.0 2171.0 0.0
0 12 14 5 10 9 4 2
0 0.0 3800.2 0.0 443.0 1066.5 0.0 0.0 0.0 1254.8 463.3 0.0 449.7 0.0 566.5
**********2024-02-20 00:40:49**********
159070.987 159109.886 0.024 89.448 89.448 
0 1
0 8044.0 0.0 0.0 0.0 0.0 0.0 0.0 0.0 0.0 0.0 0.0 0.0 0.0 0.0
0 3 12 14 5 10 13 11
0 0.0 0.0 1238.1 0.0 1193.0 0.0 0.0 0.0 0.0 518.2 1945.9 503.0 2012.2 633.7
0 8 9 4 6 7 2
0 0.0 4066.2 0.0 474.0 0.0 934.5 598.9 627.7 1342.7 0.0 0.0 0.0 0.0 0.0
**********2024-02-20 00:41:17**********
159070.987 159086.24 0.01 117.615 117.615 
0 1
0 8044.0 0 0 0 0 0 0 0 0 0 0 0 0 0
0 2 3 6 8 7 4
0 0 4147.8 1208.1 483.5 0 953.3 610.9 640.4 0 0 0 0 0 0
0 13 11 9 5 14 10 12
0 0 0 0 0 1168.9 0 0 0 1375.3 507.7 1906.7 492.9 1971.6 620.9
**********2024-02-20 00:41:40**********
159070.987 159086.24 0.01 117.615 141.017 
0 1
0 8044.0 0 0 0 0 0 0 0 0 0 0 0 0 0
0 2 3 6 8 7 4
0 0 4147.8 1208.1 483.5 0 953.3 610.9 640.4 0 0 0 0 0 0
0 13 11 9 5 14 10 12
0 0 0 0 0 1168.9 0 0 0 1375.3 507.7 1906.7 492.9 1971.6 620.9
**********2024-02-20 00:41:59**********
159070.991 159081.824 0.007 160.079 160.079 
0 1
0 8044.0 0.0 0.0 0.0 0.0 0.0 0.0 0.0 0.0 0.0 0.0 0.0 0.0 0.0
0 7 14 5 6 4 2
0 0.0 4182.1 0.0 487.5 1173.7 961.2 616.0 0.0 0.0 0.0 0.0 0.0 0.0 623.4
0 8 9 3 12 10 13 11
0 0.0 0.0 1203.2 0.0 0.0 0.0 0.0 637.7 1364.0 503.6 1891.1 488.8 1955.5 0.0
