**********2022-05-21 03:01:34**********
164191.473 164223.44 0.019 6383.292 6383.294 
0 2
0 0 2681.0 0 0 0 0 0 0 0 0 0 0 0 0 0 0 0 0 0 0 0 0 0 0 0 0 0 0 0 0 0 0 0 0 0 0 0 0 0 0 0 0 0 0 0 0 0 0 0 0 0 0 0 0 0 0 0 0 0
0 36 8 49 34 24 13 51 31 14
0 0 0 0 0 0 0 0 204.9 0 0 0 0 173.9 253.3 0 0 0 0 0 0 0 0 0 229.7 0 0 0 0 0 0 236.2 0 0 525.2 0 266.4 0 0 0 0 0 0 0 0 0 0 0 0 446.1 0 345.3 0 0 0 0 0 0 0 0
0 29 45 37 3 17 5 54 38
0 0 0 798.5 0 277.8 0 0 0 0 0 0 0 0 0 0 0 234.2 0 0 0 0 0 0 0 0 0 0 0 163.5 0 0 0 0 0 0 0 109.2 668.5 0 0 0 0 0 0 217.9 0 0 0 0 0 0 0 0 211.4 0 0 0 0 0
0 9 21 32 23 46 19 56 7 55 25 27
0 0 0 0 0 0 0 177.2 0 499.9 0 0 0 0 0 0 0 0 0 164.5 0 87.9 0 168.4 0 101.8 0 509.1 0 0 0 0 256.1 0 0 0 0 0 0 0 0 0 0 0 0 0 168.8 0 0 0 0 0 0 0 0 252.9 294.4 0 0 0
0 52 42 16 15 41 6
0 0 0 0 0 0 203.5 0 0 0 0 0 0 0 0 1067.5 114.9 0 0 0 0 0 0 0 0 0 0 0 0 0 0 0 0 0 0 0 0 0 0 0 0 620.1 395.6 0 0 0 0 0 0 0 0 0 279.4 0 0 0 0 0 0 0
0 20 40 30 53 39 26 4 12 18 43
0 0 0 0 592.3 0 0 0 0 0 0 0 241.9 0 0 0 0 0 256.5 0 219.4 0 0 0 0 0 109.2 0 0 0 508.0 0 0 0 0 0 0 0 0 271.7 251.4 0 0 146.1 0 0 0 0 0 0 0 0 0 84.6 0 0 0 0 0 0
0 1
0 2681.0 0 0 0 0 0 0 0 0 0 0 0 0 0 0 0 0 0 0 0 0 0 0 0 0 0 0 0 0 0 0 0 0 0 0 0 0 0 0 0 0 0 0 0 0 0 0 0 0 0 0 0 0 0 0 0 0 0 0
0 57 33 48 22 58 35
0 0 0 0 0 0 0 0 0 0 0 0 0 0 0 0 0 0 0 0 0 0 311.0 0 0 0 0 0 0 0 0 0 0 793.1 0 489.2 0 0 0 0 0 0 0 0 0 0 0 0 536.7 0 0 0 0 0 0 0 0 193.5 357.6 0
0 11 44 50 10 28 47 59
0 0 0 0 0 0 0 0 0 0 231.3 74.2 0 0 0 0 0 0 0 0 0 0 0 0 0 0 0 0 646.4 0 0 0 0 0 0 0 0 0 0 0 0 0 0 0 556.0 0 0 248.8 0 0 610.5 0 0 0 0 0 0 0 0 313.8
**********2022-05-21 03:45:17**********
164191.096 164219.463 0.017 9006.631 9006.633 
0 2
0 0 2681.0 0 0 0 0 0 0 0 0 0 0 0 0 0 0 0 0 0 0 0 0 0 0 0 0 0 0 0 0 0 0 0 0 0 0 0 0 0 0 0 0 0 0 0 0 0 0 0 0 0 0 0 0 0 0 0 0 0
0 39 25 7 31 37 26 59 16 49 36 27
0 0 0 0 0 0 0 178.8 0 0 0 0 0 0 0 0 117.4 0 0 0 0 0 0 0 0 102.8 110.3 513.7 0 0 0 238.5 0 0 0 0 269.0 107.8 0 274.4 0 0 0 0 0 0 0 0 0 450.5 0 0 0 0 0 0 0 0 0 317.7
0 19 51 5 30 50 46 4
0 0 0 0 596.4 273.4 0 0 0 0 0 0 0 0 0 0 0 0 0 165.5 0 0 0 0 0 0 0 0 0 0 511.6 0 0 0 0 0 0 0 0 0 0 0 0 0 0 0 169.8 0 0 0 616.5 347.7 0 0 0 0 0 0 0 0
0 1
0 2681.0 0 0 0 0 0 0 0 0 0 0 0 0 0 0 0 0 0 0 0 0 0 0 0 0 0 0 0 0 0 0 0 0 0 0 0 0 0 0 0 0 0 0 0 0 0 0 0 0 0 0 0 0 0 0 0 0 0 0
0 32 3 21 20 8 18 57 23 35
0 0 0 785.0 0 0 0 0 206.0 0 0 0 0 0 0 0 0 0 258.0 0 220.7 88.3 0 169.2 0 0 0 0 0 0 0 0 257.4 0 0 499.1 0 0 0 0 0 0 0 0 0 0 0 0 0 0 0 0 0 0 0 0 0 197.4 0 0
0 10 42 12 45 58 17 34 14 52
0 0 0 0 0 0 0 0 0 0 227.0 0 236.7 0 247.8 0 0 224.0 0 0 0 0 0 0 0 0 0 0 0 0 0 0 0 0 513.9 0 0 0 0 0 0 0 391.6 0 0 208.4 0 0 0 0 0 0 276.6 0 0 0 0 0 354.9 0
0 15 11 29 47 6 55 28
0 0 0 0 0 0 206.7 0 0 0 0 74.7 0 0 0 1084.1 0 0 0 0 0 0 0 0 0 0 0 0 650.8 160.5 0 0 0 0 0 0 0 0 0 0 0 0 0 0 0 0 0 250.5 0 0 0 0 0 0 0 253.7 0 0 0 0
0 43 24 33 41 44 22
0 0 0 0 0 0 0 0 0 0 0 0 0 0 0 0 0 0 0 0 0 0 315.5 0 229.7 0 0 0 0 0 0 0 0 804.6 0 0 0 0 0 0 0 627.4 0 146.1 557.6 0 0 0 0 0 0 0 0 0 0 0 0 0 0 0
0 40 38 13 9 56 54 53 48
0 0 0 0 0 0 0 0 0 494.5 0 0 0 172.1 0 0 0 0 0 0 0 0 0 0 0 0 0 0 0 0 0 0 0 0 0 0 0 0 646.9 0 248.9 0 0 0 0 0 0 0 539.0 0 0 0 0 83.8 204.6 0 291.2 0 0 0
**********2024-01-30 02:59:03**********
164207.305 164223.035 0.01 1615.861 1615.861 
0 1
0 2681.0 0 0 0 0 0 0 0 0 0 0 0 0 0 0 0 0 0 0 0 0 0 0 0 0 0 0 0 0 0 0 0 0 0 0 0 0 0 0 0 0 0 0 0 0 0 0 0 0 0 0 0 0 0 0 0 0 0 0
0 2
0 0 2681.0 0 0 0 0 0 0 0 0 0 0 0 0 0 0 0 0 0 0 0 0 0 0 0 0 0 0 0 0 0 0 0 0 0 0 0 0 0 0 0 0 0 0 0 0 0 0 0 0 0 0 0 0 0 0 0 0 0
0 52 43 40 4 34 8 59 12 46
0 0 0 0 582.2 0 0 0 201.3 0 0 0 237.7 0 0 0 0 0 0 0 0 0 0 0 0 0 0 0 0 0 0 0 0 0 516.2 0 0 0 0 0 247.1 0 0 143.6 0 0 165.8 0 0 0 0 0 277.8 0 0 0 0 0 0 309.3
0 27 30 33 14 50
0 0 0 0 0 0 0 0 0 0 0 0 0 0 252.7 0 0 0 0 0 0 0 0 0 0 0 0 507.6 0 0 506.9 0 0 802.8 0 0 0 0 0 0 0 0 0 0 0 0 0 0 0 0 610.9 0 0 0 0 0 0 0 0 0
0 42 17 5 23 45 3 28
0 0 0 771.9 0 268.5 0 0 0 0 0 0 0 0 0 0 0 226.4 0 0 0 0 0 166.4 0 0 0 0 641.2 0 0 0 0 0 0 0 0 0 0 0 0 0 395.9 0 0 210.7 0 0 0 0 0 0 0 0 0 0 0 0 0 0
0 36 10 54 25 39 55 21 15 29
0 0 0 0 0 0 0 0 0 0 233.9 0 0 0 0 1088.9 0 0 0 0 0 88.5 0 0 0 102.6 0 0 0 161.2 0 0 0 0 0 0 268.6 0 0 274.0 0 0 0 0 0 0 0 0 0 0 0 0 0 0 208.4 254.8 0 0 0 0
0 53 7 6 24 48 20 13 26 31 38
0 0 0 0 0 0 209.6 180.2 0 0 0 0 0 177.0 0 0 0 0 0 0 223.4 0 0 0 233.8 0 111.2 0 0 0 0 240.4 0 0 0 0 0 0 665.1 0 0 0 0 0 0 0 0 0 554.2 0 0 0 0 86.1 0 0 0 0 0 0
0 49 57 56 19 9 32 58 47 16 37
0 0 0 0 0 0 0 0 0 497.6 0 0 0 0 0 0 115.8 0 0 163.7 0 0 0 0 0 0 0 0 0 0 0 0 254.9 0 0 0 0 106.3 0 0 0 0 0 0 0 0 0 248.5 0 444.4 0 0 0 0 0 0 293.0 195.5 361.3 0
0 35 41 22 51 44 11 18
0 0 0 0 0 0 0 0 0 0 0 74.7 0 0 0 0 0 0 257.3 0 0 0 316.4 0 0 0 0 0 0 0 0 0 0 0 0 497.8 0 0 0 0 0 629.2 0 0 559.3 0 0 0 0 0 0 346.4 0 0 0 0 0 0 0 0
**********2024-01-30 03:25:26**********
164205.971 164220.372 0.009 3198.66 3198.66 
0 1
0 2681.0 0 0 0 0 0 0 0 0 0 0 0 0 0 0 0 0 0 0 0 0 0 0 0 0 0 0 0 0 0 0 0 0 0 0 0 0 0 0 0 0 0 0 0 0 0 0 0 0 0 0 0 0 0 0 0 0 0 0
0 33 23 4 15
0 0 0 0 600.4 0 0 0 0 0 0 0 0 0 0 1094.6 0 0 0 0 0 0 0 170.5 0 0 0 0 0 0 0 0 0 815.5 0 0 0 0 0 0 0 0 0 0 0 0 0 0 0 0 0 0 0 0 0 0 0 0 0 0
0 2
0 0 2681.0 0 0 0 0 0 0 0 0 0 0 0 0 0 0 0 0 0 0 0 0 0 0 0 0 0 0 0 0 0 0 0 0 0 0 0 0 0 0 0 0 0 0 0 0 0 0 0 0 0 0 0 0 0 0 0 0 0
0 9 31 3 6 52 36 47 7
0 0 0 775.6 0 0 204.6 175.9 0 496.4 0 0 0 0 0 0 0 0 0 0 0 0 0 0 0 0 0 0 0 0 0 234.8 0 0 0 0 264.8 0 0 0 0 0 0 0 0 0 0 247.9 0 0 0 0 280.9 0 0 0 0 0 0 0
0 44 8 37 54 26 5 34 19 17 22
0 0 0 0 0 270.6 0 0 204.1 0 0 0 0 0 0 0 0 228.1 0 163.8 0 0 314.3 0 0 0 108.9 0 0 0 0 0 0 0 523.4 0 0 106.3 0 0 0 0 0 0 555.6 0 0 0 0 0 0 0 0 0 205.9 0 0 0 0 0
0 58 27 28 51 16 49 12
0 0 0 0 0 0 0 0 0 0 0 0 242.9 0 0 0 116.7 0 0 0 0 0 0 0 0 0 0 511.0 651.1 0 0 0 0 0 0 0 0 0 0 0 0 0 0 0 0 0 0 0 0 448.1 0 346.8 0 0 0 0 0 0 364.3 0
0 46 11 45 56 41 25 39 40 32 43 14
0 0 0 0 0 0 0 0 0 0 0 75.1 0 0 255.5 0 0 0 0 0 0 0 0 0 0 102.7 0 0 0 0 0 0 258.1 0 0 0 0 0 0 274.1 253.6 632.8 0 147.4 0 214.8 170.1 0 0 0 0 0 0 0 0 0 296.8 0 0 0
0 10 13 35 29 59 20 55 53 18 30
0 0 0 0 0 0 0 0 0 0 230.6 0 0 172.8 0 0 0 0 254.9 0 218.1 0 0 0 0 0 0 0 0 158.9 504.9 0 0 0 0 493.1 0 0 0 0 0 0 0 0 0 0 0 0 0 0 0 0 0 84.1 0 251.1 0 0 0 312.7
0 21 50 57 24 38 42 48
0 0 0 0 0 0 0 0 0 0 0 0 0 0 0 0 0 0 0 0 0 86.4 0 0 226.0 0 0 0 0 0 0 0 0 0 0 0 0 0 643.1 0 0 0 393.9 0 0 0 0 0 535.9 0 602.5 0 0 0 0 0 0 193.1 0 0
