143810.39 143810.351 0.0 14.389 14.389 
143810.387 143810.351 0.0 16.631 16.632 
143810.351 143811.456 0.001 21.163 21.163 
0 1
0 20701.0 0 0 0 0 0 0 0 0 0 0 0 0 0
0 7 9 12 14 5 2
0 0.0 9883.237734096445 0.0 0.0 2992.041577736801 0.0 1304.5054491887095 0.0 3472.998916869109 0.0 0.0 1131.4746846970625 3.8838056443557574e-11 1514.9457798503727
0 8 11 6 4 10 13 3
0 0.0 0.0 2762.4893784072274 1103.998035622884 0.0 2292.498437191896 0.0 1542.392076572842 0.0 1232.6049868181362 4942.496140082366 0.0 4468.669295507935 0.0
143810.351 143810.38 0.0 19.635 19.635 
0 1
0 20701.0 0 0 0 0 0 0 0 0 0 0 0 0 0
0 8 9 5 10 7 2
0 0.0 9883.237734096445 0.0 0.0 2992.0415777368175 0.0 1304.5054491887095 1542.392076572842 3472.9989168691286 1232.6049868181362 0.0 0.0 0.0 0.0
0 3 12 14 13 6 4 11
0 0.0 0.0 2762.4893784072274 1103.998035622884 0.0 2292.498437191896 0.0 0.0 0.0 0.0 4942.496140082366 1131.4746846970625 4468.669295507935 1514.9457798503727
**********2022-05-23 09:54:59**********
143810.351 143810.387 0.0 16.892 16.892 
0 1
0 20701.0 0 0 0 0 0 0 0 0 0 0 0 0 0
0 7 14 5 3 4 2
0 0.0 9883.2 2762.5 1104.0 2992.0 0.0 1304.5 0.0 0.0 0.0 0.0 0.0 0.0 1514.9
0 8 9 6 12 10 13 11
0 0.0 0.0 0.0 0.0 0.0 2292.5 0.0 1542.4 3473.0 1232.6 4942.5 1131.5 4468.7 0.0
**********2024-01-16 22:18:06**********
143810.351 143810.784 0.0 17.052 17.052 
0 1
0 20701.0 0.0 0.0 0.0 0.0 0.0 0.0 0.0 0.0 0.0 0.0 0.0 0.0 0.0
0 8 11 4 6 12 3 13
0 0.0 0.0 2762.5 1104.0 0.0 2292.5 0.0 1542.4 0.0 0.0 4942.5 1131.5 4468.7 0.0
0 14 5 10 9 7 2
0 0.0 9883.2 0.0 0.0 2992.0 0.0 1304.5 0.0 3473.0 1232.6 0.0 0.0 0.0 1514.9
**********2024-02-20 00:18:38**********
143810.351 153182.108 6.118 14.609 14.609 
0 7 2 12 14 1 13 6 10
0 17887.6 1273.8 0.0 0.0 0.0 295.5 168.1 0.0 0.0 158.9 0.0 145.8 576.0 195.3
0 8 9 5 3 4 11
0 0.0 0.0 2762.5 1104.0 2992.0 0.0 0.0 1542.4 3473.0 0.0 4942.5 0.0 0.0 0.0
**********2024-02-20 00:18:48**********
143810.356 143810.367 0.0 23.862 23.862 
0 7 2 12 14 1 13 6 10
0 17887.6 1273.8 0.0 0.0 0.0 295.5 168.1 0.0 0.0 158.9 0.0 145.8 576.0 195.3
0 8 9 5 3 4 11
0 0.0 0.0 2762.5 1104.0 2992.0 0.0 0.0 1542.4 3473.0 0.0 4942.5 0.0 0.0 0.0
0 1
0 20701.0 0.0 0.0 0.0 0.0 0.0 0.0 0.0 0.0 0.0 0.0 0.0 0.0 0.0
0 3 12 14 5 10 13 11
0 0.0 0.0 2762.5 0.0 2992.0 -0.0 0.0 0.0 0.0 1232.6 4942.5 1131.5 4468.7 1514.9
0 8 9 4 6 7 2
0 0.0 9883.2 0.0 1104.0 0.0 2292.5 1304.5 1542.4 3473.0 0.0 0.0 0.0 0.0 0.0
