148045.005 148051.025 0.004 255.471 255.471 
0 28 7 6 24 25 5 29 26
0 0 0 0 0 1170.156478178 496.6714601404 2058.2881640758 0 0 0 0 0 0 0 0 0 0 0 0 0 0 0 0 402.6850876543 1075.9772060086 1994.7843573458 0 1103.5121928714 457.818201316
0 23 17 14 15 2
0 0 7751.125476818 0 0 0 0 0 0 0 0 0 0 0 441.421690515 1519.0057597 0 1363.9745881922 0 0 0 0 0 985.2996978603 0 0 0 0 0 0
0 1
0 12083.0 0 0 0 0 0 0 0 0 0 0 0 0 0 0 0 0 0 0 0 0 0 0 0 0 0 0 0 0
0 21 12 3 8 27 22
0 0 0 2983.6971679962 0 0 0 0 819.5800141029 0 0 0 1681.3998382078 0 0 0 0 0 0 0 0 1674.8450325268 2046.4536573219 0 0 0 0 788.3978465813 0 0
0 13 4 18 16 11 9 19 10 20
0 0 0 0 488.8056019616 0 0 0 0 625.3620406935 1343.4763378919 1602.4466526691 0 1148.458443614 0 0 2190.0741269217 0 470.3731399852 1167.3082624591 901.4203679677 0 0 0 0 0 0 0 0 0
**********2022-05-21 12:49:27**********
148044.93 148050.94 0.004 397.349 397.35 
0 7 20 28 12 15 14 21 17
0 0 0 0 0 0 0 2058.3 0 0 0 0 1681.4 0 441.4 1519.0 0 1364.0 0 0 901.4 1674.8 0 0 0 0 0 0 1103.5 0
0 1
0 12083.0 0 0 0 0 0 0 0 0 0 0 0 0 0 0 0 0 0 0 0 0 0 0 0 0 0 0 0 0
0 24 11 5 3 19 29 9
0 0 0 2983.7 0 1170.2 0 0 0 625.4 0 1602.4 0 0 0 0 0 0 0 1167.3 0 0 0 0 402.7 0 0 0 0 457.8
0 27 25 23 26 18 16 22
0 0 0 0 0 0 0 0 0 0 0 0 0 0 0 0 2190.1 0 470.4 0 0 0 2046.5 985.3 0 1076.0 1994.8 788.4 0 0
0 10 13 4 8 6 2
0 0 7751.1 0 488.8 0 496.7 0 819.6 0 1343.5 0 0 1148.5 0 0 0 0 0 0 0 0 0 0 0 0 0 0 0 0
**********2024-01-17 00:13:50**********
148044.946 150436.837 1.59 378.162 378.162 
0 1 27 29 10 25 6 14
0 11675.3 0 0 0 0 44.0 0 0 0 119.0 0 0 0 39.1 0 0 0 0 0 0 0 0 0 0 95.3 0 69.8 0 40.5
0 2 21
0 0 7751.1 0 0 0 0 0 0 0 0 0 0 0 0 0 0 0 0 0 0 1674.8 0 0 0 0 0 0 0 0
0 9 13 26 5 18 4 7
0 0 0 0 488.8 1170.2 0 2058.3 0 625.4 0 0 0 1148.5 0 0 0 0 470.4 0 0 0 0 0 0 0 1994.8 0 0 0
0 11 15 20 23 3 16
0 0 0 2983.7 0 0 0 0 0 0 0 1602.4 0 0 0 1519.0 2190.1 0 0 0 901.4 0 0 985.3 0 0 0 0 0 0
0 22 12 17 28 24 8 19
0 0 0 0 0 0 0 0 819.6 0 0 0 1681.4 0 0 0 0 1364.0 0 1167.3 0 0 2046.5 0 402.7 0 0 0 1103.5 0
**********2024-01-17 00:19:47**********
148044.933 150436.837 1.59 378.162 734.838 
0 1 27 29 10 25 6 14
0 11675.3 0 0 0 0 44.0 0 0 0 119.0 0 0 0 39.1 0 0 0 0 0 0 0 0 0 0 95.3 0 69.8 0 40.5
0 2 21
0 0 7751.1 0 0 0 0 0 0 0 0 0 0 0 0 0 0 0 0 0 0 1674.8 0 0 0 0 0 0 0 0
0 9 13 26 5 18 4 7
0 0 0 0 488.8 1170.2 0 2058.3 0 625.4 0 0 0 1148.5 0 0 0 0 470.4 0 0 0 0 0 0 0 1994.8 0 0 0
0 11 15 20 23 3 16
0 0 0 2983.7 0 0 0 0 0 0 0 1602.4 0 0 0 1519.0 2190.1 0 0 0 901.4 0 0 985.3 0 0 0 0 0 0
0 22 12 17 28 24 8 19
0 0 0 0 0 0 0 0 819.6 0 0 0 1681.4 0 0 0 0 1364.0 0 1167.3 0 0 2046.5 0 402.7 0 0 0 1103.5 0
**********2024-01-17 00:20:42**********
148044.933 150436.837 1.59 378.162 790.211 
0 1 27 29 10 25 6 14
0 11675.3 0 0 0 0 44.0 0 0 0 119.0 0 0 0 39.1 0 0 0 0 0 0 0 0 0 0 95.3 0 69.8 0 40.5
0 2 21
0 0 7751.1 0 0 0 0 0 0 0 0 0 0 0 0 0 0 0 0 0 0 1674.8 0 0 0 0 0 0 0 0
0 9 13 26 5 18 4 7
0 0 0 0 488.8 1170.2 0 2058.3 0 625.4 0 0 0 1148.5 0 0 0 0 470.4 0 0 0 0 0 0 0 1994.8 0 0 0
0 11 15 20 23 3 16
0 0 0 2983.7 0 0 0 0 0 0 0 1602.4 0 0 0 1519.0 2190.1 0 0 0 901.4 0 0 985.3 0 0 0 0 0 0
0 22 12 17 28 24 8 19
0 0 0 0 0 0 0 0 819.6 0 0 0 1681.4 0 0 0 0 1364.0 0 1167.3 0 0 2046.5 0 402.7 0 0 0 1103.5 0
**********2024-02-20 04:22:04**********
148044.965 150436.837 1.59 400.794 400.794 
0 1 27 29 10 25 6 14
0 11675.3 0 0 0 0 44.0 0 0 0 119.0 0 0 0 39.1 0 0 0 0 0 0 0 0 0 0 95.3 0 69.8 0 40.5
0 2 21
0 0 7751.1 0 0 0 0 0 0 0 0 0 0 0 0 0 0 0 0 0 0 1674.8 0 0 0 0 0 0 0 0
0 9 13 26 5 18 4 7
0 0 0 0 488.8 1170.2 0 2058.3 0 625.4 0 0 0 1148.5 0 0 0 0 470.4 0 0 0 0 0 0 0 1994.8 0 0 0
0 11 15 20 23 3 16
0 0 0 2983.7 0 0 0 0 0 0 0 1602.4 0 0 0 1519.0 2190.1 0 0 0 901.4 0 0 985.3 0 0 0 0 0 0
0 22 12 17 28 24 8 19
0 0 0 0 0 0 0 0 819.6 0 0 0 1681.4 0 0 0 0 1364.0 0 1167.3 0 0 2046.5 0 402.7 0 0 0 1103.5 0
**********2024-02-20 04:30:12**********
148044.926 150436.837 1.59 400.794 889.445 
0 1 27 29 10 25 6 14
0 11675.3 0 0 0 0 44.0 0 0 0 119.0 0 0 0 39.1 0 0 0 0 0 0 0 0 0 0 95.3 0 69.8 0 40.5
0 2 21
0 0 7751.1 0 0 0 0 0 0 0 0 0 0 0 0 0 0 0 0 0 0 1674.8 0 0 0 0 0 0 0 0
0 9 13 26 5 18 4 7
0 0 0 0 488.8 1170.2 0 2058.3 0 625.4 0 0 0 1148.5 0 0 0 0 470.4 0 0 0 0 0 0 0 1994.8 0 0 0
0 11 15 20 23 3 16
0 0 0 2983.7 0 0 0 0 0 0 0 1602.4 0 0 0 1519.0 2190.1 0 0 0 901.4 0 0 985.3 0 0 0 0 0 0
0 22 12 17 28 24 8 19
0 0 0 0 0 0 0 0 819.6 0 0 0 1681.4 0 0 0 0 1364.0 0 1167.3 0 0 2046.5 0 402.7 0 0 0 1103.5 0
**********2024-02-20 04:32:25**********
148044.926 148336.679 0.197 1021.687 1021.687 
0 1
0 12083.0 0.0 0.0 0.0 0.0 0.0 0.0 0.0 0.0 0.0 0.0 0.0 0.0 0.0 0.0 0.0 0.0 0.0 0.0 0.0 0.0 0.0 0.0 0.0 0.0 0.0 0.0 0.0 0.0
0 2 21 9 23
0 0 7751.1 0 0 0 0 0 0 625.4 0 0 0 0 0 0 0 0 0 0 0 1674.8 0 985.3 0 0 0 0 0 0
0 11 15 3 16
0 0 0 2983.7 0 0 0 0 0 0 0 1602.4 0 0 0 1519.0 2190.1 0 0 0 0 0 0 0 0 0 0 0 0 0
0 26 13 20 27 29 10 25 6 14
0 0 0 0 0 0 496.7 0 0 0 1343.5 0 0 1148.5 441.4 0 0 0 0 0 901.4 0 0 0 0 1076.0 1994.8 788.4 0 457.8
0 22 18 4 7 12 17 5 28 24 8 19
0 0 0 0 462.4 1107.0 0 1947.2 775.3 0 0 0 1590.6 0 0 0 0 1290.3 445.0 1104.3 0 0 1936.0 0 380.9 0 0 0 1043.9 0
**********2024-02-20 04:40:08**********
148044.922 148053.465 0.006 1485.556 1485.556 
0 1
0 12083.0 0.0 0.0 0.0 0.0 0.0 0.0 0.0 0.0 0.0 0.0 0.0 0.0 0.0 0.0 0.0 0.0 0.0 0.0 0.0 0.0 0.0 0.0 0.0 0.0 0.0 0.0 0.0 0.0
0 2 28 8 4
0 0 7751.1 0 488.8 0 0 0 819.6 0 0 0 0 0 0 0 0 0 0 0 0 0 0 0 0 0 0 0 1103.5 0
0 3 26 11 10 25 27 18
0 0 0 2983.7 0 0 0 0 0 0 1343.5 1602.4 0 0 0 0 0 0 470.4 0 0 0 0 0 0 1076.0 1994.8 788.4 0 0
0 16 22 21 17 5 23 6 14
0 0 0 0 0 1170.2 496.7 0 0 0 0 0 0 0 441.4 0 2190.1 1364.0 0 0 0 1674.8 2046.5 985.3 0 0 0 0 0 0
0 7 13 20 12 15 19 24 29 9
0 0 0 0 0 0 0 2058.3 0 625.4 0 0 1681.4 1148.5 0 1519.0 0 0 0 1167.3 901.4 0 0 0 402.7 0 0 0 0 457.8
