155592.976 155599.972 0.004 287.239 287.239 
0 1
0 12644.0 0 0 0 0 0 0 0 0 0 0 0 0 0 0 0 0 0 0 0 0 0 0 0 0 0 0 0 0
0 4 27 23 29 7 5 10 12 14
0 0 0 0 474.2484373175 1429.9443811321 0 2042.82186217 0 0 1317.1955199753 0 1600.2748087935 0 429.5478064119 0 0 0 0 0 0 0 0 1032.1993637362 0 0 0 786.6819247605 0 467.3879058012
0 2 20 13 28
0 0 8590.0600481019 0 0 0 0 0 0 0 0 0 0 1157.8198693857 0 0 0 0 0 0 849.93339722 0 0 0 0 0 0 0 1261.3539396184 0
0 21 17 3 8 6 19 15
0 0 0 2759.6039901609 0 0 489.4117386477 0 802.150788338 0 0 0 0 0 0 1395.2394031902 0 1334.351937796 0 1146.6147811533 0 1815.682120056 0 0 0 0 0 0 0 0
0 22 11 25 24 16 18 9 26
0 0 0 0 0 0 0 0 0 679.2970926312 0 1521.5027480405 0 0 0 0 2035.0887723751 0 454.5827450552 0 0 0 2344.352713758 0 396.9110260907 1082.8665679449 1698.5147978481 0 0 0
**********2022-05-21 12:42:49**********
155592.943 155598.627 0.004 324.186 324.186 
0 1
0 12644.0 0 0 0 0 0 0 0 0 0 0 0 0 0 0 0 0 0 0 0 0 0 0 0 0 0 0 0 0
0 17 22 2
0 0 8590.1 0 0 0 0 0 0 0 0 0 0 0 0 0 0 1334.4 0 0 0 0 2344.4 0 0 0 0 0 0 0
0 18 25 10 24 23 19 9 13 27 15
0 0 0 0 0 0 0 0 0 679.3 1317.2 0 0 1157.8 0 1395.2 0 0 454.6 1146.6 0 0 0 1032.2 396.9 1082.9 0 786.7 0 0
0 12 8 20 26 4 29 7
0 0 0 0 474.2 0 0 2042.8 802.2 0 0 0 1600.3 0 0 0 0 0 0 0 849.9 0 0 0 0 0 1698.5 0 0 467.4
0 14 3 5 6 11 28 21 16
0 0 0 2759.6 0 1429.9 489.4 0 0 0 0 1521.5 0 0 429.5 0 2035.1 0 0 0 0 1815.7 0 0 0 0 0 0 1261.4 0
**********2024-01-17 00:06:26**********
155592.982 158286.983 1.702 266.254 266.255 
0 1 11 20 6 14
0 12352.1 0 0 0 0 43.4 0 0 0 0 135.0 0 0 38.1 0 0 0 0 0 75.4 0 0 0 0 0 0 0 0 0
0 2 27 29 15 16 24 8 19
0 0 6953.4 0 0 0 0 0 649.3 0 0 0 0 0 0 1129.4 1647.3 0 0 928.1 0 0 0 0 321.3 0 0 636.8 0 378.3
0 21 9 23 3 10 25
0 0 0 2759.6 0 0 0 0 0 679.3 1317.2 0 0 0 0 0 0 0 0 0 0 1815.7 0 1032.2 0 1082.9 0 0 0 0
0 22 13 5 17 28
0 0 0 0 0 1429.9 0 0 0 0 0 0 0 1157.8 0 0 0 1334.4 0 0 0 0 2344.4 0 0 0 0 0 1261.4 0
0 26 12 18 4 7
0 0 0 0 474.2 0 0 2042.8 0 0 0 0 1600.3 0 0 0 0 0 454.6 0 0 0 0 0 0 0 1698.5 0 0 0
**********2024-01-17 00:07:32**********
155592.982 158286.983 1.702 266.254 331.568 
0 1 11 20 6 14
0 12352.1 0 0 0 0 43.4 0 0 0 0 135.0 0 0 38.1 0 0 0 0 0 75.4 0 0 0 0 0 0 0 0 0
0 2 27 29 15 16 24 8 19
0 0 6953.4 0 0 0 0 0 649.3 0 0 0 0 0 0 1129.4 1647.3 0 0 928.1 0 0 0 0 321.3 0 0 636.8 0 378.3
0 21 9 23 3 10 25
0 0 0 2759.6 0 0 0 0 0 679.3 1317.2 0 0 0 0 0 0 0 0 0 0 1815.7 0 1032.2 0 1082.9 0 0 0 0
0 22 13 5 17 28
0 0 0 0 0 1429.9 0 0 0 0 0 0 0 1157.8 0 0 0 1334.4 0 0 0 0 2344.4 0 0 0 0 0 1261.4 0
0 26 12 18 4 7
0 0 0 0 474.2 0 0 2042.8 0 0 0 0 1600.3 0 0 0 0 0 454.6 0 0 0 0 0 0 0 1698.5 0 0 0
**********2024-02-20 03:44:13**********
155592.962 158286.983 1.702 282.81 282.81 
0 1 11 20 6 14
0 12352.1 0 0 0 0 43.4 0 0 0 0 135.0 0 0 38.1 0 0 0 0 0 75.4 0 0 0 0 0 0 0 0 0
0 2 27 29 15 16 24 8 19
0 0 6953.4 0 0 0 0 0 649.3 0 0 0 0 0 0 1129.4 1647.3 0 0 928.1 0 0 0 0 321.3 0 0 636.8 0 378.3
0 21 9 23 3 10 25
0 0 0 2759.6 0 0 0 0 0 679.3 1317.2 0 0 0 0 0 0 0 0 0 0 1815.7 0 1032.2 0 1082.9 0 0 0 0
0 22 13 5 17 28
0 0 0 0 0 1429.9 0 0 0 0 0 0 0 1157.8 0 0 0 1334.4 0 0 0 0 2344.4 0 0 0 0 0 1261.4 0
0 26 12 18 4 7
0 0 0 0 474.2 0 0 2042.8 0 0 0 0 1600.3 0 0 0 0 0 454.6 0 0 0 0 0 0 0 1698.5 0 0 0
**********2024-02-20 03:50:42**********
155592.962 158222.914 1.662 672.126 672.126 
0 1 9 23 25 6 14
0 12315.5 0 0 0 0 43.3 0 0 60.1 0 0 0 0 38.0 0 0 0 0 0 0 0 0 91.3 0 95.8 0 0 0 0
0 2 21
0 0 8590.1 0 0 0 0 0 0 0 0 0 0 0 0 0 0 0 0 0 0 1815.7 0 0 0 0 0 0 0 0
0 13 5 18 4 7
0 0 0 0 474.2 1429.9 0 2042.8 0 0 0 0 0 1157.8 0 0 0 0 454.6 0 0 0 0 0 0 0 0 0 0 0
0 22 17 27 11 15 29 20 10 3 16
0 0 0 2355.8 0 0 0 0 0 0 1124.5 1298.9 0 0 0 1191.1 1737.3 1139.1 0 0 725.6 0 2001.3 0 0 0 0 671.6 0 399.0
0 26 12 28 24 8 19
0 0 0 0 0 0 0 0 802.2 0 0 0 1600.3 0 0 0 0 0 0 1146.6 0 0 0 0 396.9 0 1698.5 0 1261.4 0
**********2024-02-20 03:57:30**********
155592.951 158222.914 1.662 672.126 1079.753 
0 1 9 23 25 6 14
0 12315.5 0 0 0 0 43.3 0 0 60.1 0 0 0 0 38.0 0 0 0 0 0 0 0 0 91.3 0 95.8 0 0 0 0
0 2 21
0 0 8590.1 0 0 0 0 0 0 0 0 0 0 0 0 0 0 0 0 0 0 1815.7 0 0 0 0 0 0 0 0
0 13 5 18 4 7
0 0 0 0 474.2 1429.9 0 2042.8 0 0 0 0 0 1157.8 0 0 0 0 454.6 0 0 0 0 0 0 0 0 0 0 0
0 22 17 27 11 15 29 20 10 3 16
0 0 0 2355.8 0 0 0 0 0 0 1124.5 1298.9 0 0 0 1191.1 1737.3 1139.1 0 0 725.6 0 2001.3 0 0 0 0 671.6 0 399.0
0 26 12 28 24 8 19
0 0 0 0 0 0 0 0 802.2 0 0 0 1600.3 0 0 0 0 0 0 1146.6 0 0 0 0 396.9 0 1698.5 0 1261.4 0
**********2024-02-20 04:04:38**********
155592.949 158222.914 1.662 672.126 1507.91 
0 1 9 23 25 6 14
0 12315.5 0 0 0 0 43.3 0 0 60.1 0 0 0 0 38.0 0 0 0 0 0 0 0 0 91.3 0 95.8 0 0 0 0
0 2 21
0 0 8590.1 0 0 0 0 0 0 0 0 0 0 0 0 0 0 0 0 0 0 1815.7 0 0 0 0 0 0 0 0
0 13 5 18 4 7
0 0 0 0 474.2 1429.9 0 2042.8 0 0 0 0 0 1157.8 0 0 0 0 454.6 0 0 0 0 0 0 0 0 0 0 0
0 22 17 27 11 15 29 20 10 3 16
0 0 0 2355.8 0 0 0 0 0 0 1124.5 1298.9 0 0 0 1191.1 1737.3 1139.1 0 0 725.6 0 2001.3 0 0 0 0 671.6 0 399.0
0 26 12 28 24 8 19
0 0 0 0 0 0 0 0 802.2 0 0 0 1600.3 0 0 0 0 0 0 1146.6 0 0 0 0 396.9 0 1698.5 0 1261.4 0
**********2024-02-20 04:11:13**********
155592.949 157418.756 1.16 1902.932 1902.932 
0 1 11 16
0 12329.0 0 0 0 0 0 0 0 0 0 134.7 0 0 0 0 180.2 0 0 0 0 0 0 0 0 0 0 0 0 0
0 2 21
0 0 8590.1 0 0 0 0 0 0 0 0 0 0 0 0 0 0 0 0 0 0 1815.7 0 0 0 0 0 0 0 0
0 12 5 18 4 7 17 28 24 19 8 9
0 0 0 0 474.2 1429.9 0 2042.8 802.2 679.3 0 0 1600.3 0 0 0 0 1334.4 454.6 1146.6 0 0 0 0 396.9 0 0 0 1261.4 0
0 15 23 3 10
0 0 0 2759.6 0 0 0 0 0 0 1317.2 0 0 0 0 1395.2 0 0 0 0 0 0 0 1032.2 0 0 0 0 0 0
0 22 26 13 20 27 29 6 25 14
0 0 0 0 0 0 489.4 0 0 0 0 0 0 1157.8 429.5 0 0 0 0 0 849.9 0 2344.4 0 0 1082.9 1698.5 786.7 0 467.4
**********2024-02-20 04:15:23**********
155592.949 155600.89 0.005 2152.735 2152.735 
0 1
0 12644.0 0.0 0.0 0.0 0.0 0.0 0.0 0.0 0.0 0.0 0.0 0.0 0.0 0.0 0.0 0.0 0.0 0.0 0.0 0.0 0.0 0.0 0.0 0.0 0.0 0.0 0.0 0.0 0.0
0 2 25 29
0 0 8590.1 0 0 0 0 0 0 0 0 0 0 0 0 0 0 0 0 0 0 0 0 0 0 1082.9 0 0 0 467.4
0 28 13 20 21 11 15 19 6 4 24
0 0 0 0 474.2 0 489.4 0 0 0 0 1521.5 0 1157.8 0 1395.2 0 0 0 1146.6 849.9 1815.7 0 0 396.9 0 0 0 1261.4 0
0 3 16 12 5 10 27 18
0 0 0 2759.6 0 1429.9 0 0 0 0 1317.2 0 1600.3 0 0 0 2035.1 0 454.6 0 0 0 0 0 0 0 0 786.7 0 0
0 22 7 26 8 9 17 23 14
0 0 0 0 0 0 0 2042.8 802.2 679.3 0 0 0 0 429.5 0 0 1334.4 0 0 0 0 2344.4 1032.2 0 0 1698.5 0 0 0
