**********2022-06-01 17:42:46**********
135584.22 135588.873 0.003 195.836 195.836 
0 1
0 30685.0 0 0 0 0 0 0 0 0 0 0 0 0 0 0 0 0 0 0 0 0 0 0 0 0 0 0 0 0
0 25 28 20 26 4 9 18
0 0 0 0 483.1 0 0 0 0 685.3 0 0 0 0 0 0 0 0 472.6 0 909.0 0 0 0 0 1009.9 1827.0 0 1347.3 0
0 6 11 24 23 7 29 13 16
0 0 0 0 0 0 482.4 2010.3 0 0 0 1614.7 0 1108.7 0 0 2419.6 0 0 0 0 0 0 994.0 363.6 0 0 0 0 439.5
0 21 12 17 14 19 3
0 0.0 0.0 2765.7 0.0 0.0 0.0 0.0 0.0 0.0 0.0 0.0 1715.9 0.0 451.7 0.0 0.0 1209.4 0.0 1248.2 0.0 1793.1 0.0 0.0 0.0 0.0 0.0 0.0 0.0 0.0
0 10 8 5 22 27 15 2
0 0 8233.6 0 0 1295.4 0 0 846.7 0 1283.7 0 0 0 0 1492.6 0 0 0 0 0 0 2122.3 0 0 0 0 823.7 0 0
