140649.074 140649.074 0.0 17.167 17.167 
0 1
0 20323.0 0 0 0 0 0 0 0 0 0 0 0 0 0
0 3 5 14 12 10 13 11
0 0.0 0.0 2799.029156018572 0.0 2983.0930402556014 0.0 0.0 0.0 0.0 1213.5914240057195 4730.629262845501 1120.4831252258396 4924.368555866705 1468.141183497145
0 8 9 4 6 7 2
0 0.0 9717.281972521767 0.0 1242.201429219626 0.0 2265.756685090882 1400.3401494465274 1456.4220515405734 3588.707731823639 0.0 0.0 0.0 0.0 0.0
**********2022-05-23 09:55:27**********
140649.074 140649.074 -0.0 15.202 15.202 
0 1
0 20323.0 0 0 0 0 0 0 0 0 0 0 0 0 0
0 8 9 4 6 7 2
0 0.0 9717.3 0.0 1242.2 0.0 2265.8 1400.3 1456.4 3588.7 0.0 0.0 0.0 0.0 0.0
0 3 12 14 5 10 13 11
0 0.0 0.0 2799.0 0.0 2983.1 0.0 0.0 0.0 0.0 1213.6 4730.6 1120.5 4924.4 1468.1
**********2024-01-27 23:18:13**********
140649.074 140649.074 -0.0 18.413 18.425 
0 1
0 20323.0 0 0 0 0 0 0 0 0 0 0 0 0 0
0 3 5 14 12 10 13 11
0 0.0 0.0 2799.0 0.0 2983.1 0.0 0.0 0.0 0.0 1213.6 4730.6 1120.5 4924.4 1468.1
0 8 9 4 6 7 2
0 0.0 9717.3 0.0 1242.2 0.0 2265.8 1400.3 1456.4 3588.7 0.0 0.0 0.0 0.0 0.0
