**********2022-06-15 18:12:12**********
161063.97 161087.192 0.014 702.842 702.843 
0 2
0 0 2631.0 0 0 0 0 0 0 0 0 0 0 0 0 0 0 0 0 0 0 0 0 0 0 0 0 0 0 0 0 0 0 0 0 0 0 0 0 0 0 0 0 0 0 0 0 0 0 0 0 0 0 0 0 0 0 0 0 0
0 1
0 2631.0 0 0 0 0 0 0 0 0 0 0 0 0 0 0 0 0 0 0 0 0 0 0 0 0 0 0 0 0 0 0 0 0 0 0 0 0 0 0 0 0 0 0 0 0 0 0 0 0 0 0 0 0 0 0 0 0 0 0
0 52 49 17 6 32 9 29 27
0 0 0 0 0 0 239.7 0 0 440.0 0 0 0 0 0 0 0 230.0 0 0 0 0 0 0 0 0 0 570.9 0 170.8 0 0 235.0 0 0 0 0 0 0 0 0 0 0 0 0 0 0 0 0 426.7 0 0 317.8 0 0 0 0 0 0 0
0 11 43 16 54 41 20 23 58 21 28
0 0 0 0 0 0 0 0 0 0 0 73.8 0 0 0 0 112.0 0 0 0 214.9 88.2 0 188.4 0 0 0 0 591.3 0 0 0 0 0 0 0 0 0 0 0 0 649.3 0 158.2 0 0 0 0 0 0 0 0 0 0 208.0 0 0 0 347.0 0
0 22 51 37 56 26 18 42 3
0 0 0 757.5 0 0 0 0 0 0 0 0 0 0 0 0 0 0 275.7 0 0 0 302.5 0 0 0 106.9 0 0 0 0 0 0 0 0 0 0 102.9 0 0 0 0 421.5 0 0 0 0 0 0 0 0 393.4 0 0 0 0 270.7 0 0 0
0 38 30 5 46 59 44 14
0 0 0 0 0 270.8 0 0 0 0 0 0 0 0 256.3 0 0 0 0 0 0 0 0 0 0 0 0 0 0 0 534.6 0 0 0 0 0 0 0 612.3 0 0 0 0 0 538.5 0 152.5 0 0 0 0 0 0 0 0 0 0 0 0 266.0
0 33 24 19 8 15 45
0 0 0 0 0 0 0 0 190.5 0 0 0 0 0 0 1070.7 0 0 0 160.2 0 0 0 0 278.0 0 0 0 0 0 0 0 0 728.1 0 0 0 0 0 0 0 0 0 0 0 203.5 0 0 0 0 0 0 0 0 0 0 0 0 0 0
0 25 31 10 55 47 34 12 13 57 4
0 0 0 0 597.9 0 0 0 0 0 245.8 0 224.0 185.3 0 0 0 0 0 0 0 0 0 0 0 102.9 0 0 0 0 0 209.0 0 0 407.3 0 0 0 0 0 0 0 0 0 0 0 0 223.8 0 0 0 0 0 0 0 254.0 0 181.0 0 0
0 35 53 39 50 7 36 40 48
0 0 0 0 0 0 0 170.3 0 0 0 0 0 0 0 0 0 0 0 0 0 0 0 0 0 0 0 0 0 0 0 0 0 0 0 624.1 236.9 0 0 257.1 258.3 0 0 0 0 0 0 0 516.6 0 492.1 0 0 75.6 0 0 0 0 0 0
**********2022-06-15 18:32:49**********
161063.933 161078.047 0.009 1939.493 1939.493 
0 1
0 2631.0 0 0 0 0 0 0 0 0 0 0 0 0 0 0 0 0 0 0 0 0 0 0 0 0 0 0 0 0 0 0 0 0 0 0 0 0 0 0 0 0 0 0 0 0 0 0 0 0 0 0 0 0 0 0 0 0 0 0
0 2
0 0 2631.0 0 0 0 0 0 0 0 0 0 0 0 0 0 0 0 0 0 0 0 0 0 0 0 0 0 0 0 0 0 0 0 0 0 0 0 0 0 0 0 0 0 0 0 0 0 0 0 0 0 0 0 0 0 0 0 0 0
0 13 5 30 18 44 29 22 58
0 0 0 0 0 273.4 0 0 0 0 0 0 0 185.5 0 0 0 0 273.7 0 0 0 300.3 0 0 0 0 0 0 169.2 539.7 0 0 0 0 0 0 0 0 0 0 0 0 0 543.7 0 0 0 0 0 0 0 0 0 0 0 0 0 345.5 0
0 55 25 6 20 49 42 26 56 27
0 0 0 0 0 0 241.2 0 0 0 0 0 0 0 0 0 0 0 0 0 217.3 0 0 0 0 104.6 107.8 574.5 0 0 0 0 0 0 0 0 0 0 0 0 0 0 425.0 0 0 0 0 0 0 429.3 0 0 0 0 0 258.3 273.0 0 0 0
0 57 40 34 12 24 28 33
0 0 0 0 0 0 0 0 0 0 0 0 223.2 0 0 0 0 0 0 0 0 0 0 0 269.7 0 0 0 586.1 0 0 0 0 706.5 405.9 0 0 0 0 0 259.1 0 0 0 0 0 0 0 0 0 0 0 0 0 0 0 0 180.4 0 0
0 41 10 14 45 32 15
0 0 0 0 0 0 0 0 0 0 246.5 0 0 0 259.2 1045.6 0 0 0 0 0 0 0 0 0 0 0 0 0 0 0 0 233.3 0 0 0 0 0 0 0 0 647.6 0 0 0 198.7 0 0 0 0 0 0 0 0 0 0 0 0 0 0
0 59 7 16 35 21 9 4 52
0 0 0 0 601.7 0 0 172.5 0 438.1 0 0 0 0 0 0 112.1 0 0 0 0 88.3 0 0 0 0 0 0 0 0 0 0 0 0 0 632.0 0 0 0 0 0 0 0 0 0 0 0 0 0 0 0 0 316.5 0 0 0 0 0 0 269.9
0 36 38 31 37 54 48 19 8 51
0 0 0 0 0 0 0 0 185.9 0 0 0 0 0 0 0 0 0 0 156.3 0 0 0 0 0 0 0 0 0 0 0 209.4 0 0 0 0 238.9 102.3 618.8 0 0 0 0 0 0 0 0 0 520.9 0 0 391.0 0 0 207.3 0 0 0 0 0
0 17 53 39 3 23 11 43 46 47 50
0 0 0 758.9 0 0 0 0 0 0 0 74.2 0 0 0 0 0 229.9 0 0 0 0 0 189.2 0 0 0 0 0 0 0 0 0 0 0 0 0 0 0 261.3 0 0 0 158.9 0 0 155.4 226.1 0 0 500.2 0 0 76.8 0 0 0 0 0 0
**********2024-01-23 21:34:57**********
161063.896 163146.609 1.277 3062.041 3062.041 
0 1 15 51 31 25 37
0 2563.5 0 0 0 0 0 0 0 0 0 0 0 0 0 38.1 0 0 0 0 0 0 0 0 0 3.8 0 0 0 0 0 7.6 0 0 0 0 0 3.7 0 0 0 0 0 0 0 0 0 0 0 0 0 14.3 0 0 0 0 0 0 0 0
0 2 21 56 58 32 23 45 14
0 0 1962.7 0 0 0 0 0 0 0 0 0 0 0 109.5 0 0 0 0 0 0 37.1 0 79.4 0 0 0 0 0 0 0 0 98.5 0 0 0 0 0 0 0 0 0 0 0 0 83.9 0 0 0 0 0 0 0 0 0 0 113.7 0 146.2 0
0 9 50 20 10 6 55
0 0 0 0 0 0 331.8 0 0 608.8 343.8 0 0 0 0 0 0 0 0 0 298.9 0 0 0 0 0 0 0 0 0 0 0 0 0 0 0 0 0 0 0 0 0 0 0 0 0 0 0 0 0 692.5 0 0 0 0 355.2 0 0 0 0
0 35 41 3 33
0 0 0 722.9 0 0 0 0 0 0 0 0 0 0 0 0 0 0 0 0 0 0 0 0 0 0 0 0 0 0 0 0 0 682.2 0 604.4 0 0 0 0 0 621.4 0 0 0 0 0 0 0 0 0 0 0 0 0 0 0 0 0 0
0 36 17 53 19 8 42 34 46 43 47 30 12 5 48
0 0 0 0 0 189.1 0 0 128.5 0 0 0 155.1 0 0 0 0 157.6 0 108.0 0 0 0 0 0 0 0 0 0 0 373.3 0 0 0 282.0 0 165.1 0 0 0 0 0 289.4 108.9 0 0 106.5 155.0 359.9 0 0 0 0 52.7 0 0 0 0 0 0
0 44 27 11 29 54 16 38 49 57 7 4 28
0 0 0 0 370.4 0 0 106.2 0 0 0 45.5 0 0 0 0 69.0 0 0 0 0 0 0 0 0 0 0 350.0 364.3 104.7 0 0 0 0 0 0 0 0 382.5 0 0 0 0 0 336.5 0 0 0 0 261.6 0 0 0 0 128.1 0 0 112.1 0 0
0 59 52 22 13 26 18 40 39 24
0 0 0 0 0 0 0 0 0 0 0 0 0 217.9 0 0 0 0 321.6 0 0 0 352.9 0 318.4 0 124.7 0 0 0 0 0 0 0 0 0 0 0 0 304.3 305.8 0 0 0 0 0 0 0 0 0 0 0 369.9 0 0 0 0 0 0 315.5
**********2024-01-23 22:09:23**********
161063.896 163146.609 1.277 3062.041 5128.926 
0 1 15 51 31 25 37
0 2563.5 0 0 0 0 0 0 0 0 0 0 0 0 0 38.1 0 0 0 0 0 0 0 0 0 3.8 0 0 0 0 0 7.6 0 0 0 0 0 3.7 0 0 0 0 0 0 0 0 0 0 0 0 0 14.3 0 0 0 0 0 0 0 0
0 2 21 56 58 32 23 45 14
0 0 1962.7 0 0 0 0 0 0 0 0 0 0 0 109.5 0 0 0 0 0 0 37.1 0 79.4 0 0 0 0 0 0 0 0 98.5 0 0 0 0 0 0 0 0 0 0 0 0 83.9 0 0 0 0 0 0 0 0 0 0 113.7 0 146.2 0
0 9 50 20 10 6 55
0 0 0 0 0 0 331.8 0 0 608.8 343.8 0 0 0 0 0 0 0 0 0 298.9 0 0 0 0 0 0 0 0 0 0 0 0 0 0 0 0 0 0 0 0 0 0 0 0 0 0 0 0 0 692.5 0 0 0 0 355.2 0 0 0 0
0 35 41 3 33
0 0 0 722.9 0 0 0 0 0 0 0 0 0 0 0 0 0 0 0 0 0 0 0 0 0 0 0 0 0 0 0 0 0 682.2 0 604.4 0 0 0 0 0 621.4 0 0 0 0 0 0 0 0 0 0 0 0 0 0 0 0 0 0
0 36 17 53 19 8 42 34 46 43 47 30 12 5 48
0 0 0 0 0 189.1 0 0 128.5 0 0 0 155.1 0 0 0 0 157.6 0 108.0 0 0 0 0 0 0 0 0 0 0 373.3 0 0 0 282.0 0 165.1 0 0 0 0 0 289.4 108.9 0 0 106.5 155.0 359.9 0 0 0 0 52.7 0 0 0 0 0 0
0 44 27 11 29 54 16 38 49 57 7 4 28
0 0 0 0 370.4 0 0 106.2 0 0 0 45.5 0 0 0 0 69.0 0 0 0 0 0 0 0 0 0 0 350.0 364.3 104.7 0 0 0 0 0 0 0 0 382.5 0 0 0 0 0 336.5 0 0 0 0 261.6 0 0 0 0 128.1 0 0 112.1 0 0
0 59 52 22 13 26 18 40 39 24
0 0 0 0 0 0 0 0 0 0 0 0 0 217.9 0 0 0 0 321.6 0 0 0 352.9 0 318.4 0 124.7 0 0 0 0 0 0 0 0 0 0 0 0 304.3 305.8 0 0 0 0 0 0 0 0 0 0 0 369.9 0 0 0 0 0 0 315.5
**********2024-01-23 22:45:58**********
161063.896 163146.609 1.277 3062.041 7323.706 
0 1 15 51 31 25 37
0 2563.5 0 0 0 0 0 0 0 0 0 0 0 0 0 38.1 0 0 0 0 0 0 0 0 0 3.8 0 0 0 0 0 7.6 0 0 0 0 0 3.7 0 0 0 0 0 0 0 0 0 0 0 0 0 14.3 0 0 0 0 0 0 0 0
0 2 21 56 58 32 23 45 14
0 0 1962.7 0 0 0 0 0 0 0 0 0 0 0 109.5 0 0 0 0 0 0 37.1 0 79.4 0 0 0 0 0 0 0 0 98.5 0 0 0 0 0 0 0 0 0 0 0 0 83.9 0 0 0 0 0 0 0 0 0 0 113.7 0 146.2 0
0 9 50 20 10 6 55
0 0 0 0 0 0 331.8 0 0 608.8 343.8 0 0 0 0 0 0 0 0 0 298.9 0 0 0 0 0 0 0 0 0 0 0 0 0 0 0 0 0 0 0 0 0 0 0 0 0 0 0 0 0 692.5 0 0 0 0 355.2 0 0 0 0
0 35 41 3 33
0 0 0 722.9 0 0 0 0 0 0 0 0 0 0 0 0 0 0 0 0 0 0 0 0 0 0 0 0 0 0 0 0 0 682.2 0 604.4 0 0 0 0 0 621.4 0 0 0 0 0 0 0 0 0 0 0 0 0 0 0 0 0 0
0 36 17 53 19 8 42 34 46 43 47 30 12 5 48
0 0 0 0 0 189.1 0 0 128.5 0 0 0 155.1 0 0 0 0 157.6 0 108.0 0 0 0 0 0 0 0 0 0 0 373.3 0 0 0 282.0 0 165.1 0 0 0 0 0 289.4 108.9 0 0 106.5 155.0 359.9 0 0 0 0 52.7 0 0 0 0 0 0
0 44 27 11 29 54 16 38 49 57 7 4 28
0 0 0 0 370.4 0 0 106.2 0 0 0 45.5 0 0 0 0 69.0 0 0 0 0 0 0 0 0 0 0 350.0 364.3 104.7 0 0 0 0 0 0 0 0 382.5 0 0 0 0 0 336.5 0 0 0 0 261.6 0 0 0 0 128.1 0 0 112.1 0 0
0 59 52 22 13 26 18 40 39 24
0 0 0 0 0 0 0 0 0 0 0 0 0 217.9 0 0 0 0 321.6 0 0 0 352.9 0 318.4 0 124.7 0 0 0 0 0 0 0 0 0 0 0 0 304.3 305.8 0 0 0 0 0 0 0 0 0 0 0 369.9 0 0 0 0 0 0 315.5
**********2024-01-23 23:17:21**********
161063.896 163146.609 1.277 3062.041 9206.247 
0 1 15 51 31 25 37
0 2563.5 0 0 0 0 0 0 0 0 0 0 0 0 0 38.1 0 0 0 0 0 0 0 0 0 3.8 0 0 0 0 0 7.6 0 0 0 0 0 3.7 0 0 0 0 0 0 0 0 0 0 0 0 0 14.3 0 0 0 0 0 0 0 0
0 2 21 56 58 32 23 45 14
0 0 1962.7 0 0 0 0 0 0 0 0 0 0 0 109.5 0 0 0 0 0 0 37.1 0 79.4 0 0 0 0 0 0 0 0 98.5 0 0 0 0 0 0 0 0 0 0 0 0 83.9 0 0 0 0 0 0 0 0 0 0 113.7 0 146.2 0
0 9 50 20 10 6 55
0 0 0 0 0 0 331.8 0 0 608.8 343.8 0 0 0 0 0 0 0 0 0 298.9 0 0 0 0 0 0 0 0 0 0 0 0 0 0 0 0 0 0 0 0 0 0 0 0 0 0 0 0 0 692.5 0 0 0 0 355.2 0 0 0 0
0 35 41 3 33
0 0 0 722.9 0 0 0 0 0 0 0 0 0 0 0 0 0 0 0 0 0 0 0 0 0 0 0 0 0 0 0 0 0 682.2 0 604.4 0 0 0 0 0 621.4 0 0 0 0 0 0 0 0 0 0 0 0 0 0 0 0 0 0
0 36 17 53 19 8 42 34 46 43 47 30 12 5 48
0 0 0 0 0 189.1 0 0 128.5 0 0 0 155.1 0 0 0 0 157.6 0 108.0 0 0 0 0 0 0 0 0 0 0 373.3 0 0 0 282.0 0 165.1 0 0 0 0 0 289.4 108.9 0 0 106.5 155.0 359.9 0 0 0 0 52.7 0 0 0 0 0 0
0 44 27 11 29 54 16 38 49 57 7 4 28
0 0 0 0 370.4 0 0 106.2 0 0 0 45.5 0 0 0 0 69.0 0 0 0 0 0 0 0 0 0 0 350.0 364.3 104.7 0 0 0 0 0 0 0 0 382.5 0 0 0 0 0 336.5 0 0 0 0 261.6 0 0 0 0 128.1 0 0 112.1 0 0
0 59 52 22 13 26 18 40 39 24
0 0 0 0 0 0 0 0 0 0 0 0 0 217.9 0 0 0 0 321.6 0 0 0 352.9 0 318.4 0 124.7 0 0 0 0 0 0 0 0 0 0 0 0 304.3 305.8 0 0 0 0 0 0 0 0 0 0 0 369.9 0 0 0 0 0 0 315.5
