163182.75 163190.005 0.004 1504.463 1504.464 
0 1
0 7033.0 0 0 0 0 0 0 0 0 0 0 0 0 0 0 0 0 0 0 0 0 0 0 0 0 0 0 0 0 0 0 0 0 0 0 0 0 0 0 0 0 0 0 0 0 0 0 0 0 0 0 0 0 0 0 0 0 0 0
0 2
0 0 7033.0 0 0 0 0 0 0 0 0 0 0 0 0 0 0 0 0 0 0 0 0 0 0 0 0 0 0 0 0 0 0 0 0 0 0 0 0 0 0 0 0 0 0 0 0 0 0 0 0 0 0 0 0 0 0 0 0 0
0 34 14 20 10 13 44 49 30 52
0 0 0 0 0 0 0 0 0 0 402.3046120034 0 0 303.3128427139 464.0137582486 0 0 0 0 0 365.4227311244 0 0 0 0 0 0 0 0 0 819.6288512788 0 0 0 890.702327405 0 0 0 0 0 0 0 0 0 1005.912781302 0 0 0 0 793.8364551365 0 0 510.6062757686 0 0 0 0 0 0 0
0 6 39 25 19 38 24 37 42 11 56
0 0 0 0 0 0 404.3718927748 0 0 0 0 129.7335464655 0 0 0 0 0 0 0 297.5027860715 0 0 0 0 428.828662975 196.9230479469 0 0 0 0 0 0 0 0 0 0 0 185.6241780365 1177.9269124482 484.9258098203 0 0 748.7098383995 0 0 0 0 0 0 0 0 0 0 0 0 0 532.5305721497 0 0 0
0 40 17 35 4 23 33 8
0 0 0 0 1119.3317003432 0 0 0 325.6599577088 0 0 0 0 0 0 0 0 433.3217649706 0 0 0 0 0 337.9002360295 0 0 0 0 0 0 0 0 0 1479.8779422953 0 821.5930412657 0 0 0 0 482.9258661554 0 0 0 0 0 0 0 0 0 0 0 0 0 0 0 0 0 0 0
0 55 29 9 36 59 26 7 47 53
0 0 0 0 0 0 0 311.1097879279 0 860.6309591351 0 0 0 0 0 0 0 0 0 0 0 0 0 0 0 0 192.7761395549 0 0 293.8150276656 0 0 0 0 0 0 461.8587378902 0 0 0 0 0 0 0 0 0 0 416.9643573335 0 0 0 0 0 150.8735641577 0 435.6795282965 0 0 0 490.4443124799
0 48 3 45 15 18 50
0 0 0 1356.9590938072 0 0 0 0 0 0 0 0 0 0 0 2027.4276217833 0 0 466.7585546742 0 0 0 0 0 0 0 0 0 0 0 0 0 0 0 0 0 0 0 0 0 0 0 0 0 0 375.2413470676 0 0 901.5833680589 0 925.9091350573 0 0 0 0 0 0 0 0 0
0 41 54 58 12 22 43 46 16
0 0 0 0 0 0 0 0 0 0 0 0 448.9353304179 0 0 0 200.2425724575 0 0 0 0 0 570.1408031091 0 0 0 0 0 0 0 0 0 0 0 0 0 0 0 0 0 0 1216.058768353 0 288.6557605247 0 0 279.4636637951 0 0 0 0 0 0 0 361.862712041 0 0 0 577.4335978922 0
0 5 21 51 31 57 28 27 32
0 0 0 0 0 485.822754639 0 0 0 0 0 0 0 0 0 0 0 0 0 0 0 161.973321496 0 0 0 0 0 899.5596760533 1171.2350861612 0 0 410.4624447039 447.3206338899 0 0 0 0 0 0 0 0 0 0 0 0 0 0 0 0 0 0 572.5606038779 0 0 0 0 0 389.5412919267 0 0
