160388.42 160380.902 0.005 48.889 48.889 
160411.226 160380.909 0.019 45.342 45.343 
160409.179 160380.908 0.018 71.087 71.087 
160386.214 160380.896 0.003 121.208 121.208 
**********2022-05-23 10:07:53**********
160380.898 160492.779 0.07 53.314 53.314 
0 9 11 12 13 4 7 8
0 0 0 0 565.7 0 0 620.6 657.1 1630.9 0 2204.8 526.8 1914.2 0
0 1
0 8120.0 0 0 0 0 0 0 0 0 0 0 0 0 0
0 2 14 6 3 10 5
0 0 3933.2 1159.7 0 1154.5 834.8 0 0 0 440.9 0 0 0 596.9
**********2022-05-23 10:08:26**********
160380.898 160416.57 0.022 86.48 86.48 
0 1
0 8120.0 0 0 0 0 0 0 0 0 0 0 0 0 0
0 9 2 10 6 14 7
0 0 4092.4 0 0 0 868.6 573.1 0 1506.1 458.8 0 0 0 621.0
0 3 11 13 5 12 4 8
0 0 0 1251.8 541.9 1246.2 0 0 629.5 0 0 2112.1 504.7 1833.8 0
**********2022-05-23 10:09:22**********
160380.897 160388.455 0.005 141.93 141.93 
0 1
0 8120.0 0.0 0.0 0.0 0.0 0.0 0.0 0.0 0.0 0.0 0.0 0.0 0.0 0.0
0 2 10 7 4 12 5 8
0 0.0 4184.6 0.0 534.1 1228.3 0.0 586.0 620.5 0.0 469.1 0.0 497.5 0.0 0.0
0 6 3 14 11 9 13
0 0.0 0.0 1223.8 0.0 0.0 881.0 0.0 0.0 1527.5 0.0 2065.0 0.0 1792.9 629.9
**********2024-01-21 18:26:11**********
160374.169 160667.554 0.183 15.8 15.8 
0 1 14
0 8028.6 0 0 0 0 0 0 0 0 0 0 0 0 91.4
0 11 10 6 3 4 7 12 5
0 0 0 1332.5 576.8 1326.5 959.2 632.8 0 0 506.6 2248.3 537.2 0 0
0 13 9 2 8
0 0 4167.9 0 0 0 0 0 618.0 1533.8 0 0 0 1800.3 0
**********2024-01-21 18:26:28**********
160374.169 160402.507 0.018 32.478 32.494 
0 1
0 8120.0 0 0 0 0 0 0 0 0 0 0 0 0 0
0 9 11 5 8 3 10 6
0 0 0 1242.8 0 1237.2 894.6 0 625.0 1551.1 472.5 2096.9 0 0 0
0 4 7 12 13 2 14
0 0 4121.3 0 526.1 0 0 577.1 0 0 0 0 489.9 1780.2 625.4
**********2024-01-21 18:26:40**********
160374.169 160400.968 0.017 44.619 44.619 
0 1
0 8120.0 0 0 0 0 0 0 0 0 0 0 0 0 0
0 9 11 5 10 3 6 14
0 0 0 1240.5 0 1235.0 893.0 0 0 1548.3 471.6 2093.1 0 0 638.4
0 2 13 12 8 4 7
0 0 4128.6 0 527.0 0 0 578.1 612.2 0 0 0 490.8 1783.3 0
**********2024-01-21 18:26:51**********
160374.169 160400.968 0.017 44.619 55.491 
0 1
0 8120.0 0 0 0 0 0 0 0 0 0 0 0 0 0
0 9 11 5 10 3 6 14
0 0 0 1240.5 0 1235.0 893.0 0 0 1548.3 471.6 2093.1 0 0 638.4
0 2 13 12 8 4 7
0 0 4128.6 0 527.0 0 0 578.1 612.2 0 0 0 490.8 1783.3 0
**********2024-01-21 18:27:03**********
160374.169 160400.968 0.017 44.619 68.205 
0 1
0 8120.0 0 0 0 0 0 0 0 0 0 0 0 0 0
0 9 11 5 10 3 6 14
0 0 0 1240.5 0 1235.0 893.0 0 0 1548.3 471.6 2093.1 0 0 638.4
0 2 13 12 8 4 7
0 0 4128.6 0 527.0 0 0 578.1 612.2 0 0 0 490.8 1783.3 0
**********2024-01-21 18:27:15**********
160374.169 160395.724 0.013 80.123 80.123 
0 1
0 8120.0 0 0 0 0 0 0 0 0 0 0 0 0 0
0 2 3 6 14 8 4
0 0 4196.8 1237.5 535.7 0 890.8 0 622.3 0 0 0 0 0 636.9
0 9 10 11 13 12 5 7
0 0 0 0 0 1214.8 0 579.5 0 1523.0 463.9 2059.0 492.0 1787.7 0
**********2024-01-21 18:27:25**********
160374.169 160395.724 0.013 80.123 89.877 
0 1
0 8120.0 0 0 0 0 0 0 0 0 0 0 0 0 0
0 2 3 6 14 8 4
0 0 4196.8 1237.5 535.7 0 890.8 0 622.3 0 0 0 0 0 636.9
0 9 10 11 13 12 5 7
0 0 0 0 0 1214.8 0 579.5 0 1523.0 463.9 2059.0 492.0 1787.7 0
**********2024-01-21 18:27:32**********
160374.169 160395.724 0.013 80.123 97.446 
0 1
0 8120.0 0 0 0 0 0 0 0 0 0 0 0 0 0
0 2 3 6 14 8 4
0 0 4196.8 1237.5 535.7 0 890.8 0 622.3 0 0 0 0 0 636.9
0 9 10 11 13 12 5 7
0 0 0 0 0 1214.8 0 579.5 0 1523.0 463.9 2059.0 492.0 1787.7 0
**********2024-01-21 18:27:40**********
160374.169 160395.724 0.013 80.123 104.81 
0 1
0 8120.0 0 0 0 0 0 0 0 0 0 0 0 0 0
0 2 3 6 14 8 4
0 0 4196.8 1237.5 535.7 0 890.8 0 622.3 0 0 0 0 0 636.9
0 9 10 11 13 12 5 7
0 0 0 0 0 1214.8 0 579.5 0 1523.0 463.9 2059.0 492.0 1787.7 0
**********2024-01-21 18:27:46**********
160374.169 160395.724 0.013 80.123 111.074 
0 1
0 8120.0 0 0 0 0 0 0 0 0 0 0 0 0 0
0 2 3 6 14 8 4
0 0 4196.8 1237.5 535.7 0 890.8 0 622.3 0 0 0 0 0 636.9
0 9 10 11 13 12 5 7
0 0 0 0 0 1214.8 0 579.5 0 1523.0 463.9 2059.0 492.0 1787.7 0
**********2024-01-21 18:27:53**********
160374.169 160395.724 0.013 80.123 117.539 
0 1
0 8120.0 0 0 0 0 0 0 0 0 0 0 0 0 0
0 2 3 6 14 8 4
0 0 4196.8 1237.5 535.7 0 890.8 0 622.3 0 0 0 0 0 636.9
0 9 10 11 13 12 5 7
0 0 0 0 0 1214.8 0 579.5 0 1523.0 463.9 2059.0 492.0 1787.7 0
**********2024-01-21 18:27:58**********
160374.169 160395.724 0.013 80.123 123.459 
0 1
0 8120.0 0 0 0 0 0 0 0 0 0 0 0 0 0
0 2 3 6 14 8 4
0 0 4196.8 1237.5 535.7 0 890.8 0 622.3 0 0 0 0 0 636.9
0 9 10 11 13 12 5 7
0 0 0 0 0 1214.8 0 579.5 0 1523.0 463.9 2059.0 492.0 1787.7 0
**********2024-01-21 18:28:04**********
160374.169 160395.724 0.013 80.123 129.023 
0 1
0 8120.0 0 0 0 0 0 0 0 0 0 0 0 0 0
0 2 3 6 14 8 4
0 0 4196.8 1237.5 535.7 0 890.8 0 622.3 0 0 0 0 0 636.9
0 9 10 11 13 12 5 7
0 0 0 0 0 1214.8 0 579.5 0 1523.0 463.9 2059.0 492.0 1787.7 0
**********2024-01-21 18:28:10**********
160374.169 160395.724 0.013 80.123 135.323 
0 1
0 8120.0 0 0 0 0 0 0 0 0 0 0 0 0 0
0 2 3 6 14 8 4
0 0 4196.8 1237.5 535.7 0 890.8 0 622.3 0 0 0 0 0 636.9
0 9 10 11 13 12 5 7
0 0 0 0 0 1214.8 0 579.5 0 1523.0 463.9 2059.0 492.0 1787.7 0
**********2024-01-21 18:28:15**********
160374.169 160395.724 0.013 80.123 140.427 
0 1
0 8120.0 0 0 0 0 0 0 0 0 0 0 0 0 0
0 2 3 6 14 8 4
0 0 4196.8 1237.5 535.7 0 890.8 0 622.3 0 0 0 0 0 636.9
0 9 10 11 13 12 5 7
0 0 0 0 0 1214.8 0 579.5 0 1523.0 463.9 2059.0 492.0 1787.7 0
**********2024-01-21 18:28:21**********
160374.169 160395.724 0.013 80.123 145.703 
0 1
0 8120.0 0 0 0 0 0 0 0 0 0 0 0 0 0
0 2 3 6 14 8 4
0 0 4196.8 1237.5 535.7 0 890.8 0 622.3 0 0 0 0 0 636.9
0 9 10 11 13 12 5 7
0 0 0 0 0 1214.8 0 579.5 0 1523.0 463.9 2059.0 492.0 1787.7 0
**********2024-01-21 18:28:26**********
160374.169 160395.724 0.013 80.123 151.256 
0 1
0 8120.0 0 0 0 0 0 0 0 0 0 0 0 0 0
0 2 3 6 14 8 4
0 0 4196.8 1237.5 535.7 0 890.8 0 622.3 0 0 0 0 0 636.9
0 9 10 11 13 12 5 7
0 0 0 0 0 1214.8 0 579.5 0 1523.0 463.9 2059.0 492.0 1787.7 0
**********2024-01-21 18:28:32**********
160374.169 160395.724 0.013 80.123 156.594 
0 1
0 8120.0 0 0 0 0 0 0 0 0 0 0 0 0 0
0 2 3 6 14 8 4
0 0 4196.8 1237.5 535.7 0 890.8 0 622.3 0 0 0 0 0 636.9
0 9 10 11 13 12 5 7
0 0 0 0 0 1214.8 0 579.5 0 1523.0 463.9 2059.0 492.0 1787.7 0
**********2024-01-21 18:28:37**********
160374.169 160395.724 0.013 80.123 161.912 
0 1
0 8120.0 0 0 0 0 0 0 0 0 0 0 0 0 0
0 2 3 6 14 8 4
0 0 4196.8 1237.5 535.7 0 890.8 0 622.3 0 0 0 0 0 636.9
0 9 10 11 13 12 5 7
0 0 0 0 0 1214.8 0 579.5 0 1523.0 463.9 2059.0 492.0 1787.7 0
**********2024-01-21 18:28:42**********
160374.169 160395.724 0.013 80.123 167.198 
0 1
0 8120.0 0 0 0 0 0 0 0 0 0 0 0 0 0
0 2 3 6 14 8 4
0 0 4196.8 1237.5 535.7 0 890.8 0 622.3 0 0 0 0 0 636.9
0 9 10 11 13 12 5 7
0 0 0 0 0 1214.8 0 579.5 0 1523.0 463.9 2059.0 492.0 1787.7 0
**********2024-01-21 18:28:48**********
160374.169 160395.724 0.013 80.123 173.108 
0 1
0 8120.0 0 0 0 0 0 0 0 0 0 0 0 0 0
0 2 3 6 14 8 4
0 0 4196.8 1237.5 535.7 0 890.8 0 622.3 0 0 0 0 0 636.9
0 9 10 11 13 12 5 7
0 0 0 0 0 1214.8 0 579.5 0 1523.0 463.9 2059.0 492.0 1787.7 0
**********2024-01-21 18:28:54**********
160374.169 160395.724 0.013 80.123 178.481 
0 1
0 8120.0 0 0 0 0 0 0 0 0 0 0 0 0 0
0 2 3 6 14 8 4
0 0 4196.8 1237.5 535.7 0 890.8 0 622.3 0 0 0 0 0 636.9
0 9 10 11 13 12 5 7
0 0 0 0 0 1214.8 0 579.5 0 1523.0 463.9 2059.0 492.0 1787.7 0
**********2024-01-21 18:28:56**********
160374.169 160395.724 0.013 80.123 180.675 
0 1
0 8120.0 0 0 0 0 0 0 0 0 0 0 0 0 0
0 2 3 6 14 8 4
0 0 4196.8 1237.5 535.7 0 890.8 0 622.3 0 0 0 0 0 636.9
0 9 10 11 13 12 5 7
0 0 0 0 0 1214.8 0 579.5 0 1523.0 463.9 2059.0 492.0 1787.7 0
**********2024-01-21 18:29:01**********
160374.169 160395.724 0.013 80.123 185.89 
0 1
0 8120.0 0 0 0 0 0 0 0 0 0 0 0 0 0
0 2 3 6 14 8 4
0 0 4196.8 1237.5 535.7 0 890.8 0 622.3 0 0 0 0 0 636.9
0 9 10 11 13 12 5 7
0 0 0 0 0 1214.8 0 579.5 0 1523.0 463.9 2059.0 492.0 1787.7 0
**********2024-01-21 18:29:06**********
160374.169 160395.724 0.013 80.123 190.754 
0 1
0 8120.0 0 0 0 0 0 0 0 0 0 0 0 0 0
0 2 3 6 14 8 4
0 0 4196.8 1237.5 535.7 0 890.8 0 622.3 0 0 0 0 0 636.9
0 9 10 11 13 12 5 7
0 0 0 0 0 1214.8 0 579.5 0 1523.0 463.9 2059.0 492.0 1787.7 0
**********2024-01-21 18:29:10**********
160374.169 160395.724 0.013 80.123 194.797 
0 1
0 8120.0 0 0 0 0 0 0 0 0 0 0 0 0 0
0 2 3 6 14 8 4
0 0 4196.8 1237.5 535.7 0 890.8 0 622.3 0 0 0 0 0 636.9
0 9 10 11 13 12 5 7
0 0 0 0 0 1214.8 0 579.5 0 1523.0 463.9 2059.0 492.0 1787.7 0
