**********2022-05-23 09:58:28**********
155805.016 155808.5 0.002 47.294 47.294 
0 1
0 7894.0 0 0 0 0 0 0 0 0 0 0 0 0 0
0 4 2 7 14 5 3
0 0.0 3968.1 1156.4 518.9 1131.7 0.0 560.3 0.0 0.0 0.0 0.0 0.0 0.0 558.5
0 8 9 6 12 10 13 11
0 0.0 0.0 0.0 0.0 0.0 842.2 0.0 609.7 1511.4 491.1 2031.3 485.4 1922.9 0.0
**********2024-01-19 00:46:56**********
155803.924 155824.374 0.013 38.483 38.483 
0 1
0 7894.0 0 0 0 0 0 0 0 0 0 0 0 0 0
0 2 11 13
0 0 3946.6 0 0 0 0 0 0 0 0 2027.8 0 1919.6 0
0 8 9 6 3 10 12 5 7 4 14
0 0 0 1158.4 519.8 1133.6 846.8 561.3 613.0 1519.6 493.8 0 488.0 0 559.5
**********2024-01-19 00:47:14**********
155803.935 155824.374 0.013 38.483 56.268 
0 1
0 7894.0 0 0 0 0 0 0 0 0 0 0 0 0 0
0 2 11 13
0 0 3946.6 0 0 0 0 0 0 0 0 2027.8 0 1919.6 0
0 8 9 6 3 10 12 5 7 4 14
0 0 0 1158.4 519.8 1133.6 846.8 561.3 613.0 1519.6 493.8 0 488.0 0 559.5
**********2024-01-19 00:47:28**********
155803.935 155820.091 0.01 70.323 70.338 
0 1
0 7894.0 0 0 0 0 0 0 0 0 0 0 0 0 0
0 10 9 2 13
0 0 3961.1 0 0 0 0 0 0 1514.3 492.0 0 0 1926.6 0
0 11 7 4 14 6 3 8 12 5
0 0 0 1154.2 517.9 1129.5 843.7 559.3 610.8 0 0 2034.9 486.2 0 557.5
**********2024-01-19 00:47:41**********
155803.936 155817.696 0.009 83.489 83.489 
0 1
0 7894.0 0 0 0 0 0 0 0 0 0 0 0 0 0
0 10 6 11 14 2
0 0 3963.2 0 0 0 844.3 0 0 0 492.3 2036.3 0 0 557.9
0 13 5 12 7 3 9 8 4
0 0 0 1153.6 517.7 1128.9 0 559.0 610.5 1513.3 0 0 486.0 1925.3 0
