165336.008 165369.022 0.02 137.114 137.115 
0 11 20 23 15 10 16 17
0 0 0 0 0 0 0 0 0 0 647.3927225458 775.6381620572 0 0 0 774.7383957223 1290.2713623953 570.3412064117 0 0 429.2480721661 0 0 445.3700787016 0 0 0 0 0 0
0 2 21 6
0 0 3860.8898806155 0 0 0 217.211645709 0 0 0 0 0 0 0 0 0 0 0 0 0 0 854.8984736755 0 0 0 0 0 0 0 0
0 29 22 5 18 4 7 28 24 8 19
0 0 0 0 228.9263991619 536.028876098 0 1004.0961744569 382.1706097261 0 0 0 0 0 0 0 0 0 209.3187028446 539.0183762712 0 0 1107.008005019 0 171.5161514442 0 0 0 548.0167569943 206.8999479837
0 1
0 4933.0 0 0 0 0 0 0 0 0 0 0 0 0 0 0 0 0 0 0 0 0 0 0 0 0 0 0 0 0
0 9 14 25 3 27 12 13 26
0 0 0 1295.0016303422 0 0 0 0 0 295.938555944 0 0 790.9772111729 551.1707606057 211.1125124949 0 0 0 0 0 0 0 0 0 0 496.1820258204 934.7275081711 357.8897954489 0 0
165335.967 165369.022 0.02 137.114 427.464 
0 11 20 23 15 10 16 17
0 0 0 0 0 0 0 0 0 0 647.3927225458 775.6381620572 0 0 0 774.7383957223 1290.2713623953 570.3412064117 0 0 429.2480721661 0 0 445.3700787016 0 0 0 0 0 0
0 2 21 6
0 0 3860.8898806155 0 0 0 217.211645709 0 0 0 0 0 0 0 0 0 0 0 0 0 0 854.8984736755 0 0 0 0 0 0 0 0
0 29 22 5 18 4 7 28 24 8 19
0 0 0 0 228.9263991619 536.028876098 0 1004.0961744569 382.1706097261 0 0 0 0 0 0 0 0 0 209.3187028446 539.0183762712 0 0 1107.008005019 0 171.5161514442 0 0 0 548.0167569943 206.8999479837
0 1
0 4933.0 0 0 0 0 0 0 0 0 0 0 0 0 0 0 0 0 0 0 0 0 0 0 0 0 0 0 0 0
0 9 14 25 3 27 12 13 26
0 0 0 1295.0016303422 0 0 0 0 0 295.938555944 0 0 790.9772111729 551.1707606057 211.1125124949 0 0 0 0 0 0 0 0 0 0 496.1820258204 934.7275081711 357.8897954489 0 0
165335.957 165369.022 0.02 137.114 657.489 
0 11 20 23 15 10 16 17
0 0 0 0 0 0 0 0 0 0 647.3927225458 775.6381620572 0 0 0 774.7383957223 1290.2713623953 570.3412064117 0 0 429.2480721661 0 0 445.3700787016 0 0 0 0 0 0
0 2 21 6
0 0 3860.8898806155 0 0 0 217.211645709 0 0 0 0 0 0 0 0 0 0 0 0 0 0 854.8984736755 0 0 0 0 0 0 0 0
0 29 22 5 18 4 7 28 24 8 19
0 0 0 0 228.9263991619 536.028876098 0 1004.0961744569 382.1706097261 0 0 0 0 0 0 0 0 0 209.3187028446 539.0183762712 0 0 1107.008005019 0 171.5161514442 0 0 0 548.0167569943 206.8999479837
0 1
0 4933.0 0 0 0 0 0 0 0 0 0 0 0 0 0 0 0 0 0 0 0 0 0 0 0 0 0 0 0 0
0 9 14 25 3 27 12 13 26
0 0 0 1295.0016303422 0 0 0 0 0 295.938555944 0 0 790.9772111729 551.1707606057 211.1125124949 0 0 0 0 0 0 0 0 0 0 496.1820258204 934.7275081711 357.8897954489 0 0
165335.946 165369.022 0.02 137.114 1201.955 
0 11 20 23 15 10 16 17
0 0 0 0 0 0 0 0 0 0 647.3927225458 775.6381620572 0 0 0 774.7383957223 1290.2713623953 570.3412064117 0 0 429.2480721661 0 0 445.3700787016 0 0 0 0 0 0
0 2 21 6
0 0 3860.8898806155 0 0 0 217.211645709 0 0 0 0 0 0 0 0 0 0 0 0 0 0 854.8984736755 0 0 0 0 0 0 0 0
0 29 22 5 18 4 7 28 24 8 19
0 0 0 0 228.9263991619 536.028876098 0 1004.0961744569 382.1706097261 0 0 0 0 0 0 0 0 0 209.3187028446 539.0183762712 0 0 1107.008005019 0 171.5161514442 0 0 0 548.0167569943 206.8999479837
0 1
0 4933.0 0 0 0 0 0 0 0 0 0 0 0 0 0 0 0 0 0 0 0 0 0 0 0 0 0 0 0 0
0 9 14 25 3 27 12 13 26
0 0 0 1295.0016303422 0 0 0 0 0 295.938555944 0 0 790.9772111729 551.1707606057 211.1125124949 0 0 0 0 0 0 0 0 0 0 496.1820258204 934.7275081711 357.8897954489 0 0
165335.941 165364.468 0.017 1647.708 1647.709 
0 21 26 16 3 25
0 0 0 1321.777858099 0 0 0 0 0 0 0 0 0 0 0 0 1280.0814407152 0 0 0 0 870.6448263867 0 0 0 506.441381964 954.054492835 0 0 0
0 2 20 10
0 0 3879.2048575431 0 0 0 0 0 0 0 633.655449089 0 0 0 0 0 0 0 0 0 420.1396933679 0 0 0 0 0 0 0 0 0
0 5 12 18 4 7 13 28 24 8 19
0 0 0 0 227.3218387244 532.271813867 0 997.0583972372 379.4919503709 0 0 0 789.2837160917 549.9906950377 0 0 0 0 207.8515740615 535.2403604336 0 0 0 0 170.3139832713 0 0 0 544.1756709046 0
0 1
0 4933.0 0 0 0 0 0 0 0 0 0 0 0 0 0 0 0 0 0 0 0 0 0 0 0 0 0 0 0 0
0 9 23 14 6 15 29 27 11 22 17
0 0 0 0 0 0 218.9316231425 0 0 298.943156919 0 761.578403925 0 0 213.2558927613 760.694947382 0 560.002804039 0 0 0 0 1112.7918568837 437.2969901248 0 0 0 361.523374132 0 207.9809506906
165335.926 165360.405 0.015 2860.213 2860.213 
0 1
0 4933.0 0 0 0 0 0 0 0 0 0 0 0 0 0 0 0 0 0 0 0 0 0 0 0 0 0 0 0 0
0 12 5 26 4 7 13 21
0 0 0 0 229.7985230711 538.0709455168 0 1007.9214051166 0 0 0 0 797.8830070166 555.9828749044 0 0 0 0 0 0 0 860.4548976232 0 0 0 0 942.8883467513 0 0 0
0 23 15 22 19 28 16 18
0 0 0 0 0 0 0 0 0 0 0 0 0 0 0 768.8315364081 1280.4339108673 0 212.6629675655 547.6302208659 0 0 1124.6945651142 441.9744313294 0 0 0 0 556.7723678497 0
0 9 27 2 14 24
0 0 3887.8392262112 0 0 0 0 0 0 298.6648462993 0 0 0 0 213.0573554196 0 0 0 0 0 0 0 0 0 172.2517695971 0 0 361.1868024728 0 0
0 29 11 17 20 10 3 25 6 8
0 0 0 1290.8384134864 0 0 216.0344424782 0 379.083570375 0 627.2458034032 751.5002334234 0 0 0 0 0 552.5921373087 0 0 415.8898339578 0 0 0 0 494.5868823665 0 0 0 205.2286832006
165335.925 165359.738 0.014 3619.477 3619.478 
0 21 15 3 8 7 13
0 0 0 1322.1431659904 0 0 0 1020.1395689201 388.2769110944 0 0 0 0 562.7225768326 0 768.8323253002 0 0 0 0 0 870.8854518622 0 0 0 0 0 0 0 0
0 2 29 23 6 14
0 0 3863.3250992261 0 0 0 217.3486498345 0 0 0 0 0 0 0 211.7139575161 0 0 0 0 0 0 0 0 434.1351377934 0 0 0 0 0 206.4771556298
0 22 18 12 27 20 11 28 24 19
0 0 0 0 0 0 0 0 0 0 0 761.7470370706 799.1847549116 0 0 0 0 0 210.4589336986 541.9545944645 421.5605460586 0 1113.0382577666 0 172.4504588195 0 0 361.6034247524 551.0019924575 0
0 1
0 4933.0 0 0 0 0 0 0 0 0 0 0 0 0 0 0 0 0 0 0 0 0 0 0 0 0 0 0 0 0
0 9 17 4 5 26 10 25 16
0 0 0 0 228.1395790074 534.1865445685 0 0 0 296.3672412311 630.1803336466 0 0 0 0 0 1255.9666016193 555.1774050464 0 0 0 0 0 0 0 496.9007761485 936.0815187322 0 0 0
