159610.762 159616.668 0.004 338.216 338.216 
0 1
0 12943.0 0 0 0 0 0 0 0 0 0 0 0 0 0 0 0 0 0 0 0 0 0 0 0 0 0 0 0 0
0 20 9 27 12 23 29 21 19 6 22
0 0 0 0 0 0 496.4026792809 0 0 636.9113975416 0 0 1612.2137156276 0 0 0 0 0 0 1209.4496832048 930.02634529 1846.9588801227 2276.5505615286 955.2284804038 0 0 0 838.6206262256 0 447.5289184801
0 10 18 24 4 13 28 14 16
0 0 0 0 463.3212167924 0 0 0 0 0 1375.9063129419 0 0 1231.9602972461 445.5711991769 0 2425.6932103247 0 458.0242903456 0 0 0 0 0 400.886604493 0 0 0 1252.4003297935 0
0 3 26 15 7 25 17
0 0 0 2956.6421204951 0 0 0 2047.557736207 0 0 0 0 0 0 0 1524.2530516797 0 1470.5025258953 0 0 0 0 0 0 0 1094.4534947181 1570.7921097221 0 0 0
0 11 2 5 8
0 0 8130.53731591 0 0 1197.8304303268 0 0 847.7407142484 0 0 1582.3060654154 0 0 0 0 0 0 0 0 0 0 0 0 0 0 0 0 0 0
