156983.758 156989.841 0.004 231.19 231.19 
0 1
0 12741.0 0 0 0 0 0 0 0 0 0 0 0 0 0 0 0 0 0 0 0 0 0 0 0 0 0 0 0 0
0 11 28 20 14 4 25 5 9
0 0 0 0 465.1163018634 1266.3987262446 0 0 0 629.2333573636 0 1609.529062357 0 0 448.098624418 0 0 0 0 0 923.3501398758 0 0 0 0 1060.3084295241 0 0 1087.5213919338 0
0 26 17 19 23 15 12 29 16
0 0 0 0 0 0 0 0 0 0 0 0 1961.2144725771 0 0 1611.6750806145 2052.0104673425 1396.923906706 0 1178.9053017459 0 0 0 1023.1712650769 0 0 1524.2467563038 0 0 473.4268023957
0 21 8 13 6 22 3 27
0 0 0 2946.5236186994 0 0 474.9919612852 0 829.9864688371 0 0 0 0 1222.2532832771 0 0 0 0 0 0 0 1810.6013448892 2169.948706991 0 0 0 0 771.4690838914 0 0
0 10 2 18 7 24
0 0 8255.3327437125 0 0 0 0 2049.4683620141 0 0 1296.7004192283 0 0 0 0 0 0 0 450.8021812397 0 0 0 0 0 360.886746245 0 0 0 0 0
**********2022-05-21 12:37:25**********
156983.704 156990.437 0.004 328.752 328.752 
0 2 25 29 5 19
0 0 8255.3 0 0 1266.4 0 0 0 0 0 0 0 0 0 0 0 0 0 1178.9 0 0 0 0 0 1060.3 0 0 0 473.4
0 9 12 3 17 16
0 0 0 2946.5 0 0 0 0 0 629.2 0 0 1961.2 0 0 0 2052.0 1396.9 0 0 0 0 0 0 0 0 0 0 0 0
0 1
0 12741.0 0 0 0 0 0 0 0 0 0 0 0 0 0 0 0 0 0 0 0 0 0 0 0 0 0 0 0 0
0 14 7 13 27 21 6 8 15
0 0 0 0 0 0 475.0 2049.5 830.0 0 0 0 0 1222.3 448.1 1611.7 0 0 0 0 0 1810.6 0 0 0 0 0 771.5 0 0
0 28 18 23 26 11 20 24 22 4 10
0 0 0 0 465.1 0 0 0 0 0 1296.7 1609.5 0 0 0 0 0 0 450.8 0 923.4 0 2169.9 1023.2 360.9 0 1524.2 0 1087.5 0
**********2024-01-16 23:30:31**********
156983.771 159860.128 1.799 279.014 279.014 
0 1 9 17 7
0 12382.2 0 0 0 0 0 180.4 0 55.4 0 0 0 0 0 0 0 123.0 0 0 0 0 0 0 0 0 0 0 0 0
0 11 15 20 23 2 21
0 0 6904.5 0 0 0 0 0 0 0 0 1346.2 0 0 0 1348.0 0 0 0 0 772.3 1514.3 0 855.8 0 0 0 0 0 0
0 22 13 26 12 5 18 4 28 24 8 19
0 0 0 0 465.1 1266.4 0 0 830.0 0 0 0 1961.2 1222.3 0 0 0 0 450.8 1178.9 0 0 2169.9 0 360.9 0 1524.2 0 1087.5 0
0 27 29 10 25 6 14 3 16
0 0 0 2946.5 0 0 475.0 0 0 0 1296.7 0 0 0 448.1 0 2052.0 0 0 0 0 0 0 0 0 1060.3 0 771.5 0 473.4
**********2024-01-16 23:37:26**********
156983.692 159860.128 1.799 279.014 694.634 
0 1 9 17 7
0 12382.2 0 0 0 0 0 180.4 0 55.4 0 0 0 0 0 0 0 123.0 0 0 0 0 0 0 0 0 0 0 0 0
0 11 15 20 23 2 21
0 0 6904.5 0 0 0 0 0 0 0 0 1346.2 0 0 0 1348.0 0 0 0 0 772.3 1514.3 0 855.8 0 0 0 0 0 0
0 22 13 26 12 5 18 4 28 24 8 19
0 0 0 0 465.1 1266.4 0 0 830.0 0 0 0 1961.2 1222.3 0 0 0 0 450.8 1178.9 0 0 2169.9 0 360.9 0 1524.2 0 1087.5 0
0 27 29 10 25 6 14 3 16
0 0 0 2946.5 0 0 475.0 0 0 0 1296.7 0 0 0 448.1 0 2052.0 0 0 0 0 0 0 0 0 1060.3 0 771.5 0 473.4
**********2024-01-16 23:47:25**********
156983.672 159860.128 1.799 279.014 1292.927 
0 1 9 17 7
0 12382.2 0 0 0 0 0 180.4 0 55.4 0 0 0 0 0 0 0 123.0 0 0 0 0 0 0 0 0 0 0 0 0
0 11 15 20 23 2 21
0 0 6904.5 0 0 0 0 0 0 0 0 1346.2 0 0 0 1348.0 0 0 0 0 772.3 1514.3 0 855.8 0 0 0 0 0 0
0 22 13 26 12 5 18 4 28 24 8 19
0 0 0 0 465.1 1266.4 0 0 830.0 0 0 0 1961.2 1222.3 0 0 0 0 450.8 1178.9 0 0 2169.9 0 360.9 0 1524.2 0 1087.5 0
0 27 29 10 25 6 14 3 16
0 0 0 2946.5 0 0 475.0 0 0 0 1296.7 0 0 0 448.1 0 2052.0 0 0 0 0 0 0 0 0 1060.3 0 771.5 0 473.4
**********2024-01-17 00:01:23**********
156983.669 159860.128 1.799 279.014 2131.026 
0 1 9 17 7
0 12382.2 0 0 0 0 0 180.4 0 55.4 0 0 0 0 0 0 0 123.0 0 0 0 0 0 0 0 0 0 0 0 0
0 11 15 20 23 2 21
0 0 6904.5 0 0 0 0 0 0 0 0 1346.2 0 0 0 1348.0 0 0 0 0 772.3 1514.3 0 855.8 0 0 0 0 0 0
0 22 13 26 12 5 18 4 28 24 8 19
0 0 0 0 465.1 1266.4 0 0 830.0 0 0 0 1961.2 1222.3 0 0 0 0 450.8 1178.9 0 0 2169.9 0 360.9 0 1524.2 0 1087.5 0
0 27 29 10 25 6 14 3 16
0 0 0 2946.5 0 0 475.0 0 0 0 1296.7 0 0 0 448.1 0 2052.0 0 0 0 0 0 0 0 0 1060.3 0 771.5 0 473.4
**********2024-01-17 00:02:00**********
156983.669 159860.128 1.799 279.014 2168.269 
0 1 9 17 7
0 12382.2 0 0 0 0 0 180.4 0 55.4 0 0 0 0 0 0 0 123.0 0 0 0 0 0 0 0 0 0 0 0 0
0 11 15 20 23 2 21
0 0 6904.5 0 0 0 0 0 0 0 0 1346.2 0 0 0 1348.0 0 0 0 0 772.3 1514.3 0 855.8 0 0 0 0 0 0
0 22 13 26 12 5 18 4 28 24 8 19
0 0 0 0 465.1 1266.4 0 0 830.0 0 0 0 1961.2 1222.3 0 0 0 0 450.8 1178.9 0 0 2169.9 0 360.9 0 1524.2 0 1087.5 0
0 27 29 10 25 6 14 3 16
0 0 0 2946.5 0 0 475.0 0 0 0 1296.7 0 0 0 448.1 0 2052.0 0 0 0 0 0 0 0 0 1060.3 0 771.5 0 473.4
**********2024-02-20 02:10:29**********
156983.803 159860.128 1.799 187.879 187.879 
0 1 9 17 7
0 12382.2 0 0 0 0 0 180.4 0 55.4 0 0 0 0 0 0 0 123.0 0 0 0 0 0 0 0 0 0 0 0 0
0 11 15 20 23 2 21
0 0 6904.5 0 0 0 0 0 0 0 0 1346.2 0 0 0 1348.0 0 0 0 0 772.3 1514.3 0 855.8 0 0 0 0 0 0
0 22 13 26 12 5 18 4 28 24 8 19
0 0 0 0 465.1 1266.4 0 0 830.0 0 0 0 1961.2 1222.3 0 0 0 0 450.8 1178.9 0 0 2169.9 0 360.9 0 1524.2 0 1087.5 0
0 27 29 10 25 6 14 3 16
0 0 0 2946.5 0 0 475.0 0 0 0 1296.7 0 0 0 448.1 0 2052.0 0 0 0 0 0 0 0 0 1060.3 0 771.5 0 473.4
**********2024-02-20 02:21:54**********
156983.709 159860.128 1.799 187.879 872.593 
0 1 9 17 7
0 12382.2 0 0 0 0 0 180.4 0 55.4 0 0 0 0 0 0 0 123.0 0 0 0 0 0 0 0 0 0 0 0 0
0 11 15 20 23 2 21
0 0 6904.5 0 0 0 0 0 0 0 0 1346.2 0 0 0 1348.0 0 0 0 0 772.3 1514.3 0 855.8 0 0 0 0 0 0
0 22 13 26 12 5 18 4 28 24 8 19
0 0 0 0 465.1 1266.4 0 0 830.0 0 0 0 1961.2 1222.3 0 0 0 0 450.8 1178.9 0 0 2169.9 0 360.9 0 1524.2 0 1087.5 0
0 27 29 10 25 6 14 3 16
0 0 0 2946.5 0 0 475.0 0 0 0 1296.7 0 0 0 448.1 0 2052.0 0 0 0 0 0 0 0 0 1060.3 0 771.5 0 473.4
**********2024-02-20 02:26:31**********
156983.697 159860.128 1.799 187.879 1148.996 
0 1 9 17 7
0 12382.2 0 0 0 0 0 180.4 0 55.4 0 0 0 0 0 0 0 123.0 0 0 0 0 0 0 0 0 0 0 0 0
0 11 15 20 23 2 21
0 0 6904.5 0 0 0 0 0 0 0 0 1346.2 0 0 0 1348.0 0 0 0 0 772.3 1514.3 0 855.8 0 0 0 0 0 0
0 22 13 26 12 5 18 4 28 24 8 19
0 0 0 0 465.1 1266.4 0 0 830.0 0 0 0 1961.2 1222.3 0 0 0 0 450.8 1178.9 0 0 2169.9 0 360.9 0 1524.2 0 1087.5 0
0 27 29 10 25 6 14 3 16
0 0 0 2946.5 0 0 475.0 0 0 0 1296.7 0 0 0 448.1 0 2052.0 0 0 0 0 0 0 0 0 1060.3 0 771.5 0 473.4
**********2024-02-20 02:31:43**********
156983.692 159860.128 1.799 187.879 1461.12 
0 1 9 17 7
0 12382.2 0 0 0 0 0 180.4 0 55.4 0 0 0 0 0 0 0 123.0 0 0 0 0 0 0 0 0 0 0 0 0
0 11 15 20 23 2 21
0 0 6904.5 0 0 0 0 0 0 0 0 1346.2 0 0 0 1348.0 0 0 0 0 772.3 1514.3 0 855.8 0 0 0 0 0 0
0 22 13 26 12 5 18 4 28 24 8 19
0 0 0 0 465.1 1266.4 0 0 830.0 0 0 0 1961.2 1222.3 0 0 0 0 450.8 1178.9 0 0 2169.9 0 360.9 0 1524.2 0 1087.5 0
0 27 29 10 25 6 14 3 16
0 0 0 2946.5 0 0 475.0 0 0 0 1296.7 0 0 0 448.1 0 2052.0 0 0 0 0 0 0 0 0 1060.3 0 771.5 0 473.4
**********2024-02-20 02:40:23**********
156983.686 159812.39 1.77 1981.374 1981.374 
0 1 15 10 25 6 14
0 12312.8 0 0 0 0 41.6 0 0 0 113.5 0 0 0 39.2 141.1 0 0 0 0 0 0 0 0 0 92.8 0 0 0 0
0 2 21
0 0 8255.3 0 0 0 0 0 0 0 0 0 0 0 0 0 0 0 0 0 0 1810.6 0 0 0 0 0 0 0 0
0 9 27 29 20 23 3 12 17 5 4 7
0 0 0 2699.6 426.1 1160.3 0 1877.7 0 576.5 0 0 1796.9 0 0 0 0 1279.9 0 0 846.0 0 0 937.4 0 0 0 706.8 0 433.8
0 11 16 28 24 19 8
0 0 0 0 0 0 0 0 830.0 0 0 1609.5 0 0 0 0 2052.0 0 0 1178.9 0 0 0 0 360.9 0 0 0 1087.5 0
0 22 26 13 18
0 0 0 0 0 0 0 0 0 0 0 0 0 1222.3 0 0 0 0 450.8 0 0 0 2169.9 0 0 0 1524.2 0 0 0
**********2024-02-20 02:52:32**********
156983.673 159812.39 1.77 1981.374 2710.565 
0 1 15 10 25 6 14
0 12312.8 0 0 0 0 41.6 0 0 0 113.5 0 0 0 39.2 141.1 0 0 0 0 0 0 0 0 0 92.8 0 0 0 0
0 2 21
0 0 8255.3 0 0 0 0 0 0 0 0 0 0 0 0 0 0 0 0 0 0 1810.6 0 0 0 0 0 0 0 0
0 9 27 29 20 23 3 12 17 5 4 7
0 0 0 2699.6 426.1 1160.3 0 1877.7 0 576.5 0 0 1796.9 0 0 0 0 1279.9 0 0 846.0 0 0 937.4 0 0 0 706.8 0 433.8
0 11 16 28 24 19 8
0 0 0 0 0 0 0 0 830.0 0 0 1609.5 0 0 0 0 2052.0 0 0 1178.9 0 0 0 0 360.9 0 0 0 1087.5 0
0 22 26 13 18
0 0 0 0 0 0 0 0 0 0 0 0 0 1222.3 0 0 0 0 450.8 0 0 0 2169.9 0 0 0 1524.2 0 0 0
**********2024-02-20 03:04:34**********
156983.668 159812.39 1.77 1981.374 3432.378 
0 1 15 10 25 6 14
0 12312.8 0 0 0 0 41.6 0 0 0 113.5 0 0 0 39.2 141.1 0 0 0 0 0 0 0 0 0 92.8 0 0 0 0
0 2 21
0 0 8255.3 0 0 0 0 0 0 0 0 0 0 0 0 0 0 0 0 0 0 1810.6 0 0 0 0 0 0 0 0
0 9 27 29 20 23 3 12 17 5 4 7
0 0 0 2699.6 426.1 1160.3 0 1877.7 0 576.5 0 0 1796.9 0 0 0 0 1279.9 0 0 846.0 0 0 937.4 0 0 0 706.8 0 433.8
0 11 16 28 24 19 8
0 0 0 0 0 0 0 0 830.0 0 0 1609.5 0 0 0 0 2052.0 0 0 1178.9 0 0 0 0 360.9 0 0 0 1087.5 0
0 22 26 13 18
0 0 0 0 0 0 0 0 0 0 0 0 0 1222.3 0 0 0 0 450.8 0 0 0 2169.9 0 0 0 1524.2 0 0 0
**********2024-02-20 03:14:21**********
156983.667 159812.39 1.77 1981.374 4019.22 
0 1 15 10 25 6 14
0 12312.8 0 0 0 0 41.6 0 0 0 113.5 0 0 0 39.2 141.1 0 0 0 0 0 0 0 0 0 92.8 0 0 0 0
0 2 21
0 0 8255.3 0 0 0 0 0 0 0 0 0 0 0 0 0 0 0 0 0 0 1810.6 0 0 0 0 0 0 0 0
0 9 27 29 20 23 3 12 17 5 4 7
0 0 0 2699.6 426.1 1160.3 0 1877.7 0 576.5 0 0 1796.9 0 0 0 0 1279.9 0 0 846.0 0 0 937.4 0 0 0 706.8 0 433.8
0 11 16 28 24 19 8
0 0 0 0 0 0 0 0 830.0 0 0 1609.5 0 0 0 0 2052.0 0 0 1178.9 0 0 0 0 360.9 0 0 0 1087.5 0
0 22 26 13 18
0 0 0 0 0 0 0 0 0 0 0 0 0 1222.3 0 0 0 0 450.8 0 0 0 2169.9 0 0 0 1524.2 0 0 0
**********2024-02-20 03:19:58**********
156983.667 159812.39 1.77 1981.374 4356.817 
0 1 15 10 25 6 14
0 12312.8 0 0 0 0 41.6 0 0 0 113.5 0 0 0 39.2 141.1 0 0 0 0 0 0 0 0 0 92.8 0 0 0 0
0 2 21
0 0 8255.3 0 0 0 0 0 0 0 0 0 0 0 0 0 0 0 0 0 0 1810.6 0 0 0 0 0 0 0 0
0 9 27 29 20 23 3 12 17 5 4 7
0 0 0 2699.6 426.1 1160.3 0 1877.7 0 576.5 0 0 1796.9 0 0 0 0 1279.9 0 0 846.0 0 0 937.4 0 0 0 706.8 0 433.8
0 11 16 28 24 19 8
0 0 0 0 0 0 0 0 830.0 0 0 1609.5 0 0 0 0 2052.0 0 0 1178.9 0 0 0 0 360.9 0 0 0 1087.5 0
0 22 26 13 18
0 0 0 0 0 0 0 0 0 0 0 0 0 1222.3 0 0 0 0 450.8 0 0 0 2169.9 0 0 0 1524.2 0 0 0
**********2024-02-20 03:35:37**********
156983.668 159812.39 1.77 1981.374 5295.765 
0 1 15 10 25 6 14
0 12312.8 0 0 0 0 41.6 0 0 0 113.5 0 0 0 39.2 141.1 0 0 0 0 0 0 0 0 0 92.8 0 0 0 0
0 2 21
0 0 8255.3 0 0 0 0 0 0 0 0 0 0 0 0 0 0 0 0 0 0 1810.6 0 0 0 0 0 0 0 0
0 9 27 29 20 23 3 12 17 5 4 7
0 0 0 2699.6 426.1 1160.3 0 1877.7 0 576.5 0 0 1796.9 0 0 0 0 1279.9 0 0 846.0 0 0 937.4 0 0 0 706.8 0 433.8
0 11 16 28 24 19 8
0 0 0 0 0 0 0 0 830.0 0 0 1609.5 0 0 0 0 2052.0 0 0 1178.9 0 0 0 0 360.9 0 0 0 1087.5 0
0 22 26 13 18
0 0 0 0 0 0 0 0 0 0 0 0 0 1222.3 0 0 0 0 450.8 0 0 0 2169.9 0 0 0 1524.2 0 0 0
**********2024-02-20 03:39:30**********
156983.668 156983.699 0.0 5528.5 5528.5 
0 1
0 12741.0 0.0 0.0 0.0 0.0 0.0 0.0 0.0 0.0 0.0 0.0 0.0 0.0 0.0 0.0 0.0 0.0 0.0 0.0 0.0 0.0 0.0 0.0 0.0 0.0 0.0 0.0 0.0 0.0
0 16 9 7 21 8 11
0 0.0 0.0 0.0 0.0 0.0 0.0 2049.5 830.0 629.2 0.0 1609.5 0.0 0.0 0.0 0.0 2052.0 0.0 0.0 0.0 0.0 1810.6 0.0 0.0 0.0 0.0 0.0 0.0 0.0 0.0
0 3 12 14 18 10 26 20 13 27
0 0.0 0.0 2946.5 0.0 0.0 0.0 0.0 0.0 0.0 1296.7 0.0 1961.2 1222.3 448.1 0.0 0.0 0.0 450.8 0.0 923.4 0.0 0.0 0.0 0.0 0.0 1524.2 771.5 0.0 0.0
0 4 23 28 29 19 2
0 0.0 8255.3 0.0 465.1 0.0 0.0 0.0 0.0 0.0 0.0 0.0 0.0 0.0 0.0 0.0 0.0 0.0 0.0 1178.9 0.0 0.0 0.0 1023.2 0.0 0.0 0.0 0.0 1087.5 473.4
0 24 15 17 25 5 6 22
0 0.0 0.0 0.0 0.0 1266.4 475.0 0.0 0.0 0.0 0.0 0.0 0.0 -0.0 0.0 1611.7 0.0 1396.9 0.0 0.0 0.0 0.0 2169.9 0.0 360.9 1060.3 0.0 -0.0 0.0 0.0
