**********2022-06-01 12:47:21**********
146712.784 146728.643 0.011 1684.385 1684.386 
0 37 12 24 14 46 31
0 0 0 0 0 0 0 0 0 0 0 0 469.6 0 494.5 0 0 0 0 0 0 0 0 0 454.9 0 0 0 0 0 0 408.7 0 0 0 0 0 190.7 0 0 0 0 0 0 0 0 266.9 0 0 0 0 0 0 0 0 0 0 0 0 0
0 1
0 16494.0 0 0 0 0 0 0 0 0 0 0 0 0 0 0 0 0 0 0 0 0 0 0 0 0 0 0 0 0 0 0 0 0 0 0 0 0 0 0 0 0 0 0 0 0 0 0 0 0 0 0 0 0 0 0 0 0 0 0
0 44 30 8 56 10 36
0 0 0 0 0 0 0 0 342.4 0 432.1 0 0 0 0 0 0 0 0 0 0 0 0 0 0 0 0 0 0 0 900.8 0 0 0 0 0 476.5 0 0 0 0 0 0 0 1043.0 0 0 0 0 0 0 0 0 0 0 0 478.6 0 0 0
0 58 7 50 43 53 25
0 0 0 0 0 0 0 295.8 0 0 0 0 0 0 0 0 0 0 0 0 0 0 0 0 0 197.3 0 0 0 0 0 0 0 0 0 0 0 0 0 0 0 0 0 276.5 0 0 0 0 0 0 1088.5 0 0 134.3 0 0 0 0 601.3 0
0 17 21 33 19 49 35 2
0 0 7919.3 0 0 0 0 0 0 0 0 0 0 0 0 0 0 422.6 0 275.0 0 162.8 0 0 0 0 0 0 0 0 0 0 0 1219.8 0 873.8 0 0 0 0 0 0 0 0 0 0 0 0 0 827.0 0 0 0 0 0 0 0 0 0 0
0 6 11 57 16 39 13 45 41
0 0 0 0 0 0 431.2 0 0 0 0 123.6 0 335.1 0 0 210.0 0 0 0 0 0 0 0 0 0 0 0 0 0 0 0 0 0 0 0 0 0 0 440.9 0 1218.9 0 0 0 372.8 0 0 0 0 0 0 0 0 0 0 0 388.1 0 0
0 42 15 51 23 5
0 0 0 0 0 463.3 0 0 0 0 0 0 0 0 0 1947.7 0 0 0 0 0 0 0 307.5 0 0 0 0 0 0 0 0 0 0 0 0 0 0 0 0 0 0 737.4 0 0 0 0 0 0 0 0 570.5 0 0 0 0 0 0 0 0
0 32 29 55 20 34 47 48 4 59 27 22 9
0 0 0 0 1286.7 0 0 0 0 871.5 0 0 0 0 0 0 0 0 0 0 440.7 0 532.9 0 0 0 0 948.6 0 299.2 0 0 412.0 0 765.2 0 0 0 0 0 0 0 0 0 0 0 0 415.1 908.9 0 0 0 0 0 0 450.1 0 0 0 513.7
0 18 28 3 26 54 38 40 52
0 0 0 1438.6 0 0 0 0 0 0 0 0 0 0 0 0 0 0 481.6 0 0 0 0 0 0 0 173.6 0 1111.5 0 0 0 0 0 0 0 0 0 1111.8 0 449.6 0 0 0 0 0 0 0 0 0 0 0 494.2 0 356.6 0 0 0 0 0
**********2022-06-01 13:13:57**********
146712.72 146726.043 0.009 3280.582 3280.582 
0 1
0 16494.0 0 0 0 0 0 0 0 0 0 0 0 0 0 0 0 0 0 0 0 0 0 0 0 0 0 0 0 0 0 0 0 0 0 0 0 0 0 0 0 0 0 0 0 0 0 0 0 0 0 0 0 0 0 0 0 0 0 0
0 37 5 59 47 17 20 8 4
0 0.0 0.0 0.0 1286.7 463.3 0.0 0.0 342.4 0.0 0.0 0.0 0.0 0.0 0.0 0.0 0.0 422.6 0.0 0.0 440.7 0.0 0.0 0.0 0.0 0.0 0.0 0.0 0.0 0.0 0.0 0.0 0.0 0.0 0.0 0.0 0.0 190.7 0.0 0.0 0.0 0.0 0.0 0.0 0.0 0.0 0.0 415.1 0.0 0.0 0.0 0.0 0.0 0.0 0.0 0.0 0.0 0.0 0.0 513.7
0 36 25 30 3 9
0 0.0 0.0 1438.6 0.0 0.0 0.0 0.0 0.0 871.5 0.0 0.0 0.0 0.0 0.0 0.0 0.0 0.0 0.0 0.0 0.0 0.0 0.0 0.0 0.0 197.3 0.0 0.0 0.0 0.0 900.8 0.0 0.0 0.0 0.0 0.0 476.5 0.0 0.0 0.0 0.0 0.0 0.0 0.0 0.0 0.0 0.0 0.0 0.0 0.0 0.0 0.0 0.0 0.0 0.0 0.0 0.0 0.0 0.0 0.0
0 32 57 56 24 43 55 53
0 0.0 0.0 0.0 0.0 0.0 0.0 0.0 0.0 0.0 0.0 0.0 0.0 0.0 0.0 0.0 0.0 0.0 0.0 0.0 0.0 0.0 0.0 0.0 454.9 0.0 0.0 0.0 0.0 0.0 0.0 0.0 412.0 0.0 0.0 0.0 0.0 0.0 0.0 0.0 0.0 0.0 0.0 276.5 0.0 0.0 0.0 0.0 0.0 0.0 0.0 0.0 0.0 134.3 0.0 450.1 478.6 388.1 0.0 0.0
0 34 51 42 45 13 41
0 0.0 0.0 0.0 0.0 0.0 0.0 0.0 0.0 0.0 0.0 0.0 0.0 335.1 0.0 0.0 0.0 0.0 0.0 0.0 0.0 0.0 0.0 0.0 0.0 0.0 0.0 0.0 0.0 0.0 0.0 0.0 0.0 0.0 765.2 0.0 0.0 0.0 0.0 0.0 0.0 1218.9 737.4 0.0 0.0 372.8 0.0 0.0 0.0 0.0 0.0 570.5 0.0 0.0 0.0 0.0 0.0 0.0 0.0 0.0
0 21 38 19 16 44 31 22 2
0 0.0 7919.3 0.0 0.0 0.0 0.0 0.0 0.0 0.0 0.0 0.0 0.0 0.0 0.0 0.0 210.0 0.0 0.0 275.0 0.0 162.8 532.9 0.0 0.0 0.0 0.0 0.0 0.0 0.0 0.0 408.7 0.0 0.0 0.0 0.0 0.0 0.0 1111.8 0.0 0.0 0.0 0.0 0.0 1043.0 0.0 0.0 0.0 0.0 0.0 0.0 0.0 0.0 0.0 0.0 0.0 0.0 0.0 0.0 0.0
0 28 50 11 12 52 18 29 58 14
0 0.0 0.0 0.0 0.0 0.0 0.0 0.0 0.0 0.0 0.0 123.6 469.6 0.0 494.5 0.0 0.0 0.0 481.6 0.0 0.0 0.0 0.0 0.0 0.0 0.0 0.0 0.0 1111.5 299.2 0.0 0.0 0.0 0.0 0.0 0.0 0.0 0.0 0.0 0.0 0.0 0.0 0.0 0.0 0.0 0.0 0.0 0.0 0.0 0.0 1088.5 0.0 494.2 0.0 0.0 0.0 0.0 0.0 601.3 0.0
0 35 49 40 15 10
0 0.0 0.0 0.0 0.0 0.0 0.0 0.0 0.0 0.0 432.1 0.0 0.0 0.0 0.0 1947.7 0.0 0.0 0.0 0.0 0.0 0.0 0.0 0.0 0.0 0.0 0.0 0.0 0.0 0.0 0.0 0.0 0.0 0.0 0.0 873.8 0.0 0.0 0.0 0.0 449.6 0.0 0.0 0.0 0.0 0.0 0.0 0.0 0.0 827.0 0.0 0.0 0.0 0.0 0.0 0.0 0.0 0.0 0.0 0.0
0 26 39 6 23 7 33 46 27 54 48
0 0.0 0.0 0.0 0.0 0.0 431.2 295.8 0.0 0.0 0.0 0.0 0.0 0.0 0.0 0.0 0.0 0.0 0.0 0.0 0.0 0.0 0.0 307.5 0.0 0.0 173.6 948.6 0.0 0.0 0.0 0.0 0.0 1219.8 0.0 0.0 0.0 0.0 0.0 440.9 0.0 0.0 0.0 0.0 0.0 0.0 266.9 0.0 908.9 0.0 0.0 0.0 0.0 0.0 356.6 0.0 0.0 0.0 0.0 0.0
