**********2022-06-01 16:43:23**********
134699.22 134705.112 0.004 402.241 402.242 
0 11 23 28 16 26
0 0 0 0 0 0 0 0 0 0 0 1478.5 0 0 0 0 2316.4 0 0 0 0 0 0 978.1 0 0 1827.8 0 1190.3 0
0 1
0 30571.0 0 0 0 0 0 0 0 0 0 0 0 0 0 0 0 0 0 0 0 0 0 0 0 0 0 0 0 0
0 12 24 10 7 27 3 21 14
0 0.0 0.0 2683.9 0.0 0.0 0.0 2220.6 0.0 0.0 1377.4 0.0 1695.1 0.0 458.0 0.0 0.0 0.0 0.0 0.0 0.0 1836.1 0.0 0.0 374.4 0.0 0.0 776.3 0.0 0.0
0 4 6 2 5 19
0 0 8682.3 0 492.2 1305.6 489.7 0 0 0 0 0 0 0 0 0 0 0 0 1232.2 0 0 0 0 0 0 0 0 0 0
0 9 8 29 17 15 13 18 20 22 25
0 0 0 0 0 0 0 0 810.9 701.9 0 0 0 1116.1 0 1651.5 0 1383.9 480.2 0 917.9 0 1963.3 0 0 1022.5 0 0 0 441.0
