139489.075 139489.082 0.0 17.268 17.268 
0 1
0 20142.0 0 0 0 0 0 0 0 0 0 0 0 0 0
0 8 9 12 6 7 2
0 0.0 10568.733690814035 0.0 0.0 0.0 2239.573988441355 1298.3690170827758 1465.7516298567098 3320.761263647666 0.0 0.0 1209.9963483241645 0.0 0.0
0 3 5 14 13 10 4 11
0 0.0 0.0 2837.0083180989086 1277.0643395742575 2896.457489734279 0.0 0.0 0.0 0.0 1113.232240785883 4360.372189415528 0.0 4366.677249816879 1441.8487231456938
**********2022-05-23 09:55:11**********
139489.075 139490.383 0.001 12.334 12.334 
0 1
0 20142.0 0 0 0 0 0 0 0 0 0 0 0 0 0
0 8 13 10 7 2 4
0 0.0 10568.7 0.0 1277.1 0.0 0.0 1298.4 1465.8 0.0 1113.2 0.0 0.0 4366.7 0.0
0 3 12 14 5 6 9 11
0 0.0 0.0 2837.0 0.0 2896.5 2239.6 0.0 0.0 3320.8 0.0 4360.4 1210.0 0.0 1441.8
**********2024-01-19 00:42:29**********
139489.075 139498.685 0.007 14.149 14.15 
0 1
0 20142.0 0 0 0 0 0 0 0 0 0 0 0 0 0
0 11 2 7 9
0 0 10568.7 0 0 0 0 1298.4 0 3320.8 0 4360.4 0 0 0
0 10 5 13 3 6 12 4 14 8
0 0 0 2837.0 1277.1 2896.5 2239.6 0 1465.8 0 1113.2 0 1210.0 4366.7 1441.8
