170432.485 170464.262 0.019 1776.689 1776.691 
0 22 2
0 0 3977.0022855076 0 0 0 0 0 0 0 0 0 0 0 0 0 0 0 0 0 0 0 1099.9977144924 0 0 0 0 0 0 0
0 1
0 5077.0 0 0 0 0 0 0 0 0 0 0 0 0 0 0 0 0 0 0 0 0 0 0 0 0 0 0 0 0
0 10 21 26 7 8 16 14
0 0 0 0 0 0 0 999.2330716616 377.9645216145 0 654.9817539617 0 0 0 206.2364879199 0 1033.2671140376 0 0 0 0 851.0057201782 0 0 0 0 954.3113306266 0 0 0
0 20 24 28 12 3 17 9 13
0 0 0 1328.6670444077 0 0 0 0 0 328.8097939411 0 0 990.3083707283 542.5126247454 0 0 0 691.4950246566 0 0 446.853970532 0 0 0 184.5793990201 0 0 0 563.7737719687 0
0 29 4 19 18 5 25 6 23 27 15 11
0 0 0 0 234.3122474234 699.5777903353 234.2825230634 0 0 0 0 783.9388568766 0 0 0 716.5790522205 0 0 226.3555225549 590.5078447633 0 0 0 467.9689154953 0 515.5407390366 0 380.4227116727 0 227.513796558
170432.486 170459.297 0.016 2617.909 2617.91 
0 5 2 23
0 0 3928.2159705514 0 0 688.3354549165 0 0 0 0 0 0 0 0 0 0 0 0 0 0 0 0 0 460.4485745321 0 0 0 0 0 0
0 1
0 5077.0 0 0 0 0 0 0 0 0 0 0 0 0 0 0 0 0 0 0 0 0 0 0 0 0 0 0 0 0
0 26 7 20 29 3 16
0 0 0 1334.685770197 0 0 0 1025.6123787848 0 0 0 0 0 0 0 0 1060.5449046898 0 0 0 448.8781733056 0 0 0 0 0 979.5047238356 0 0 227.7740491871
0 21 10 25 4 15 18 6 22 28
0 0 0 0 231.396265628 0 231.3669111833 0 0 0 663.1480667113 0 0 0 0 707.6613302737 0 0 223.5385610417 0 0 861.6160598108 1090.5071790006 0 0 509.1249096194 0 0 558.6407167313 0
0 9 17 13 19 11 27 14 8 24 12
0 0 0 0 0 0 0 0 385.6933941465 328.3842523779 0 780.2852661963 989.0267258992 541.8105116251 210.4537502169 0 0 690.6001003593 0 587.7557500822 0 0 0 0 184.3405186478 0 0 378.6497304487 0 0
170432.486 170459.297 0.016 2617.909 3190.638 
0 5 2 23
0 0 3928.2159705514 0 0 688.3354549165 0 0 0 0 0 0 0 0 0 0 0 0 0 0 0 0 0 460.4485745321 0 0 0 0 0 0
0 1
0 5077.0 0 0 0 0 0 0 0 0 0 0 0 0 0 0 0 0 0 0 0 0 0 0 0 0 0 0 0 0
0 26 7 20 29 3 16
0 0 0 1334.685770197 0 0 0 1025.6123787848 0 0 0 0 0 0 0 0 1060.5449046898 0 0 0 448.8781733056 0 0 0 0 0 979.5047238356 0 0 227.7740491871
0 21 10 25 4 15 18 6 22 28
0 0 0 0 231.396265628 0 231.3669111833 0 0 0 663.1480667113 0 0 0 0 707.6613302737 0 0 223.5385610417 0 0 861.6160598108 1090.5071790006 0 0 509.1249096194 0 0 558.6407167313 0
0 9 17 13 19 11 27 14 8 24 12
0 0 0 0 0 0 0 0 385.6933941465 328.3842523779 0 780.2852661963 989.0267258992 541.8105116251 210.4537502169 0 0 690.6001003593 0 587.7557500822 0 0 0 0 184.3405186478 0 0 378.6497304487 0 0
**********2022-05-21 13:12:53**********
170432.46 170457.813 0.015 998.759 998.76 
0 12 5 13 15 23 18 8 20 10
0 0 0 0 0 688.9 0 0 381.6 0 661.2 0 978.5 536.0 0 705.6 0 0 222.9 0 441.5 0 0 460.8 0 0 0 0 0 0
0 9 25 2 4
0 0 3996.2 0 234.5 0 0 0 0 330.2 0 0 0 0 0 0 0 0 0 0 0 0 0 0 0 516.0 0 0 0 0
0 22 11 27 17 19 3 6
0 0 0 1321.9 0 0 232.3 0 0 0 0 777.3 0 0 0 0 0 688.0 0 585.5 0 0 1094.9 0 0 0 0 377.2 0 0
0 1
0 5077.0 0 0 0 0 0 0 0 0 0 0 0 0 0 0 0 0 0 0 0 0 0 0 0 0 0 0 0 0
0 7 16 14 29 21 24 28 26
0 0 0 0 0 0 0 1015.0 0 0 0 0 0 0 209.5 0 1049.5 0 0 0 0 864.4 0 0 183.5 0 969.3 0 560.4 225.4
**********2022-05-21 13:23:19**********
170432.46 170457.813 0.015 998.759 1624.425 
0 12 5 13 15 23 18 8 20 10
0 0 0 0 0 688.9 0 0 381.6 0 661.2 0 978.5 536.0 0 705.6 0 0 222.9 0 441.5 0 0 460.8 0 0 0 0 0 0
0 9 25 2 4
0 0 3996.2 0 234.5 0 0 0 0 330.2 0 0 0 0 0 0 0 0 0 0 0 0 0 0 0 516.0 0 0 0 0
0 22 11 27 17 19 3 6
0 0 0 1321.9 0 0 232.3 0 0 0 0 777.3 0 0 0 0 0 688.0 0 585.5 0 0 1094.9 0 0 0 0 377.2 0 0
0 1
0 5077.0 0 0 0 0 0 0 0 0 0 0 0 0 0 0 0 0 0 0 0 0 0 0 0 0 0 0 0 0
0 7 16 14 29 21 24 28 26
0 0 0 0 0 0 0 1015.0 0 0 0 0 0 0 209.5 0 1049.5 0 0 0 0 864.4 0 0 183.5 0 969.3 0 560.4 225.4
**********2022-05-21 13:38:53**********
170432.46 170454.256 0.013 2558.734 2558.735 
0 1
0 5077.0 0 0 0 0 0 0 0 0 0 0 0 0 0 0 0 0 0 0 0 0 0 0 0 0 0 0 0 0
0 28 10 4 7 22 16 20
0 0 0 0 232.9 0 0 1018.2 0 0 667.4 0 0 0 0 0 1052.9 0 0 0 445.7 0 1097.6 0 0 0 0 0 562.3 0
0 17 24 14 6 3 12 23 9 15
0 0 0 1310.2 0 0 230.2 0 0 324.2 0 0 976.5 0 207.8 704.2 0 681.9 0 0 0 0 0 459.9 182.0 0 0 0 0 0
0 21 2 18
0 0 3981.2 0 0 0 0 0 0 0 0 0 0 0 0 0 0 0 225.7 0 0 870.0 0 0 0 0 0 0 0 0
0 8 25 11 27 13 5 26 29 19
0 0 0 0 0 695.4 0 0 385.2 0 0 779.2 0 541.1 0 0 0 0 0 587.0 0 0 0 0 0 512.4 972.5 378.1 0 226.1
**********2022-05-21 14:06:24**********
170432.46 170454.061 0.013 4209.417 4209.417 
0 1
0 5077.0 0 0 0 0 0 0 0 0 0 0 0 0 0 0 0 0 0 0 0 0 0 0 0 0 0 0 0 0
0 2 22
0 0 3977.0 0 0 0 0 0 0 0 0 0 0 0 0 0 0 0 0 0 0 0 1100.0 0 0 0 0 0 0 0
0 10 25 14 29 4 15 6 13 17 16
0 0 0 0 232.9 0 232.8 0 0 0 667.3 0 0 541.0 210.1 712.1 1052.8 689.5 0 0 0 0 0 0 0 512.3 0 0 0 226.1
0 26 11 27 19 8 20 28 7
0 0 0 0 0 0 0 1008.1 381.3 0 0 771.4 0 0 0 0 0 0 0 581.1 441.2 0 0 0 0 0 962.8 374.4 556.7 0
0 21 18 12 24 3 23 9 5
0 0 0 1325.0 0 695.3 0 0 0 327.9 0 0 987.6 0 0 0 0 0 225.0 0 0 867.1 0 465.1 184.1 0 0 0 0 0
**********2022-06-16 02:09:46**********
170432.478 170472.786 0.024 1025.957 1025.959 
0 7 2
0 0 4040.3 0 0 0 0 1036.7 0 0 0 0 0 0 0 0 0 0 0 0 0 0 0 0 0 0 0 0 0 0
0 1
0 5077.0 0 0 0 0 0 0 0 0 0 0 0 0 0 0 0 0 0 0 0 0 0 0 0 0 0 0 0 0
0 6 8 16 11 17 12 13 23
0 0 0 0 0 0 230.3 0 380.9 0 0 770.6 976.8 535.1 0 0 1041.3 682.0 0 0 0 0 0 460.0 0 0 0 0 0 0
0 18 5 4 24 3 25 26 15 29
0 0 0 1322.8 232.5 694.2 0 0 0 0 0 0 0 0 0 711.0 0 0 224.6 0 0 0 0 0 183.8 511.5 970.8 0 0 225.8
0 22 9 21 27 10 20 14 19 28
0 0 0 0 0 0 0 0 0 323.7 658.8 0 0 0 207.5 0 0 0 0 579.4 439.9 856.0 1083.4 0 0 0 0 373.2 555.0 0
**********2022-06-16 02:24:46**********
170432.426 170455.415 0.013 1926.365 1926.366 
0 1
0 5077.0 0 0 0 0 0 0 0 0 0 0 0 0 0 0 0 0 0 0 0 0 0 0 0 0 0 0 0 0
0 21 4 2
0 0 3975.0 0 233.3 0 0 0 0 0 0 0 0 0 0 0 0 0 0 0 0 868.7 0 0 0 0 0 0 0 0
0 10 15 9 13 18 7 12 19
0 0 0 0 0 0 0 1020.4 0 328.6 668.8 0 989.7 542.2 0 713.7 0 0 225.5 588.2 0 0 0 0 0 0 0 0 0 0
0 29 28 24 20 25 8 22 17 26
0 0 0 0 0 0 0 0 385.3 0 0 0 0 0 0 0 0 689.9 0 0 445.8 0 1097.9 0 184.1 512.6 972.8 0 562.4 226.2
0 11 23 16 5 14 6 3 27
0 0 0 1309.1 0 687.0 230.1 0 0 0 0 769.8 0 0 207.6 0 1040.3 0 0 0 0 0 0 459.5 0 0 0 373.6 0 0
**********2022-06-16 02:35:43**********
170432.427 170455.415 0.013 1926.365 2583.525 
0 1
0 5077.0 0 0 0 0 0 0 0 0 0 0 0 0 0 0 0 0 0 0 0 0 0 0 0 0 0 0 0 0
0 21 4 2
0 0 3975.0 0 233.3 0 0 0 0 0 0 0 0 0 0 0 0 0 0 0 0 868.7 0 0 0 0 0 0 0 0
0 10 15 9 13 18 7 12 19
0 0 0 0 0 0 0 1020.4 0 328.6 668.8 0 989.7 542.2 0 713.7 0 0 225.5 588.2 0 0 0 0 0 0 0 0 0 0
0 29 28 24 20 25 8 22 17 26
0 0 0 0 0 0 0 0 385.3 0 0 0 0 0 0 0 0 689.9 0 0 445.8 0 1097.9 0 184.1 512.6 972.8 0 562.4 226.2
0 11 23 16 5 14 6 3 27
0 0 0 1309.1 0 687.0 230.1 0 0 0 0 769.8 0 0 207.6 0 1040.3 0 0 0 0 0 0 459.5 0 0 0 373.6 0 0
**********2022-06-16 02:57:14**********
170432.393 170455.415 0.014 1926.365 3874.4 
0 1
0 5077.0 0 0 0 0 0 0 0 0 0 0 0 0 0 0 0 0 0 0 0 0 0 0 0 0 0 0 0 0
0 21 4 2
0 0 3975.0 0 233.3 0 0 0 0 0 0 0 0 0 0 0 0 0 0 0 0 868.7 0 0 0 0 0 0 0 0
0 10 15 9 13 18 7 12 19
0 0 0 0 0 0 0 1020.4 0 328.6 668.8 0 989.7 542.2 0 713.7 0 0 225.5 588.2 0 0 0 0 0 0 0 0 0 0
0 29 28 24 20 25 8 22 17 26
0 0 0 0 0 0 0 0 385.3 0 0 0 0 0 0 0 0 689.9 0 0 445.8 0 1097.9 0 184.1 512.6 972.8 0 562.4 226.2
0 11 23 16 5 14 6 3 27
0 0 0 1309.1 0 687.0 230.1 0 0 0 0 769.8 0 0 207.6 0 1040.3 0 0 0 0 0 0 459.5 0 0 0 373.6 0 0
**********2022-06-16 03:07:16**********
170432.393 170455.415 0.014 1926.365 4476.064 
0 1
0 5077.0 0 0 0 0 0 0 0 0 0 0 0 0 0 0 0 0 0 0 0 0 0 0 0 0 0 0 0 0
0 21 4 2
0 0 3975.0 0 233.3 0 0 0 0 0 0 0 0 0 0 0 0 0 0 0 0 868.7 0 0 0 0 0 0 0 0
0 10 15 9 13 18 7 12 19
0 0 0 0 0 0 0 1020.4 0 328.6 668.8 0 989.7 542.2 0 713.7 0 0 225.5 588.2 0 0 0 0 0 0 0 0 0 0
0 29 28 24 20 25 8 22 17 26
0 0 0 0 0 0 0 0 385.3 0 0 0 0 0 0 0 0 689.9 0 0 445.8 0 1097.9 0 184.1 512.6 972.8 0 562.4 226.2
0 11 23 16 5 14 6 3 27
0 0 0 1309.1 0 687.0 230.1 0 0 0 0 769.8 0 0 207.6 0 1040.3 0 0 0 0 0 0 459.5 0 0 0 373.6 0 0
**********2022-06-16 03:23:21**********
170432.393 170452.232 0.012 5441.0 5441.0 
0 18 28 11 27 21 7 6 12
0 0 0 0 0 0 234.1 1023.6 0 0 0 783.3 992.8 0 0 0 0 0 226.2 0 0 871.7 0 0 0 0 0 380.1 565.2 0
0 1
0 5077.0 0 0 0 0 0 0 0 0 0 0 0 0 0 0 0 0 0 0 0 0 0 0 0 0 0 0 0 0
0 25 10 15 13 14 5 17 16
0 0 0 0 0 694.8 0 0 0 0 666.9 0 0 540.6 210.0 711.7 1052.0 689.1 0 0 0 0 0 0 0 512.0 0 0 0 0
0 20 23 4 2
0 0 3941.1 0 231.3 0 0 0 0 0 0 0 0 0 0 0 0 0 0 0 442.6 0 0 462.0 0 0 0 0 0 0
0 8 19 24 26 9 3 22 29
0 0 0 1317.7 0 0 0 0 383.0 326.1 0 0 0 0 0 0 0 0 0 583.7 0 0 1091.5 0 183.1 0 967.1 0 0 224.9
**********2022-06-16 03:49:32**********
170432.365 170451.705 0.011 7012.212 7012.213 
0 1
0 5077.0 0 0 0 0 0 0 0 0 0 0 0 0 0 0 0 0 0 0 0 0 0 0 0 0 0 0 0 0
0 9 26 13 5 16 25 8 19
0 0 0 0 0 695.7 0 0 385.4 328.1 0 0 0 541.3 0 0 1053.5 0 0 587.3 0 0 0 0 0 512.7 973.0 0 0 0
0 21 3 29 22 28 7
0 0 0 1320.0 0 0 0 1014.3 0 0 0 0 0 0 0 0 0 0 0 0 0 863.9 1093.4 0 0 0 0 0 560.1 225.3
0 18 11 27 10 14 6 12 15 20 23
0 0 0 0 0 0 231.7 0 0 0 664.0 775.2 982.5 0 209.1 708.6 0 0 223.8 0 443.3 0 0 462.7 0 0 0 376.2 0 0
0 2 17 4 24
0 0 3969.9 0 233.0 0 0 0 0 0 0 0 0 0 0 0 0 689.9 0 0 0 0 0 0 184.2 0 0 0 0 0
**********2022-06-16 03:52:52**********
170432.365 170451.705 0.011 7012.212 7212.509 
0 1
0 5077.0 0 0 0 0 0 0 0 0 0 0 0 0 0 0 0 0 0 0 0 0 0 0 0 0 0 0 0 0
0 9 26 13 5 16 25 8 19
0 0 0 0 0 695.7 0 0 385.4 328.1 0 0 0 541.3 0 0 1053.5 0 0 587.3 0 0 0 0 0 512.7 973.0 0 0 0
0 21 3 29 22 28 7
0 0 0 1320.0 0 0 0 1014.3 0 0 0 0 0 0 0 0 0 0 0 0 0 863.9 1093.4 0 0 0 0 0 560.1 225.3
0 18 11 27 10 14 6 12 15 20 23
0 0 0 0 0 0 231.7 0 0 0 664.0 775.2 982.5 0 209.1 708.6 0 0 223.8 0 443.3 0 0 462.7 0 0 0 376.2 0 0
0 2 17 4 24
0 0 3969.9 0 233.0 0 0 0 0 0 0 0 0 0 0 0 0 689.9 0 0 0 0 0 0 184.2 0 0 0 0 0
**********2022-06-16 03:54:14**********
170432.365 170451.705 0.011 7012.212 7293.725 
0 1
0 5077.0 0 0 0 0 0 0 0 0 0 0 0 0 0 0 0 0 0 0 0 0 0 0 0 0 0 0 0 0
0 9 26 13 5 16 25 8 19
0 0 0 0 0 695.7 0 0 385.4 328.1 0 0 0 541.3 0 0 1053.5 0 0 587.3 0 0 0 0 0 512.7 973.0 0 0 0
0 21 3 29 22 28 7
0 0 0 1320.0 0 0 0 1014.3 0 0 0 0 0 0 0 0 0 0 0 0 0 863.9 1093.4 0 0 0 0 0 560.1 225.3
0 18 11 27 10 14 6 12 15 20 23
0 0 0 0 0 0 231.7 0 0 0 664.0 775.2 982.5 0 209.1 708.6 0 0 223.8 0 443.3 0 0 462.7 0 0 0 376.2 0 0
0 2 17 4 24
0 0 3969.9 0 233.0 0 0 0 0 0 0 0 0 0 0 0 0 689.9 0 0 0 0 0 0 184.2 0 0 0 0 0
**********2024-01-19 22:26:21**********
170432.071 170460.1 0.016 -27950.467 -27950.466 
0 13 19 2
0 0 3953.3 0 0 0 0 0 0 0 0 0 0 539.0 0 0 0 0 0 584.7 0 0 0 0 0 0 0 0 0 0
0 1
0 5077.0 0 0 0 0 0 0 0 0 0 0 0 0 0 0 0 0 0 0 0 0 0 0 0 0 0 0 0 0
0 9 21 6 16 18 12 23 17 29
0 0 0 0 0 0 233.0 0 0 328.1 0 0 988.1 0 0 0 1053.5 690.0 225.1 0 0 867.6 0 465.4 0 0 0 0 0 226.3
0 4 7 25 5 26 10 27 28
0 0 0 0 234.6 700.6 0 1025.9 0 0 672.4 0 0 0 0 0 0 0 0 0 0 0 0 0 0 516.3 979.8 381.0 566.5 0
0 15 20 14 3 8 24 11 22
0 0 0 1309.1 0 0 0 0 380.5 0 0 769.8 0 0 207.6 703.6 0 0 0 0 440.3 0 1084.3 0 181.9 0 0 0 0 0
**********2024-01-19 22:37:54**********
170432.059 170460.1 0.016 -27950.467 -27257.33 
0 13 19 2
0 0 3953.3 0 0 0 0 0 0 0 0 0 0 539.0 0 0 0 0 0 584.7 0 0 0 0 0 0 0 0 0 0
0 1
0 5077.0 0 0 0 0 0 0 0 0 0 0 0 0 0 0 0 0 0 0 0 0 0 0 0 0 0 0 0 0
0 9 21 6 16 18 12 23 17 29
0 0 0 0 0 0 233.0 0 0 328.1 0 0 988.1 0 0 0 1053.5 690.0 225.1 0 0 867.6 0 465.4 0 0 0 0 0 226.3
0 4 7 25 5 26 10 27 28
0 0 0 0 234.6 700.6 0 1025.9 0 0 672.4 0 0 0 0 0 0 0 0 0 0 0 0 0 0 516.3 979.8 381.0 566.5 0
0 15 20 14 3 8 24 11 22
0 0 0 1309.1 0 0 0 0 380.5 0 0 769.8 0 0 207.6 703.6 0 0 0 0 440.3 0 1084.3 0 181.9 0 0 0 0 0
**********2024-01-19 22:47:34**********
170432.059 170460.1 0.016 -27950.467 -26677.506 
0 13 19 2
0 0 3953.3 0 0 0 0 0 0 0 0 0 0 539.0 0 0 0 0 0 584.7 0 0 0 0 0 0 0 0 0 0
0 1
0 5077.0 0 0 0 0 0 0 0 0 0 0 0 0 0 0 0 0 0 0 0 0 0 0 0 0 0 0 0 0
0 9 21 6 16 18 12 23 17 29
0 0 0 0 0 0 233.0 0 0 328.1 0 0 988.1 0 0 0 1053.5 690.0 225.1 0 0 867.6 0 465.4 0 0 0 0 0 226.3
0 4 7 25 5 26 10 27 28
0 0 0 0 234.6 700.6 0 1025.9 0 0 672.4 0 0 0 0 0 0 0 0 0 0 0 0 0 0 516.3 979.8 381.0 566.5 0
0 15 20 14 3 8 24 11 22
0 0 0 1309.1 0 0 0 0 380.5 0 0 769.8 0 0 207.6 703.6 0 0 0 0 440.3 0 1084.3 0 181.9 0 0 0 0 0
**********2024-01-19 22:55:26**********
170432.059 170460.1 0.016 -27950.467 -26205.006 
0 13 19 2
0 0 3953.3 0 0 0 0 0 0 0 0 0 0 539.0 0 0 0 0 0 584.7 0 0 0 0 0 0 0 0 0 0
0 1
0 5077.0 0 0 0 0 0 0 0 0 0 0 0 0 0 0 0 0 0 0 0 0 0 0 0 0 0 0 0 0
0 9 21 6 16 18 12 23 17 29
0 0 0 0 0 0 233.0 0 0 328.1 0 0 988.1 0 0 0 1053.5 690.0 225.1 0 0 867.6 0 465.4 0 0 0 0 0 226.3
0 4 7 25 5 26 10 27 28
0 0 0 0 234.6 700.6 0 1025.9 0 0 672.4 0 0 0 0 0 0 0 0 0 0 0 0 0 0 516.3 979.8 381.0 566.5 0
0 15 20 14 3 8 24 11 22
0 0 0 1309.1 0 0 0 0 380.5 0 0 769.8 0 0 207.6 703.6 0 0 0 0 440.3 0 1084.3 0 181.9 0 0 0 0 0
**********2024-01-19 23:02:01**********
170432.059 170460.1 0.016 -27950.467 -25810.282 
0 13 19 2
0 0 3953.3 0 0 0 0 0 0 0 0 0 0 539.0 0 0 0 0 0 584.7 0 0 0 0 0 0 0 0 0 0
0 1
0 5077.0 0 0 0 0 0 0 0 0 0 0 0 0 0 0 0 0 0 0 0 0 0 0 0 0 0 0 0 0
0 9 21 6 16 18 12 23 17 29
0 0 0 0 0 0 233.0 0 0 328.1 0 0 988.1 0 0 0 1053.5 690.0 225.1 0 0 867.6 0 465.4 0 0 0 0 0 226.3
0 4 7 25 5 26 10 27 28
0 0 0 0 234.6 700.6 0 1025.9 0 0 672.4 0 0 0 0 0 0 0 0 0 0 0 0 0 0 516.3 979.8 381.0 566.5 0
0 15 20 14 3 8 24 11 22
0 0 0 1309.1 0 0 0 0 380.5 0 0 769.8 0 0 207.6 703.6 0 0 0 0 440.3 0 1084.3 0 181.9 0 0 0 0 0
**********2024-01-19 23:08:02**********
170432.055 170450.42 0.011 -25448.817 -25448.817 
0 1
0 5077.0 0 0 0 0 0 0 0 0 0 0 0 0 0 0 0 0 0 0 0 0 0 0 0 0 0 0 0 0
0 13 15 17 23 25 3 21
0 0 0 1315.8 0 0 0 0 0 0 0 0 0 537.3 0 707.3 0 684.8 0 0 0 861.1 0 461.9 0 508.8 0 0 0 0
0 20 10 2
0 0 3964.9 0 0 0 0 0 0 0 666.9 0 0 0 0 0 0 0 0 0 445.3 0 0 0 0 0 0 0 0 0
0 16 6 14 9 19 27 22 26 18
0 0 0 0 0 0 232.5 0 0 327.5 0 0 0 0 209.9 0 1051.5 0 224.7 586.1 0 0 1096.1 0 0 0 971.1 377.6 0 0
0 8 4 7 29 11 5 12 28 24
0 0 0 0 233.2 696.2 0 1019.5 385.6 0 0 780.1 988.8 0 0 0 0 0 0 0 0 0 0 0 184.3 0 0 0 562.9 226.4
**********2024-01-19 23:21:28**********
170432.041 170450.42 0.011 -25448.817 -24643.411 
0 1
0 5077.0 0 0 0 0 0 0 0 0 0 0 0 0 0 0 0 0 0 0 0 0 0 0 0 0 0 0 0 0
0 13 15 17 23 25 3 21
0 0 0 1315.8 0 0 0 0 0 0 0 0 0 537.3 0 707.3 0 684.8 0 0 0 861.1 0 461.9 0 508.8 0 0 0 0
0 20 10 2
0 0 3964.9 0 0 0 0 0 0 0 666.9 0 0 0 0 0 0 0 0 0 445.3 0 0 0 0 0 0 0 0 0
0 16 6 14 9 19 27 22 26 18
0 0 0 0 0 0 232.5 0 0 327.5 0 0 0 0 209.9 0 1051.5 0 224.7 586.1 0 0 1096.1 0 0 0 971.1 377.6 0 0
0 8 4 7 29 11 5 12 28 24
0 0 0 0 233.2 696.2 0 1019.5 385.6 0 0 780.1 988.8 0 0 0 0 0 0 0 0 0 0 0 184.3 0 0 0 562.9 226.4
**********2024-01-19 23:53:34**********
170432.015 170450.42 0.011 -25448.817 -22717.29 
0 1
0 5077.0 0 0 0 0 0 0 0 0 0 0 0 0 0 0 0 0 0 0 0 0 0 0 0 0 0 0 0 0
0 13 15 17 23 25 3 21
0 0 0 1315.8 0 0 0 0 0 0 0 0 0 537.3 0 707.3 0 684.8 0 0 0 861.1 0 461.9 0 508.8 0 0 0 0
0 20 10 2
0 0 3964.9 0 0 0 0 0 0 0 666.9 0 0 0 0 0 0 0 0 0 445.3 0 0 0 0 0 0 0 0 0
0 16 6 14 9 19 27 22 26 18
0 0 0 0 0 0 232.5 0 0 327.5 0 0 0 0 209.9 0 1051.5 0 224.7 586.1 0 0 1096.1 0 0 0 971.1 377.6 0 0
0 8 4 7 29 11 5 12 28 24
0 0 0 0 233.2 696.2 0 1019.5 385.6 0 0 780.1 988.8 0 0 0 0 0 0 0 0 0 0 0 184.3 0 0 0 562.9 226.4
**********2024-01-19 23:58:06**********
170432.015 170450.42 0.011 -25448.817 -22445.683 
0 1
0 5077.0 0 0 0 0 0 0 0 0 0 0 0 0 0 0 0 0 0 0 0 0 0 0 0 0 0 0 0 0
0 13 15 17 23 25 3 21
0 0 0 1315.8 0 0 0 0 0 0 0 0 0 537.3 0 707.3 0 684.8 0 0 0 861.1 0 461.9 0 508.8 0 0 0 0
0 20 10 2
0 0 3964.9 0 0 0 0 0 0 0 666.9 0 0 0 0 0 0 0 0 0 445.3 0 0 0 0 0 0 0 0 0
0 16 6 14 9 19 27 22 26 18
0 0 0 0 0 0 232.5 0 0 327.5 0 0 0 0 209.9 0 1051.5 0 224.7 586.1 0 0 1096.1 0 0 0 971.1 377.6 0 0
0 8 4 7 29 11 5 12 28 24
0 0 0 0 233.2 696.2 0 1019.5 385.6 0 0 780.1 988.8 0 0 0 0 0 0 0 0 0 0 0 184.3 0 0 0 562.9 226.4
**********2024-01-20 00:01:52**********
170432.015 170450.42 0.011 -25448.817 -22219.103 
0 1
0 5077.0 0 0 0 0 0 0 0 0 0 0 0 0 0 0 0 0 0 0 0 0 0 0 0 0 0 0 0 0
0 13 15 17 23 25 3 21
0 0 0 1315.8 0 0 0 0 0 0 0 0 0 537.3 0 707.3 0 684.8 0 0 0 861.1 0 461.9 0 508.8 0 0 0 0
0 20 10 2
0 0 3964.9 0 0 0 0 0 0 0 666.9 0 0 0 0 0 0 0 0 0 445.3 0 0 0 0 0 0 0 0 0
0 16 6 14 9 19 27 22 26 18
0 0 0 0 0 0 232.5 0 0 327.5 0 0 0 0 209.9 0 1051.5 0 224.7 586.1 0 0 1096.1 0 0 0 971.1 377.6 0 0
0 8 4 7 29 11 5 12 28 24
0 0 0 0 233.2 696.2 0 1019.5 385.6 0 0 780.1 988.8 0 0 0 0 0 0 0 0 0 0 0 184.3 0 0 0 562.9 226.4
**********2024-01-20 00:10:33**********
170432.015 170450.42 0.011 -25448.817 -21698.671 
0 1
0 5077.0 0 0 0 0 0 0 0 0 0 0 0 0 0 0 0 0 0 0 0 0 0 0 0 0 0 0 0 0
0 13 15 17 23 25 3 21
0 0 0 1315.8 0 0 0 0 0 0 0 0 0 537.3 0 707.3 0 684.8 0 0 0 861.1 0 461.9 0 508.8 0 0 0 0
0 20 10 2
0 0 3964.9 0 0 0 0 0 0 0 666.9 0 0 0 0 0 0 0 0 0 445.3 0 0 0 0 0 0 0 0 0
0 16 6 14 9 19 27 22 26 18
0 0 0 0 0 0 232.5 0 0 327.5 0 0 0 0 209.9 0 1051.5 0 224.7 586.1 0 0 1096.1 0 0 0 971.1 377.6 0 0
0 8 4 7 29 11 5 12 28 24
0 0 0 0 233.2 696.2 0 1019.5 385.6 0 0 780.1 988.8 0 0 0 0 0 0 0 0 0 0 0 184.3 0 0 0 562.9 226.4
**********2024-01-20 00:15:31**********
170432.015 170450.42 0.011 -25448.817 -21399.855 
0 1
0 5077.0 0 0 0 0 0 0 0 0 0 0 0 0 0 0 0 0 0 0 0 0 0 0 0 0 0 0 0 0
0 13 15 17 23 25 3 21
0 0 0 1315.8 0 0 0 0 0 0 0 0 0 537.3 0 707.3 0 684.8 0 0 0 861.1 0 461.9 0 508.8 0 0 0 0
0 20 10 2
0 0 3964.9 0 0 0 0 0 0 0 666.9 0 0 0 0 0 0 0 0 0 445.3 0 0 0 0 0 0 0 0 0
0 16 6 14 9 19 27 22 26 18
0 0 0 0 0 0 232.5 0 0 327.5 0 0 0 0 209.9 0 1051.5 0 224.7 586.1 0 0 1096.1 0 0 0 971.1 377.6 0 0
0 8 4 7 29 11 5 12 28 24
0 0 0 0 233.2 696.2 0 1019.5 385.6 0 0 780.1 988.8 0 0 0 0 0 0 0 0 0 0 0 184.3 0 0 0 562.9 226.4
**********2024-01-20 00:28:58**********
170432.015 170450.42 0.011 -25448.817 -20593.473 
0 1
0 5077.0 0 0 0 0 0 0 0 0 0 0 0 0 0 0 0 0 0 0 0 0 0 0 0 0 0 0 0 0
0 13 15 17 23 25 3 21
0 0 0 1315.8 0 0 0 0 0 0 0 0 0 537.3 0 707.3 0 684.8 0 0 0 861.1 0 461.9 0 508.8 0 0 0 0
0 20 10 2
0 0 3964.9 0 0 0 0 0 0 0 666.9 0 0 0 0 0 0 0 0 0 445.3 0 0 0 0 0 0 0 0 0
0 16 6 14 9 19 27 22 26 18
0 0 0 0 0 0 232.5 0 0 327.5 0 0 0 0 209.9 0 1051.5 0 224.7 586.1 0 0 1096.1 0 0 0 971.1 377.6 0 0
0 8 4 7 29 11 5 12 28 24
0 0 0 0 233.2 696.2 0 1019.5 385.6 0 0 780.1 988.8 0 0 0 0 0 0 0 0 0 0 0 184.3 0 0 0 562.9 226.4
**********2024-01-20 00:33:17**********
170432.015 170450.42 0.011 -25448.817 -20334.069 
0 1
0 5077.0 0 0 0 0 0 0 0 0 0 0 0 0 0 0 0 0 0 0 0 0 0 0 0 0 0 0 0 0
0 13 15 17 23 25 3 21
0 0 0 1315.8 0 0 0 0 0 0 0 0 0 537.3 0 707.3 0 684.8 0 0 0 861.1 0 461.9 0 508.8 0 0 0 0
0 20 10 2
0 0 3964.9 0 0 0 0 0 0 0 666.9 0 0 0 0 0 0 0 0 0 445.3 0 0 0 0 0 0 0 0 0
0 16 6 14 9 19 27 22 26 18
0 0 0 0 0 0 232.5 0 0 327.5 0 0 0 0 209.9 0 1051.5 0 224.7 586.1 0 0 1096.1 0 0 0 971.1 377.6 0 0
0 8 4 7 29 11 5 12 28 24
0 0 0 0 233.2 696.2 0 1019.5 385.6 0 0 780.1 988.8 0 0 0 0 0 0 0 0 0 0 0 184.3 0 0 0 562.9 226.4
**********2024-01-20 00:38:57**********
170432.015 170450.42 0.011 -25448.817 -19994.694 
0 1
0 5077.0 0 0 0 0 0 0 0 0 0 0 0 0 0 0 0 0 0 0 0 0 0 0 0 0 0 0 0 0
0 13 15 17 23 25 3 21
0 0 0 1315.8 0 0 0 0 0 0 0 0 0 537.3 0 707.3 0 684.8 0 0 0 861.1 0 461.9 0 508.8 0 0 0 0
0 20 10 2
0 0 3964.9 0 0 0 0 0 0 0 666.9 0 0 0 0 0 0 0 0 0 445.3 0 0 0 0 0 0 0 0 0
0 16 6 14 9 19 27 22 26 18
0 0 0 0 0 0 232.5 0 0 327.5 0 0 0 0 209.9 0 1051.5 0 224.7 586.1 0 0 1096.1 0 0 0 971.1 377.6 0 0
0 8 4 7 29 11 5 12 28 24
0 0 0 0 233.2 696.2 0 1019.5 385.6 0 0 780.1 988.8 0 0 0 0 0 0 0 0 0 0 0 184.3 0 0 0 562.9 226.4
**********2024-01-20 00:46:41**********
170432.015 170450.42 0.011 -25448.817 -19530.007 
0 1
0 5077.0 0 0 0 0 0 0 0 0 0 0 0 0 0 0 0 0 0 0 0 0 0 0 0 0 0 0 0 0
0 13 15 17 23 25 3 21
0 0 0 1315.8 0 0 0 0 0 0 0 0 0 537.3 0 707.3 0 684.8 0 0 0 861.1 0 461.9 0 508.8 0 0 0 0
0 20 10 2
0 0 3964.9 0 0 0 0 0 0 0 666.9 0 0 0 0 0 0 0 0 0 445.3 0 0 0 0 0 0 0 0 0
0 16 6 14 9 19 27 22 26 18
0 0 0 0 0 0 232.5 0 0 327.5 0 0 0 0 209.9 0 1051.5 0 224.7 586.1 0 0 1096.1 0 0 0 971.1 377.6 0 0
0 8 4 7 29 11 5 12 28 24
0 0 0 0 233.2 696.2 0 1019.5 385.6 0 0 780.1 988.8 0 0 0 0 0 0 0 0 0 0 0 184.3 0 0 0 562.9 226.4
**********2024-01-20 00:50:21**********
170432.015 170450.42 0.011 -25448.817 -19310.083 
0 1
0 5077.0 0 0 0 0 0 0 0 0 0 0 0 0 0 0 0 0 0 0 0 0 0 0 0 0 0 0 0 0
0 13 15 17 23 25 3 21
0 0 0 1315.8 0 0 0 0 0 0 0 0 0 537.3 0 707.3 0 684.8 0 0 0 861.1 0 461.9 0 508.8 0 0 0 0
0 20 10 2
0 0 3964.9 0 0 0 0 0 0 0 666.9 0 0 0 0 0 0 0 0 0 445.3 0 0 0 0 0 0 0 0 0
0 16 6 14 9 19 27 22 26 18
0 0 0 0 0 0 232.5 0 0 327.5 0 0 0 0 209.9 0 1051.5 0 224.7 586.1 0 0 1096.1 0 0 0 971.1 377.6 0 0
0 8 4 7 29 11 5 12 28 24
0 0 0 0 233.2 696.2 0 1019.5 385.6 0 0 780.1 988.8 0 0 0 0 0 0 0 0 0 0 0 184.3 0 0 0 562.9 226.4
**********2024-01-20 00:55:04**********
170432.015 170450.42 0.011 -25448.817 -19027.189 
0 1
0 5077.0 0 0 0 0 0 0 0 0 0 0 0 0 0 0 0 0 0 0 0 0 0 0 0 0 0 0 0 0
0 13 15 17 23 25 3 21
0 0 0 1315.8 0 0 0 0 0 0 0 0 0 537.3 0 707.3 0 684.8 0 0 0 861.1 0 461.9 0 508.8 0 0 0 0
0 20 10 2
0 0 3964.9 0 0 0 0 0 0 0 666.9 0 0 0 0 0 0 0 0 0 445.3 0 0 0 0 0 0 0 0 0
0 16 6 14 9 19 27 22 26 18
0 0 0 0 0 0 232.5 0 0 327.5 0 0 0 0 209.9 0 1051.5 0 224.7 586.1 0 0 1096.1 0 0 0 971.1 377.6 0 0
0 8 4 7 29 11 5 12 28 24
0 0 0 0 233.2 696.2 0 1019.5 385.6 0 0 780.1 988.8 0 0 0 0 0 0 0 0 0 0 0 184.3 0 0 0 562.9 226.4
**********2024-01-20 00:59:58**********
170432.015 170450.42 0.011 -25448.817 -18732.745 
0 1
0 5077.0 0 0 0 0 0 0 0 0 0 0 0 0 0 0 0 0 0 0 0 0 0 0 0 0 0 0 0 0
0 13 15 17 23 25 3 21
0 0 0 1315.8 0 0 0 0 0 0 0 0 0 537.3 0 707.3 0 684.8 0 0 0 861.1 0 461.9 0 508.8 0 0 0 0
0 20 10 2
0 0 3964.9 0 0 0 0 0 0 0 666.9 0 0 0 0 0 0 0 0 0 445.3 0 0 0 0 0 0 0 0 0
0 16 6 14 9 19 27 22 26 18
0 0 0 0 0 0 232.5 0 0 327.5 0 0 0 0 209.9 0 1051.5 0 224.7 586.1 0 0 1096.1 0 0 0 971.1 377.6 0 0
0 8 4 7 29 11 5 12 28 24
0 0 0 0 233.2 696.2 0 1019.5 385.6 0 0 780.1 988.8 0 0 0 0 0 0 0 0 0 0 0 184.3 0 0 0 562.9 226.4
**********2024-01-20 01:05:39**********
170432.015 170450.42 0.011 -25448.817 -18392.103 
0 1
0 5077.0 0 0 0 0 0 0 0 0 0 0 0 0 0 0 0 0 0 0 0 0 0 0 0 0 0 0 0 0
0 13 15 17 23 25 3 21
0 0 0 1315.8 0 0 0 0 0 0 0 0 0 537.3 0 707.3 0 684.8 0 0 0 861.1 0 461.9 0 508.8 0 0 0 0
0 20 10 2
0 0 3964.9 0 0 0 0 0 0 0 666.9 0 0 0 0 0 0 0 0 0 445.3 0 0 0 0 0 0 0 0 0
0 16 6 14 9 19 27 22 26 18
0 0 0 0 0 0 232.5 0 0 327.5 0 0 0 0 209.9 0 1051.5 0 224.7 586.1 0 0 1096.1 0 0 0 971.1 377.6 0 0
0 8 4 7 29 11 5 12 28 24
0 0 0 0 233.2 696.2 0 1019.5 385.6 0 0 780.1 988.8 0 0 0 0 0 0 0 0 0 0 0 184.3 0 0 0 562.9 226.4
**********2024-01-20 01:11:20**********
170432.019 170449.457 0.01 -18050.76 -18050.76 
0 21 2 4
0 0 3975.0 0 233.3 0 0 0 0 0 0 0 0 0 0 0 0 0 0 0 0 868.7 0 0 0 0 0 0 0 0
0 1
0 5077.0 0 0 0 0 0 0 0 0 0 0 0 0 0 0 0 0 0 0 0 0 0 0 0 0 0 0 0 0
0 5 20 6 17 13 15 29 11 28 14
0 0 0 0 0 693.0 232.1 0 0 0 0 776.5 0 539.2 209.4 709.8 0 687.3 0 0 444.1 0 0 0 0 0 0 0 560.3 225.4
0 9 23 25 3 22 12 8
0 0 0 1318.9 0 0 0 0 383.3 326.4 0 0 983.0 0 0 0 0 0 0 0 0 0 1092.4 463.0 0 510.0 0 0 0 0
0 26 18 24 19 27 10 16 7
0 0 0 0 0 0 0 1016.6 0 0 666.4 0 0 0 0 0 1051.2 0 224.6 586.0 0 0 0 0 183.8 0 970.9 377.5 0 0
**********2024-01-20 01:14:51**********
170432.019 170449.457 0.01 -18050.76 -17840.505 
0 21 2 4
0 0 3975.0 0 233.3 0 0 0 0 0 0 0 0 0 0 0 0 0 0 0 0 868.7 0 0 0 0 0 0 0 0
0 1
0 5077.0 0 0 0 0 0 0 0 0 0 0 0 0 0 0 0 0 0 0 0 0 0 0 0 0 0 0 0 0
0 5 20 6 17 13 15 29 11 28 14
0 0 0 0 0 693.0 232.1 0 0 0 0 776.5 0 539.2 209.4 709.8 0 687.3 0 0 444.1 0 0 0 0 0 0 0 560.3 225.4
0 9 23 25 3 22 12 8
0 0 0 1318.9 0 0 0 0 383.3 326.4 0 0 983.0 0 0 0 0 0 0 0 0 0 1092.4 463.0 0 510.0 0 0 0 0
0 26 18 24 19 27 10 16 7
0 0 0 0 0 0 0 1016.6 0 0 666.4 0 0 0 0 0 1051.2 0 224.6 586.0 0 0 0 0 183.8 0 970.9 377.5 0 0
**********2024-01-20 01:19:12**********
170432.019 170449.457 0.01 -18050.76 -17579.465 
0 21 2 4
0 0 3975.0 0 233.3 0 0 0 0 0 0 0 0 0 0 0 0 0 0 0 0 868.7 0 0 0 0 0 0 0 0
0 1
0 5077.0 0 0 0 0 0 0 0 0 0 0 0 0 0 0 0 0 0 0 0 0 0 0 0 0 0 0 0 0
0 5 20 6 17 13 15 29 11 28 14
0 0 0 0 0 693.0 232.1 0 0 0 0 776.5 0 539.2 209.4 709.8 0 687.3 0 0 444.1 0 0 0 0 0 0 0 560.3 225.4
0 9 23 25 3 22 12 8
0 0 0 1318.9 0 0 0 0 383.3 326.4 0 0 983.0 0 0 0 0 0 0 0 0 0 1092.4 463.0 0 510.0 0 0 0 0
0 26 18 24 19 27 10 16 7
0 0 0 0 0 0 0 1016.6 0 0 666.4 0 0 0 0 0 1051.2 0 224.6 586.0 0 0 0 0 183.8 0 970.9 377.5 0 0
**********2024-01-20 01:23:07**********
170432.019 170449.457 0.01 -18050.76 -17344.676 
0 21 2 4
0 0 3975.0 0 233.3 0 0 0 0 0 0 0 0 0 0 0 0 0 0 0 0 868.7 0 0 0 0 0 0 0 0
0 1
0 5077.0 0 0 0 0 0 0 0 0 0 0 0 0 0 0 0 0 0 0 0 0 0 0 0 0 0 0 0 0
0 5 20 6 17 13 15 29 11 28 14
0 0 0 0 0 693.0 232.1 0 0 0 0 776.5 0 539.2 209.4 709.8 0 687.3 0 0 444.1 0 0 0 0 0 0 0 560.3 225.4
0 9 23 25 3 22 12 8
0 0 0 1318.9 0 0 0 0 383.3 326.4 0 0 983.0 0 0 0 0 0 0 0 0 0 1092.4 463.0 0 510.0 0 0 0 0
0 26 18 24 19 27 10 16 7
0 0 0 0 0 0 0 1016.6 0 0 666.4 0 0 0 0 0 1051.2 0 224.6 586.0 0 0 0 0 183.8 0 970.9 377.5 0 0
**********2024-01-20 01:27:28**********
170432.019 170449.457 0.01 -18050.76 -17083.219 
0 21 2 4
0 0 3975.0 0 233.3 0 0 0 0 0 0 0 0 0 0 0 0 0 0 0 0 868.7 0 0 0 0 0 0 0 0
0 1
0 5077.0 0 0 0 0 0 0 0 0 0 0 0 0 0 0 0 0 0 0 0 0 0 0 0 0 0 0 0 0
0 5 20 6 17 13 15 29 11 28 14
0 0 0 0 0 693.0 232.1 0 0 0 0 776.5 0 539.2 209.4 709.8 0 687.3 0 0 444.1 0 0 0 0 0 0 0 560.3 225.4
0 9 23 25 3 22 12 8
0 0 0 1318.9 0 0 0 0 383.3 326.4 0 0 983.0 0 0 0 0 0 0 0 0 0 1092.4 463.0 0 510.0 0 0 0 0
0 26 18 24 19 27 10 16 7
0 0 0 0 0 0 0 1016.6 0 0 666.4 0 0 0 0 0 1051.2 0 224.6 586.0 0 0 0 0 183.8 0 970.9 377.5 0 0
**********2024-01-20 01:30:57**********
170432.019 170449.457 0.01 -18050.76 -16874.144 
0 21 2 4
0 0 3975.0 0 233.3 0 0 0 0 0 0 0 0 0 0 0 0 0 0 0 0 868.7 0 0 0 0 0 0 0 0
0 1
0 5077.0 0 0 0 0 0 0 0 0 0 0 0 0 0 0 0 0 0 0 0 0 0 0 0 0 0 0 0 0
0 5 20 6 17 13 15 29 11 28 14
0 0 0 0 0 693.0 232.1 0 0 0 0 776.5 0 539.2 209.4 709.8 0 687.3 0 0 444.1 0 0 0 0 0 0 0 560.3 225.4
0 9 23 25 3 22 12 8
0 0 0 1318.9 0 0 0 0 383.3 326.4 0 0 983.0 0 0 0 0 0 0 0 0 0 1092.4 463.0 0 510.0 0 0 0 0
0 26 18 24 19 27 10 16 7
0 0 0 0 0 0 0 1016.6 0 0 666.4 0 0 0 0 0 1051.2 0 224.6 586.0 0 0 0 0 183.8 0 970.9 377.5 0 0
**********2024-01-20 01:34:40**********
170432.019 170449.457 0.01 -18050.76 -16651.491 
0 21 2 4
0 0 3975.0 0 233.3 0 0 0 0 0 0 0 0 0 0 0 0 0 0 0 0 868.7 0 0 0 0 0 0 0 0
0 1
0 5077.0 0 0 0 0 0 0 0 0 0 0 0 0 0 0 0 0 0 0 0 0 0 0 0 0 0 0 0 0
0 5 20 6 17 13 15 29 11 28 14
0 0 0 0 0 693.0 232.1 0 0 0 0 776.5 0 539.2 209.4 709.8 0 687.3 0 0 444.1 0 0 0 0 0 0 0 560.3 225.4
0 9 23 25 3 22 12 8
0 0 0 1318.9 0 0 0 0 383.3 326.4 0 0 983.0 0 0 0 0 0 0 0 0 0 1092.4 463.0 0 510.0 0 0 0 0
0 26 18 24 19 27 10 16 7
0 0 0 0 0 0 0 1016.6 0 0 666.4 0 0 0 0 0 1051.2 0 224.6 586.0 0 0 0 0 183.8 0 970.9 377.5 0 0
**********2024-01-20 01:37:17**********
170432.019 170449.457 0.01 -18050.76 -16494.592 
0 21 2 4
0 0 3975.0 0 233.3 0 0 0 0 0 0 0 0 0 0 0 0 0 0 0 0 868.7 0 0 0 0 0 0 0 0
0 1
0 5077.0 0 0 0 0 0 0 0 0 0 0 0 0 0 0 0 0 0 0 0 0 0 0 0 0 0 0 0 0
0 5 20 6 17 13 15 29 11 28 14
0 0 0 0 0 693.0 232.1 0 0 0 0 776.5 0 539.2 209.4 709.8 0 687.3 0 0 444.1 0 0 0 0 0 0 0 560.3 225.4
0 9 23 25 3 22 12 8
0 0 0 1318.9 0 0 0 0 383.3 326.4 0 0 983.0 0 0 0 0 0 0 0 0 0 1092.4 463.0 0 510.0 0 0 0 0
0 26 18 24 19 27 10 16 7
0 0 0 0 0 0 0 1016.6 0 0 666.4 0 0 0 0 0 1051.2 0 224.6 586.0 0 0 0 0 183.8 0 970.9 377.5 0 0
**********2024-01-20 01:39:35**********
170432.019 170449.457 0.01 -18050.76 -16356.388 
0 21 2 4
0 0 3975.0 0 233.3 0 0 0 0 0 0 0 0 0 0 0 0 0 0 0 0 868.7 0 0 0 0 0 0 0 0
0 1
0 5077.0 0 0 0 0 0 0 0 0 0 0 0 0 0 0 0 0 0 0 0 0 0 0 0 0 0 0 0 0
0 5 20 6 17 13 15 29 11 28 14
0 0 0 0 0 693.0 232.1 0 0 0 0 776.5 0 539.2 209.4 709.8 0 687.3 0 0 444.1 0 0 0 0 0 0 0 560.3 225.4
0 9 23 25 3 22 12 8
0 0 0 1318.9 0 0 0 0 383.3 326.4 0 0 983.0 0 0 0 0 0 0 0 0 0 1092.4 463.0 0 510.0 0 0 0 0
0 26 18 24 19 27 10 16 7
0 0 0 0 0 0 0 1016.6 0 0 666.4 0 0 0 0 0 1051.2 0 224.6 586.0 0 0 0 0 183.8 0 970.9 377.5 0 0
**********2024-01-20 01:43:33**********
170432.019 170449.457 0.01 -18050.76 -16117.881 
0 21 2 4
0 0 3975.0 0 233.3 0 0 0 0 0 0 0 0 0 0 0 0 0 0 0 0 868.7 0 0 0 0 0 0 0 0
0 1
0 5077.0 0 0 0 0 0 0 0 0 0 0 0 0 0 0 0 0 0 0 0 0 0 0 0 0 0 0 0 0
0 5 20 6 17 13 15 29 11 28 14
0 0 0 0 0 693.0 232.1 0 0 0 0 776.5 0 539.2 209.4 709.8 0 687.3 0 0 444.1 0 0 0 0 0 0 0 560.3 225.4
0 9 23 25 3 22 12 8
0 0 0 1318.9 0 0 0 0 383.3 326.4 0 0 983.0 0 0 0 0 0 0 0 0 0 1092.4 463.0 0 510.0 0 0 0 0
0 26 18 24 19 27 10 16 7
0 0 0 0 0 0 0 1016.6 0 0 666.4 0 0 0 0 0 1051.2 0 224.6 586.0 0 0 0 0 183.8 0 970.9 377.5 0 0
**********2024-01-20 01:47:57**********
170432.019 170449.457 0.01 -18050.76 -15854.43 
0 21 2 4
0 0 3975.0 0 233.3 0 0 0 0 0 0 0 0 0 0 0 0 0 0 0 0 868.7 0 0 0 0 0 0 0 0
0 1
0 5077.0 0 0 0 0 0 0 0 0 0 0 0 0 0 0 0 0 0 0 0 0 0 0 0 0 0 0 0 0
0 5 20 6 17 13 15 29 11 28 14
0 0 0 0 0 693.0 232.1 0 0 0 0 776.5 0 539.2 209.4 709.8 0 687.3 0 0 444.1 0 0 0 0 0 0 0 560.3 225.4
0 9 23 25 3 22 12 8
0 0 0 1318.9 0 0 0 0 383.3 326.4 0 0 983.0 0 0 0 0 0 0 0 0 0 1092.4 463.0 0 510.0 0 0 0 0
0 26 18 24 19 27 10 16 7
0 0 0 0 0 0 0 1016.6 0 0 666.4 0 0 0 0 0 1051.2 0 224.6 586.0 0 0 0 0 183.8 0 970.9 377.5 0 0
**********2024-01-20 01:53:23**********
170432.019 170449.457 0.01 -18050.76 -15528.081 
0 21 2 4
0 0 3975.0 0 233.3 0 0 0 0 0 0 0 0 0 0 0 0 0 0 0 0 868.7 0 0 0 0 0 0 0 0
0 1
0 5077.0 0 0 0 0 0 0 0 0 0 0 0 0 0 0 0 0 0 0 0 0 0 0 0 0 0 0 0 0
0 5 20 6 17 13 15 29 11 28 14
0 0 0 0 0 693.0 232.1 0 0 0 0 776.5 0 539.2 209.4 709.8 0 687.3 0 0 444.1 0 0 0 0 0 0 0 560.3 225.4
0 9 23 25 3 22 12 8
0 0 0 1318.9 0 0 0 0 383.3 326.4 0 0 983.0 0 0 0 0 0 0 0 0 0 1092.4 463.0 0 510.0 0 0 0 0
0 26 18 24 19 27 10 16 7
0 0 0 0 0 0 0 1016.6 0 0 666.4 0 0 0 0 0 1051.2 0 224.6 586.0 0 0 0 0 183.8 0 970.9 377.5 0 0
**********2024-01-20 01:58:00**********
170432.019 170449.027 0.01 -15251.682 -15251.681 
0 1
0 5077.0 0 0 0 0 0 0 0 0 0 0 0 0 0 0 0 0 0 0 0 0 0 0 0 0 0 0 0 0
0 5 20 6 17 13 15 29 11 28 14
0 0 0 0 0 693.0 232.1 0 0 0 0 776.5 0 539.2 209.4 709.8 0 687.3 0 0 444.1 0 0 0 0 0 0 0 560.3 225.4
0 9 23 25 3 22 12 8
0 0 0 1318.9 0 0 0 0 383.3 326.4 0 0 983.0 0 0 0 0 0 0 0 0 0 1092.4 463.0 0 510.0 0 0 0 0
0 26 18 24 19 27 10 16 7
0 0 0 0 0 0 0 1016.6 0 0 666.4 0 0 0 0 0 1051.2 0 224.6 586.0 0 0 0 0 183.8 0 970.9 377.5 0 0
0 4 2 21
0 0 3975.0 0 233.3 0 0 0 0 0 0 0 0 0 0 0 0 0 0 0 0 868.7 0 0 0 0 0 0 0 0
**********2024-01-20 02:04:04**********
170432.019 170449.027 0.01 -15251.682 -14886.73 
0 1
0 5077.0 0 0 0 0 0 0 0 0 0 0 0 0 0 0 0 0 0 0 0 0 0 0 0 0 0 0 0 0
0 5 20 6 17 13 15 29 11 28 14
0 0 0 0 0 693.0 232.1 0 0 0 0 776.5 0 539.2 209.4 709.8 0 687.3 0 0 444.1 0 0 0 0 0 0 0 560.3 225.4
0 9 23 25 3 22 12 8
0 0 0 1318.9 0 0 0 0 383.3 326.4 0 0 983.0 0 0 0 0 0 0 0 0 0 1092.4 463.0 0 510.0 0 0 0 0
0 26 18 24 19 27 10 16 7
0 0 0 0 0 0 0 1016.6 0 0 666.4 0 0 0 0 0 1051.2 0 224.6 586.0 0 0 0 0 183.8 0 970.9 377.5 0 0
0 4 2 21
0 0 3975.0 0 233.3 0 0 0 0 0 0 0 0 0 0 0 0 0 0 0 0 868.7 0 0 0 0 0 0 0 0
**********2024-01-20 02:10:07**********
170432.02 170449.027 0.01 -15251.682 -14524.324 
0 1
0 5077.0 0 0 0 0 0 0 0 0 0 0 0 0 0 0 0 0 0 0 0 0 0 0 0 0 0 0 0 0
0 5 20 6 17 13 15 29 11 28 14
0 0 0 0 0 693.0 232.1 0 0 0 0 776.5 0 539.2 209.4 709.8 0 687.3 0 0 444.1 0 0 0 0 0 0 0 560.3 225.4
0 9 23 25 3 22 12 8
0 0 0 1318.9 0 0 0 0 383.3 326.4 0 0 983.0 0 0 0 0 0 0 0 0 0 1092.4 463.0 0 510.0 0 0 0 0
0 26 18 24 19 27 10 16 7
0 0 0 0 0 0 0 1016.6 0 0 666.4 0 0 0 0 0 1051.2 0 224.6 586.0 0 0 0 0 183.8 0 970.9 377.5 0 0
0 4 2 21
0 0 3975.0 0 233.3 0 0 0 0 0 0 0 0 0 0 0 0 0 0 0 0 868.7 0 0 0 0 0 0 0 0
**********2024-01-20 02:15:21**********
170432.02 170449.027 0.01 -15251.682 -14210.365 
0 1
0 5077.0 0 0 0 0 0 0 0 0 0 0 0 0 0 0 0 0 0 0 0 0 0 0 0 0 0 0 0 0
0 5 20 6 17 13 15 29 11 28 14
0 0 0 0 0 693.0 232.1 0 0 0 0 776.5 0 539.2 209.4 709.8 0 687.3 0 0 444.1 0 0 0 0 0 0 0 560.3 225.4
0 9 23 25 3 22 12 8
0 0 0 1318.9 0 0 0 0 383.3 326.4 0 0 983.0 0 0 0 0 0 0 0 0 0 1092.4 463.0 0 510.0 0 0 0 0
0 26 18 24 19 27 10 16 7
0 0 0 0 0 0 0 1016.6 0 0 666.4 0 0 0 0 0 1051.2 0 224.6 586.0 0 0 0 0 183.8 0 970.9 377.5 0 0
0 4 2 21
0 0 3975.0 0 233.3 0 0 0 0 0 0 0 0 0 0 0 0 0 0 0 0 868.7 0 0 0 0 0 0 0 0
**********2024-01-20 02:20:47**********
170432.02 170449.027 0.01 -15251.682 -13884.679 
0 1
0 5077.0 0 0 0 0 0 0 0 0 0 0 0 0 0 0 0 0 0 0 0 0 0 0 0 0 0 0 0 0
0 5 20 6 17 13 15 29 11 28 14
0 0 0 0 0 693.0 232.1 0 0 0 0 776.5 0 539.2 209.4 709.8 0 687.3 0 0 444.1 0 0 0 0 0 0 0 560.3 225.4
0 9 23 25 3 22 12 8
0 0 0 1318.9 0 0 0 0 383.3 326.4 0 0 983.0 0 0 0 0 0 0 0 0 0 1092.4 463.0 0 510.0 0 0 0 0
0 26 18 24 19 27 10 16 7
0 0 0 0 0 0 0 1016.6 0 0 666.4 0 0 0 0 0 1051.2 0 224.6 586.0 0 0 0 0 183.8 0 970.9 377.5 0 0
0 4 2 21
0 0 3975.0 0 233.3 0 0 0 0 0 0 0 0 0 0 0 0 0 0 0 0 868.7 0 0 0 0 0 0 0 0
**********2024-01-20 02:24:15**********
170432.02 170449.027 0.01 -15251.682 -13676.298 
0 1
0 5077.0 0 0 0 0 0 0 0 0 0 0 0 0 0 0 0 0 0 0 0 0 0 0 0 0 0 0 0 0
0 5 20 6 17 13 15 29 11 28 14
0 0 0 0 0 693.0 232.1 0 0 0 0 776.5 0 539.2 209.4 709.8 0 687.3 0 0 444.1 0 0 0 0 0 0 0 560.3 225.4
0 9 23 25 3 22 12 8
0 0 0 1318.9 0 0 0 0 383.3 326.4 0 0 983.0 0 0 0 0 0 0 0 0 0 1092.4 463.0 0 510.0 0 0 0 0
0 26 18 24 19 27 10 16 7
0 0 0 0 0 0 0 1016.6 0 0 666.4 0 0 0 0 0 1051.2 0 224.6 586.0 0 0 0 0 183.8 0 970.9 377.5 0 0
0 4 2 21
0 0 3975.0 0 233.3 0 0 0 0 0 0 0 0 0 0 0 0 0 0 0 0 868.7 0 0 0 0 0 0 0 0
**********2024-01-20 02:29:53**********
170432.02 170449.027 0.01 -15251.682 -13338.227 
0 1
0 5077.0 0 0 0 0 0 0 0 0 0 0 0 0 0 0 0 0 0 0 0 0 0 0 0 0 0 0 0 0
0 5 20 6 17 13 15 29 11 28 14
0 0 0 0 0 693.0 232.1 0 0 0 0 776.5 0 539.2 209.4 709.8 0 687.3 0 0 444.1 0 0 0 0 0 0 0 560.3 225.4
0 9 23 25 3 22 12 8
0 0 0 1318.9 0 0 0 0 383.3 326.4 0 0 983.0 0 0 0 0 0 0 0 0 0 1092.4 463.0 0 510.0 0 0 0 0
0 26 18 24 19 27 10 16 7
0 0 0 0 0 0 0 1016.6 0 0 666.4 0 0 0 0 0 1051.2 0 224.6 586.0 0 0 0 0 183.8 0 970.9 377.5 0 0
0 4 2 21
0 0 3975.0 0 233.3 0 0 0 0 0 0 0 0 0 0 0 0 0 0 0 0 868.7 0 0 0 0 0 0 0 0
**********2024-01-20 02:37:00**********
170432.02 170449.027 0.01 -15251.682 -12911.392 
0 1
0 5077.0 0 0 0 0 0 0 0 0 0 0 0 0 0 0 0 0 0 0 0 0 0 0 0 0 0 0 0 0
0 5 20 6 17 13 15 29 11 28 14
0 0 0 0 0 693.0 232.1 0 0 0 0 776.5 0 539.2 209.4 709.8 0 687.3 0 0 444.1 0 0 0 0 0 0 0 560.3 225.4
0 9 23 25 3 22 12 8
0 0 0 1318.9 0 0 0 0 383.3 326.4 0 0 983.0 0 0 0 0 0 0 0 0 0 1092.4 463.0 0 510.0 0 0 0 0
0 26 18 24 19 27 10 16 7
0 0 0 0 0 0 0 1016.6 0 0 666.4 0 0 0 0 0 1051.2 0 224.6 586.0 0 0 0 0 183.8 0 970.9 377.5 0 0
0 4 2 21
0 0 3975.0 0 233.3 0 0 0 0 0 0 0 0 0 0 0 0 0 0 0 0 868.7 0 0 0 0 0 0 0 0
**********2024-01-20 02:42:23**********
170432.02 170449.027 0.01 -15251.682 -12587.952 
0 1
0 5077.0 0 0 0 0 0 0 0 0 0 0 0 0 0 0 0 0 0 0 0 0 0 0 0 0 0 0 0 0
0 5 20 6 17 13 15 29 11 28 14
0 0 0 0 0 693.0 232.1 0 0 0 0 776.5 0 539.2 209.4 709.8 0 687.3 0 0 444.1 0 0 0 0 0 0 0 560.3 225.4
0 9 23 25 3 22 12 8
0 0 0 1318.9 0 0 0 0 383.3 326.4 0 0 983.0 0 0 0 0 0 0 0 0 0 1092.4 463.0 0 510.0 0 0 0 0
0 26 18 24 19 27 10 16 7
0 0 0 0 0 0 0 1016.6 0 0 666.4 0 0 0 0 0 1051.2 0 224.6 586.0 0 0 0 0 183.8 0 970.9 377.5 0 0
0 4 2 21
0 0 3975.0 0 233.3 0 0 0 0 0 0 0 0 0 0 0 0 0 0 0 0 868.7 0 0 0 0 0 0 0 0
**********2024-01-20 02:54:08**********
170432.02 170449.027 0.01 -15251.682 -11882.753 
0 1
0 5077.0 0 0 0 0 0 0 0 0 0 0 0 0 0 0 0 0 0 0 0 0 0 0 0 0 0 0 0 0
0 5 20 6 17 13 15 29 11 28 14
0 0 0 0 0 693.0 232.1 0 0 0 0 776.5 0 539.2 209.4 709.8 0 687.3 0 0 444.1 0 0 0 0 0 0 0 560.3 225.4
0 9 23 25 3 22 12 8
0 0 0 1318.9 0 0 0 0 383.3 326.4 0 0 983.0 0 0 0 0 0 0 0 0 0 1092.4 463.0 0 510.0 0 0 0 0
0 26 18 24 19 27 10 16 7
0 0 0 0 0 0 0 1016.6 0 0 666.4 0 0 0 0 0 1051.2 0 224.6 586.0 0 0 0 0 183.8 0 970.9 377.5 0 0
0 4 2 21
0 0 3975.0 0 233.3 0 0 0 0 0 0 0 0 0 0 0 0 0 0 0 0 868.7 0 0 0 0 0 0 0 0
**********2024-01-20 02:57:52**********
170432.02 170449.027 0.01 -15251.682 -11659.178 
0 1
0 5077.0 0 0 0 0 0 0 0 0 0 0 0 0 0 0 0 0 0 0 0 0 0 0 0 0 0 0 0 0
0 5 20 6 17 13 15 29 11 28 14
0 0 0 0 0 693.0 232.1 0 0 0 0 776.5 0 539.2 209.4 709.8 0 687.3 0 0 444.1 0 0 0 0 0 0 0 560.3 225.4
0 9 23 25 3 22 12 8
0 0 0 1318.9 0 0 0 0 383.3 326.4 0 0 983.0 0 0 0 0 0 0 0 0 0 1092.4 463.0 0 510.0 0 0 0 0
0 26 18 24 19 27 10 16 7
0 0 0 0 0 0 0 1016.6 0 0 666.4 0 0 0 0 0 1051.2 0 224.6 586.0 0 0 0 0 183.8 0 970.9 377.5 0 0
0 4 2 21
0 0 3975.0 0 233.3 0 0 0 0 0 0 0 0 0 0 0 0 0 0 0 0 868.7 0 0 0 0 0 0 0 0
**********2024-01-20 03:00:54**********
170432.02 170449.027 0.01 -15251.682 -11477.559 
0 1
0 5077.0 0 0 0 0 0 0 0 0 0 0 0 0 0 0 0 0 0 0 0 0 0 0 0 0 0 0 0 0
0 5 20 6 17 13 15 29 11 28 14
0 0 0 0 0 693.0 232.1 0 0 0 0 776.5 0 539.2 209.4 709.8 0 687.3 0 0 444.1 0 0 0 0 0 0 0 560.3 225.4
0 9 23 25 3 22 12 8
0 0 0 1318.9 0 0 0 0 383.3 326.4 0 0 983.0 0 0 0 0 0 0 0 0 0 1092.4 463.0 0 510.0 0 0 0 0
0 26 18 24 19 27 10 16 7
0 0 0 0 0 0 0 1016.6 0 0 666.4 0 0 0 0 0 1051.2 0 224.6 586.0 0 0 0 0 183.8 0 970.9 377.5 0 0
0 4 2 21
0 0 3975.0 0 233.3 0 0 0 0 0 0 0 0 0 0 0 0 0 0 0 0 868.7 0 0 0 0 0 0 0 0
**********2024-01-20 03:03:53**********
170432.02 170449.027 0.01 -15251.682 -11298.241 
0 1
0 5077.0 0 0 0 0 0 0 0 0 0 0 0 0 0 0 0 0 0 0 0 0 0 0 0 0 0 0 0 0
0 5 20 6 17 13 15 29 11 28 14
0 0 0 0 0 693.0 232.1 0 0 0 0 776.5 0 539.2 209.4 709.8 0 687.3 0 0 444.1 0 0 0 0 0 0 0 560.3 225.4
0 9 23 25 3 22 12 8
0 0 0 1318.9 0 0 0 0 383.3 326.4 0 0 983.0 0 0 0 0 0 0 0 0 0 1092.4 463.0 0 510.0 0 0 0 0
0 26 18 24 19 27 10 16 7
0 0 0 0 0 0 0 1016.6 0 0 666.4 0 0 0 0 0 1051.2 0 224.6 586.0 0 0 0 0 183.8 0 970.9 377.5 0 0
0 4 2 21
0 0 3975.0 0 233.3 0 0 0 0 0 0 0 0 0 0 0 0 0 0 0 0 868.7 0 0 0 0 0 0 0 0
**********2024-01-20 03:07:00**********
170432.02 170449.027 0.01 -15251.682 -11111.025 
0 1
0 5077.0 0 0 0 0 0 0 0 0 0 0 0 0 0 0 0 0 0 0 0 0 0 0 0 0 0 0 0 0
0 5 20 6 17 13 15 29 11 28 14
0 0 0 0 0 693.0 232.1 0 0 0 0 776.5 0 539.2 209.4 709.8 0 687.3 0 0 444.1 0 0 0 0 0 0 0 560.3 225.4
0 9 23 25 3 22 12 8
0 0 0 1318.9 0 0 0 0 383.3 326.4 0 0 983.0 0 0 0 0 0 0 0 0 0 1092.4 463.0 0 510.0 0 0 0 0
0 26 18 24 19 27 10 16 7
0 0 0 0 0 0 0 1016.6 0 0 666.4 0 0 0 0 0 1051.2 0 224.6 586.0 0 0 0 0 183.8 0 970.9 377.5 0 0
0 4 2 21
0 0 3975.0 0 233.3 0 0 0 0 0 0 0 0 0 0 0 0 0 0 0 0 868.7 0 0 0 0 0 0 0 0
**********2024-01-20 03:10:54**********
170432.02 170449.027 0.01 -15251.682 -10877.623 
0 1
0 5077.0 0 0 0 0 0 0 0 0 0 0 0 0 0 0 0 0 0 0 0 0 0 0 0 0 0 0 0 0
0 5 20 6 17 13 15 29 11 28 14
0 0 0 0 0 693.0 232.1 0 0 0 0 776.5 0 539.2 209.4 709.8 0 687.3 0 0 444.1 0 0 0 0 0 0 0 560.3 225.4
0 9 23 25 3 22 12 8
0 0 0 1318.9 0 0 0 0 383.3 326.4 0 0 983.0 0 0 0 0 0 0 0 0 0 1092.4 463.0 0 510.0 0 0 0 0
0 26 18 24 19 27 10 16 7
0 0 0 0 0 0 0 1016.6 0 0 666.4 0 0 0 0 0 1051.2 0 224.6 586.0 0 0 0 0 183.8 0 970.9 377.5 0 0
0 4 2 21
0 0 3975.0 0 233.3 0 0 0 0 0 0 0 0 0 0 0 0 0 0 0 0 868.7 0 0 0 0 0 0 0 0
**********2024-01-20 03:14:38**********
170432.02 170449.027 0.01 -15251.682 -10653.641 
0 1
0 5077.0 0 0 0 0 0 0 0 0 0 0 0 0 0 0 0 0 0 0 0 0 0 0 0 0 0 0 0 0
0 5 20 6 17 13 15 29 11 28 14
0 0 0 0 0 693.0 232.1 0 0 0 0 776.5 0 539.2 209.4 709.8 0 687.3 0 0 444.1 0 0 0 0 0 0 0 560.3 225.4
0 9 23 25 3 22 12 8
0 0 0 1318.9 0 0 0 0 383.3 326.4 0 0 983.0 0 0 0 0 0 0 0 0 0 1092.4 463.0 0 510.0 0 0 0 0
0 26 18 24 19 27 10 16 7
0 0 0 0 0 0 0 1016.6 0 0 666.4 0 0 0 0 0 1051.2 0 224.6 586.0 0 0 0 0 183.8 0 970.9 377.5 0 0
0 4 2 21
0 0 3975.0 0 233.3 0 0 0 0 0 0 0 0 0 0 0 0 0 0 0 0 868.7 0 0 0 0 0 0 0 0
**********2024-01-20 03:17:19**********
170432.02 170448.348 0.01 -10491.986 -10491.986 
0 1
0 5077.0 0 0 0 0 0 0 0 0 0 0 0 0 0 0 0 0 0 0 0 0 0 0 0 0 0 0 0 0
0 3 10 13 15 21 26
0 0 0 1322.9 0 0 0 0 0 0 666.3 0 0 540.2 0 711.1 0 0 0 0 0 865.7 0 0 0 0 970.8 0 0 0
0 9 19 27 11 16 7 6 17
0 0 0 0 0 0 233.4 1020.5 0 328.6 0 780.9 0 0 0 0 1055.2 691.2 0 588.2 0 0 0 0 0 0 0 379.0 0 0
0 18 8 25 2
0 0 3957.5 0 0 0 0 0 384.1 0 0 0 0 0 0 0 0 0 224.4 0 0 0 0 0 0 511.0 0 0 0 0
0 22 4 28 24 5 20 23 29 12 14
0 0 0 0 231.5 691.3 0 0 0 0 0 0 981.9 0 208.9 0 0 0 0 0 443.0 0 1091.1 462.4 183.0 0 0 0 559.0 224.8
**********2024-01-20 03:18:48**********
170432.02 170448.348 0.01 -10491.986 -10403.068 
0 1
0 5077.0 0 0 0 0 0 0 0 0 0 0 0 0 0 0 0 0 0 0 0 0 0 0 0 0 0 0 0 0
0 3 10 13 15 21 26
0 0 0 1322.9 0 0 0 0 0 0 666.3 0 0 540.2 0 711.1 0 0 0 0 0 865.7 0 0 0 0 970.8 0 0 0
0 9 19 27 11 16 7 6 17
0 0 0 0 0 0 233.4 1020.5 0 328.6 0 780.9 0 0 0 0 1055.2 691.2 0 588.2 0 0 0 0 0 0 0 379.0 0 0
0 18 8 25 2
0 0 3957.5 0 0 0 0 0 384.1 0 0 0 0 0 0 0 0 0 224.4 0 0 0 0 0 0 511.0 0 0 0 0
0 22 4 28 24 5 20 23 29 12 14
0 0 0 0 231.5 691.3 0 0 0 0 0 0 981.9 0 208.9 0 0 0 0 0 443.0 0 1091.1 462.4 183.0 0 0 0 559.0 224.8
**********2024-01-20 03:22:36**********
170432.02 170448.348 0.01 -10491.986 -10175.63 
0 1
0 5077.0 0 0 0 0 0 0 0 0 0 0 0 0 0 0 0 0 0 0 0 0 0 0 0 0 0 0 0 0
0 3 10 13 15 21 26
0 0 0 1322.9 0 0 0 0 0 0 666.3 0 0 540.2 0 711.1 0 0 0 0 0 865.7 0 0 0 0 970.8 0 0 0
0 9 19 27 11 16 7 6 17
0 0 0 0 0 0 233.4 1020.5 0 328.6 0 780.9 0 0 0 0 1055.2 691.2 0 588.2 0 0 0 0 0 0 0 379.0 0 0
0 18 8 25 2
0 0 3957.5 0 0 0 0 0 384.1 0 0 0 0 0 0 0 0 0 224.4 0 0 0 0 0 0 511.0 0 0 0 0
0 22 4 28 24 5 20 23 29 12 14
0 0 0 0 231.5 691.3 0 0 0 0 0 0 981.9 0 208.9 0 0 0 0 0 443.0 0 1091.1 462.4 183.0 0 0 0 559.0 224.8
**********2024-01-20 03:29:45**********
170432.02 170448.348 0.01 -10491.986 -9746.618 
0 1
0 5077.0 0 0 0 0 0 0 0 0 0 0 0 0 0 0 0 0 0 0 0 0 0 0 0 0 0 0 0 0
0 3 10 13 15 21 26
0 0 0 1322.9 0 0 0 0 0 0 666.3 0 0 540.2 0 711.1 0 0 0 0 0 865.7 0 0 0 0 970.8 0 0 0
0 9 19 27 11 16 7 6 17
0 0 0 0 0 0 233.4 1020.5 0 328.6 0 780.9 0 0 0 0 1055.2 691.2 0 588.2 0 0 0 0 0 0 0 379.0 0 0
0 18 8 25 2
0 0 3957.5 0 0 0 0 0 384.1 0 0 0 0 0 0 0 0 0 224.4 0 0 0 0 0 0 511.0 0 0 0 0
0 22 4 28 24 5 20 23 29 12 14
0 0 0 0 231.5 691.3 0 0 0 0 0 0 981.9 0 208.9 0 0 0 0 0 443.0 0 1091.1 462.4 183.0 0 0 0 559.0 224.8
**********2024-01-20 03:34:34**********
170432.02 170448.348 0.01 -10491.986 -9457.145 
0 1
0 5077.0 0 0 0 0 0 0 0 0 0 0 0 0 0 0 0 0 0 0 0 0 0 0 0 0 0 0 0 0
0 3 10 13 15 21 26
0 0 0 1322.9 0 0 0 0 0 0 666.3 0 0 540.2 0 711.1 0 0 0 0 0 865.7 0 0 0 0 970.8 0 0 0
0 9 19 27 11 16 7 6 17
0 0 0 0 0 0 233.4 1020.5 0 328.6 0 780.9 0 0 0 0 1055.2 691.2 0 588.2 0 0 0 0 0 0 0 379.0 0 0
0 18 8 25 2
0 0 3957.5 0 0 0 0 0 384.1 0 0 0 0 0 0 0 0 0 224.4 0 0 0 0 0 0 511.0 0 0 0 0
0 22 4 28 24 5 20 23 29 12 14
0 0 0 0 231.5 691.3 0 0 0 0 0 0 981.9 0 208.9 0 0 0 0 0 443.0 0 1091.1 462.4 183.0 0 0 0 559.0 224.8
**********2024-01-20 03:38:58**********
170432.021 170448.348 0.01 -10491.986 -9192.749 
0 1
0 5077.0 0 0 0 0 0 0 0 0 0 0 0 0 0 0 0 0 0 0 0 0 0 0 0 0 0 0 0 0
0 3 10 13 15 21 26
0 0 0 1322.9 0 0 0 0 0 0 666.3 0 0 540.2 0 711.1 0 0 0 0 0 865.7 0 0 0 0 970.8 0 0 0
0 9 19 27 11 16 7 6 17
0 0 0 0 0 0 233.4 1020.5 0 328.6 0 780.9 0 0 0 0 1055.2 691.2 0 588.2 0 0 0 0 0 0 0 379.0 0 0
0 18 8 25 2
0 0 3957.5 0 0 0 0 0 384.1 0 0 0 0 0 0 0 0 0 224.4 0 0 0 0 0 0 511.0 0 0 0 0
0 22 4 28 24 5 20 23 29 12 14
0 0 0 0 231.5 691.3 0 0 0 0 0 0 981.9 0 208.9 0 0 0 0 0 443.0 0 1091.1 462.4 183.0 0 0 0 559.0 224.8
**********2024-01-20 03:43:32**********
170432.021 170448.348 0.01 -10491.986 -8919.267 
0 1
0 5077.0 0 0 0 0 0 0 0 0 0 0 0 0 0 0 0 0 0 0 0 0 0 0 0 0 0 0 0 0
0 3 10 13 15 21 26
0 0 0 1322.9 0 0 0 0 0 0 666.3 0 0 540.2 0 711.1 0 0 0 0 0 865.7 0 0 0 0 970.8 0 0 0
0 9 19 27 11 16 7 6 17
0 0 0 0 0 0 233.4 1020.5 0 328.6 0 780.9 0 0 0 0 1055.2 691.2 0 588.2 0 0 0 0 0 0 0 379.0 0 0
0 18 8 25 2
0 0 3957.5 0 0 0 0 0 384.1 0 0 0 0 0 0 0 0 0 224.4 0 0 0 0 0 0 511.0 0 0 0 0
0 22 4 28 24 5 20 23 29 12 14
0 0 0 0 231.5 691.3 0 0 0 0 0 0 981.9 0 208.9 0 0 0 0 0 443.0 0 1091.1 462.4 183.0 0 0 0 559.0 224.8
**********2024-01-20 03:46:25**********
170432.021 170448.348 0.01 -10491.986 -8746.256 
0 1
0 5077.0 0 0 0 0 0 0 0 0 0 0 0 0 0 0 0 0 0 0 0 0 0 0 0 0 0 0 0 0
0 3 10 13 15 21 26
0 0 0 1322.9 0 0 0 0 0 0 666.3 0 0 540.2 0 711.1 0 0 0 0 0 865.7 0 0 0 0 970.8 0 0 0
0 9 19 27 11 16 7 6 17
0 0 0 0 0 0 233.4 1020.5 0 328.6 0 780.9 0 0 0 0 1055.2 691.2 0 588.2 0 0 0 0 0 0 0 379.0 0 0
0 18 8 25 2
0 0 3957.5 0 0 0 0 0 384.1 0 0 0 0 0 0 0 0 0 224.4 0 0 0 0 0 0 511.0 0 0 0 0
0 22 4 28 24 5 20 23 29 12 14
0 0 0 0 231.5 691.3 0 0 0 0 0 0 981.9 0 208.9 0 0 0 0 0 443.0 0 1091.1 462.4 183.0 0 0 0 559.0 224.8
**********2024-01-20 03:49:30**********
170432.021 170448.348 0.01 -10491.986 -8561.56 
0 1
0 5077.0 0 0 0 0 0 0 0 0 0 0 0 0 0 0 0 0 0 0 0 0 0 0 0 0 0 0 0 0
0 3 10 13 15 21 26
0 0 0 1322.9 0 0 0 0 0 0 666.3 0 0 540.2 0 711.1 0 0 0 0 0 865.7 0 0 0 0 970.8 0 0 0
0 9 19 27 11 16 7 6 17
0 0 0 0 0 0 233.4 1020.5 0 328.6 0 780.9 0 0 0 0 1055.2 691.2 0 588.2 0 0 0 0 0 0 0 379.0 0 0
0 18 8 25 2
0 0 3957.5 0 0 0 0 0 384.1 0 0 0 0 0 0 0 0 0 224.4 0 0 0 0 0 0 511.0 0 0 0 0
0 22 4 28 24 5 20 23 29 12 14
0 0 0 0 231.5 691.3 0 0 0 0 0 0 981.9 0 208.9 0 0 0 0 0 443.0 0 1091.1 462.4 183.0 0 0 0 559.0 224.8
**********2024-01-20 03:53:52**********
170432.021 170448.348 0.01 -10491.986 -8299.175 
0 1
0 5077.0 0 0 0 0 0 0 0 0 0 0 0 0 0 0 0 0 0 0 0 0 0 0 0 0 0 0 0 0
0 3 10 13 15 21 26
0 0 0 1322.9 0 0 0 0 0 0 666.3 0 0 540.2 0 711.1 0 0 0 0 0 865.7 0 0 0 0 970.8 0 0 0
0 9 19 27 11 16 7 6 17
0 0 0 0 0 0 233.4 1020.5 0 328.6 0 780.9 0 0 0 0 1055.2 691.2 0 588.2 0 0 0 0 0 0 0 379.0 0 0
0 18 8 25 2
0 0 3957.5 0 0 0 0 0 384.1 0 0 0 0 0 0 0 0 0 224.4 0 0 0 0 0 0 511.0 0 0 0 0
0 22 4 28 24 5 20 23 29 12 14
0 0 0 0 231.5 691.3 0 0 0 0 0 0 981.9 0 208.9 0 0 0 0 0 443.0 0 1091.1 462.4 183.0 0 0 0 559.0 224.8
**********2024-01-20 03:56:43**********
170432.021 170448.348 0.01 -10491.986 -8128.043 
0 1
0 5077.0 0 0 0 0 0 0 0 0 0 0 0 0 0 0 0 0 0 0 0 0 0 0 0 0 0 0 0 0
0 3 10 13 15 21 26
0 0 0 1322.9 0 0 0 0 0 0 666.3 0 0 540.2 0 711.1 0 0 0 0 0 865.7 0 0 0 0 970.8 0 0 0
0 9 19 27 11 16 7 6 17
0 0 0 0 0 0 233.4 1020.5 0 328.6 0 780.9 0 0 0 0 1055.2 691.2 0 588.2 0 0 0 0 0 0 0 379.0 0 0
0 18 8 25 2
0 0 3957.5 0 0 0 0 0 384.1 0 0 0 0 0 0 0 0 0 224.4 0 0 0 0 0 0 511.0 0 0 0 0
0 22 4 28 24 5 20 23 29 12 14
0 0 0 0 231.5 691.3 0 0 0 0 0 0 981.9 0 208.9 0 0 0 0 0 443.0 0 1091.1 462.4 183.0 0 0 0 559.0 224.8
**********2024-01-20 04:00:55**********
170432.021 170448.348 0.01 -10491.986 -7876.452 
0 1
0 5077.0 0 0 0 0 0 0 0 0 0 0 0 0 0 0 0 0 0 0 0 0 0 0 0 0 0 0 0 0
0 3 10 13 15 21 26
0 0 0 1322.9 0 0 0 0 0 0 666.3 0 0 540.2 0 711.1 0 0 0 0 0 865.7 0 0 0 0 970.8 0 0 0
0 9 19 27 11 16 7 6 17
0 0 0 0 0 0 233.4 1020.5 0 328.6 0 780.9 0 0 0 0 1055.2 691.2 0 588.2 0 0 0 0 0 0 0 379.0 0 0
0 18 8 25 2
0 0 3957.5 0 0 0 0 0 384.1 0 0 0 0 0 0 0 0 0 224.4 0 0 0 0 0 0 511.0 0 0 0 0
0 22 4 28 24 5 20 23 29 12 14
0 0 0 0 231.5 691.3 0 0 0 0 0 0 981.9 0 208.9 0 0 0 0 0 443.0 0 1091.1 462.4 183.0 0 0 0 559.0 224.8
**********2024-01-20 04:03:29**********
170432.021 170448.348 0.01 -10491.986 -7721.812 
0 1
0 5077.0 0 0 0 0 0 0 0 0 0 0 0 0 0 0 0 0 0 0 0 0 0 0 0 0 0 0 0 0
0 3 10 13 15 21 26
0 0 0 1322.9 0 0 0 0 0 0 666.3 0 0 540.2 0 711.1 0 0 0 0 0 865.7 0 0 0 0 970.8 0 0 0
0 9 19 27 11 16 7 6 17
0 0 0 0 0 0 233.4 1020.5 0 328.6 0 780.9 0 0 0 0 1055.2 691.2 0 588.2 0 0 0 0 0 0 0 379.0 0 0
0 18 8 25 2
0 0 3957.5 0 0 0 0 0 384.1 0 0 0 0 0 0 0 0 0 224.4 0 0 0 0 0 0 511.0 0 0 0 0
0 22 4 28 24 5 20 23 29 12 14
0 0 0 0 231.5 691.3 0 0 0 0 0 0 981.9 0 208.9 0 0 0 0 0 443.0 0 1091.1 462.4 183.0 0 0 0 559.0 224.8
**********2024-01-20 04:05:48**********
170432.021 170448.348 0.01 -10491.986 -7583.103 
0 1
0 5077.0 0 0 0 0 0 0 0 0 0 0 0 0 0 0 0 0 0 0 0 0 0 0 0 0 0 0 0 0
0 3 10 13 15 21 26
0 0 0 1322.9 0 0 0 0 0 0 666.3 0 0 540.2 0 711.1 0 0 0 0 0 865.7 0 0 0 0 970.8 0 0 0
0 9 19 27 11 16 7 6 17
0 0 0 0 0 0 233.4 1020.5 0 328.6 0 780.9 0 0 0 0 1055.2 691.2 0 588.2 0 0 0 0 0 0 0 379.0 0 0
0 18 8 25 2
0 0 3957.5 0 0 0 0 0 384.1 0 0 0 0 0 0 0 0 0 224.4 0 0 0 0 0 0 511.0 0 0 0 0
0 22 4 28 24 5 20 23 29 12 14
0 0 0 0 231.5 691.3 0 0 0 0 0 0 981.9 0 208.9 0 0 0 0 0 443.0 0 1091.1 462.4 183.0 0 0 0 559.0 224.8
**********2024-01-20 04:08:27**********
170432.021 170448.348 0.01 -10491.986 -7424.604 
0 1
0 5077.0 0 0 0 0 0 0 0 0 0 0 0 0 0 0 0 0 0 0 0 0 0 0 0 0 0 0 0 0
0 3 10 13 15 21 26
0 0 0 1322.9 0 0 0 0 0 0 666.3 0 0 540.2 0 711.1 0 0 0 0 0 865.7 0 0 0 0 970.8 0 0 0
0 9 19 27 11 16 7 6 17
0 0 0 0 0 0 233.4 1020.5 0 328.6 0 780.9 0 0 0 0 1055.2 691.2 0 588.2 0 0 0 0 0 0 0 379.0 0 0
0 18 8 25 2
0 0 3957.5 0 0 0 0 0 384.1 0 0 0 0 0 0 0 0 0 224.4 0 0 0 0 0 0 511.0 0 0 0 0
0 22 4 28 24 5 20 23 29 12 14
0 0 0 0 231.5 691.3 0 0 0 0 0 0 981.9 0 208.9 0 0 0 0 0 443.0 0 1091.1 462.4 183.0 0 0 0 559.0 224.8
**********2024-01-20 04:11:10**********
170432.021 170448.348 0.01 -10491.986 -7260.91 
0 1
0 5077.0 0 0 0 0 0 0 0 0 0 0 0 0 0 0 0 0 0 0 0 0 0 0 0 0 0 0 0 0
0 3 10 13 15 21 26
0 0 0 1322.9 0 0 0 0 0 0 666.3 0 0 540.2 0 711.1 0 0 0 0 0 865.7 0 0 0 0 970.8 0 0 0
0 9 19 27 11 16 7 6 17
0 0 0 0 0 0 233.4 1020.5 0 328.6 0 780.9 0 0 0 0 1055.2 691.2 0 588.2 0 0 0 0 0 0 0 379.0 0 0
0 18 8 25 2
0 0 3957.5 0 0 0 0 0 384.1 0 0 0 0 0 0 0 0 0 224.4 0 0 0 0 0 0 511.0 0 0 0 0
0 22 4 28 24 5 20 23 29 12 14
0 0 0 0 231.5 691.3 0 0 0 0 0 0 981.9 0 208.9 0 0 0 0 0 443.0 0 1091.1 462.4 183.0 0 0 0 559.0 224.8
**********2024-01-20 04:15:58**********
170432.021 170448.348 0.01 -10491.986 -6973.099 
0 1
0 5077.0 0 0 0 0 0 0 0 0 0 0 0 0 0 0 0 0 0 0 0 0 0 0 0 0 0 0 0 0
0 3 10 13 15 21 26
0 0 0 1322.9 0 0 0 0 0 0 666.3 0 0 540.2 0 711.1 0 0 0 0 0 865.7 0 0 0 0 970.8 0 0 0
0 9 19 27 11 16 7 6 17
0 0 0 0 0 0 233.4 1020.5 0 328.6 0 780.9 0 0 0 0 1055.2 691.2 0 588.2 0 0 0 0 0 0 0 379.0 0 0
0 18 8 25 2
0 0 3957.5 0 0 0 0 0 384.1 0 0 0 0 0 0 0 0 0 224.4 0 0 0 0 0 0 511.0 0 0 0 0
0 22 4 28 24 5 20 23 29 12 14
0 0 0 0 231.5 691.3 0 0 0 0 0 0 981.9 0 208.9 0 0 0 0 0 443.0 0 1091.1 462.4 183.0 0 0 0 559.0 224.8
**********2024-01-20 04:20:23**********
170432.021 170448.348 0.01 -10491.986 -6707.968 
0 1
0 5077.0 0 0 0 0 0 0 0 0 0 0 0 0 0 0 0 0 0 0 0 0 0 0 0 0 0 0 0 0
0 3 10 13 15 21 26
0 0 0 1322.9 0 0 0 0 0 0 666.3 0 0 540.2 0 711.1 0 0 0 0 0 865.7 0 0 0 0 970.8 0 0 0
0 9 19 27 11 16 7 6 17
0 0 0 0 0 0 233.4 1020.5 0 328.6 0 780.9 0 0 0 0 1055.2 691.2 0 588.2 0 0 0 0 0 0 0 379.0 0 0
0 18 8 25 2
0 0 3957.5 0 0 0 0 0 384.1 0 0 0 0 0 0 0 0 0 224.4 0 0 0 0 0 0 511.0 0 0 0 0
0 22 4 28 24 5 20 23 29 12 14
0 0 0 0 231.5 691.3 0 0 0 0 0 0 981.9 0 208.9 0 0 0 0 0 443.0 0 1091.1 462.4 183.0 0 0 0 559.0 224.8
**********2024-01-20 04:26:50**********
170432.021 170448.348 0.01 -10491.986 -6321.617 
0 1
0 5077.0 0 0 0 0 0 0 0 0 0 0 0 0 0 0 0 0 0 0 0 0 0 0 0 0 0 0 0 0
0 3 10 13 15 21 26
0 0 0 1322.9 0 0 0 0 0 0 666.3 0 0 540.2 0 711.1 0 0 0 0 0 865.7 0 0 0 0 970.8 0 0 0
0 9 19 27 11 16 7 6 17
0 0 0 0 0 0 233.4 1020.5 0 328.6 0 780.9 0 0 0 0 1055.2 691.2 0 588.2 0 0 0 0 0 0 0 379.0 0 0
0 18 8 25 2
0 0 3957.5 0 0 0 0 0 384.1 0 0 0 0 0 0 0 0 0 224.4 0 0 0 0 0 0 511.0 0 0 0 0
0 22 4 28 24 5 20 23 29 12 14
0 0 0 0 231.5 691.3 0 0 0 0 0 0 981.9 0 208.9 0 0 0 0 0 443.0 0 1091.1 462.4 183.0 0 0 0 559.0 224.8
**********2024-01-20 04:42:26**********
170432.021 170448.348 0.01 -10491.986 -5384.739 
0 1
0 5077.0 0 0 0 0 0 0 0 0 0 0 0 0 0 0 0 0 0 0 0 0 0 0 0 0 0 0 0 0
0 3 10 13 15 21 26
0 0 0 1322.9 0 0 0 0 0 0 666.3 0 0 540.2 0 711.1 0 0 0 0 0 865.7 0 0 0 0 970.8 0 0 0
0 9 19 27 11 16 7 6 17
0 0 0 0 0 0 233.4 1020.5 0 328.6 0 780.9 0 0 0 0 1055.2 691.2 0 588.2 0 0 0 0 0 0 0 379.0 0 0
0 18 8 25 2
0 0 3957.5 0 0 0 0 0 384.1 0 0 0 0 0 0 0 0 0 224.4 0 0 0 0 0 0 511.0 0 0 0 0
0 22 4 28 24 5 20 23 29 12 14
0 0 0 0 231.5 691.3 0 0 0 0 0 0 981.9 0 208.9 0 0 0 0 0 443.0 0 1091.1 462.4 183.0 0 0 0 559.0 224.8
**********2024-01-20 04:46:10**********
170432.021 170448.348 0.01 -10491.986 -5161.089 
0 1
0 5077.0 0 0 0 0 0 0 0 0 0 0 0 0 0 0 0 0 0 0 0 0 0 0 0 0 0 0 0 0
0 3 10 13 15 21 26
0 0 0 1322.9 0 0 0 0 0 0 666.3 0 0 540.2 0 711.1 0 0 0 0 0 865.7 0 0 0 0 970.8 0 0 0
0 9 19 27 11 16 7 6 17
0 0 0 0 0 0 233.4 1020.5 0 328.6 0 780.9 0 0 0 0 1055.2 691.2 0 588.2 0 0 0 0 0 0 0 379.0 0 0
0 18 8 25 2
0 0 3957.5 0 0 0 0 0 384.1 0 0 0 0 0 0 0 0 0 224.4 0 0 0 0 0 0 511.0 0 0 0 0
0 22 4 28 24 5 20 23 29 12 14
0 0 0 0 231.5 691.3 0 0 0 0 0 0 981.9 0 208.9 0 0 0 0 0 443.0 0 1091.1 462.4 183.0 0 0 0 559.0 224.8
**********2024-01-20 04:49:28**********
170432.021 170448.348 0.01 -10491.986 -4963.016 
0 1
0 5077.0 0 0 0 0 0 0 0 0 0 0 0 0 0 0 0 0 0 0 0 0 0 0 0 0 0 0 0 0
0 3 10 13 15 21 26
0 0 0 1322.9 0 0 0 0 0 0 666.3 0 0 540.2 0 711.1 0 0 0 0 0 865.7 0 0 0 0 970.8 0 0 0
0 9 19 27 11 16 7 6 17
0 0 0 0 0 0 233.4 1020.5 0 328.6 0 780.9 0 0 0 0 1055.2 691.2 0 588.2 0 0 0 0 0 0 0 379.0 0 0
0 18 8 25 2
0 0 3957.5 0 0 0 0 0 384.1 0 0 0 0 0 0 0 0 0 224.4 0 0 0 0 0 0 511.0 0 0 0 0
0 22 4 28 24 5 20 23 29 12 14
0 0 0 0 231.5 691.3 0 0 0 0 0 0 981.9 0 208.9 0 0 0 0 0 443.0 0 1091.1 462.4 183.0 0 0 0 559.0 224.8
**********2024-01-20 04:50:05**********
170432.021 170448.348 0.01 -10491.986 -4926.23 
0 1
0 5077.0 0 0 0 0 0 0 0 0 0 0 0 0 0 0 0 0 0 0 0 0 0 0 0 0 0 0 0 0
0 3 10 13 15 21 26
0 0 0 1322.9 0 0 0 0 0 0 666.3 0 0 540.2 0 711.1 0 0 0 0 0 865.7 0 0 0 0 970.8 0 0 0
0 9 19 27 11 16 7 6 17
0 0 0 0 0 0 233.4 1020.5 0 328.6 0 780.9 0 0 0 0 1055.2 691.2 0 588.2 0 0 0 0 0 0 0 379.0 0 0
0 18 8 25 2
0 0 3957.5 0 0 0 0 0 384.1 0 0 0 0 0 0 0 0 0 224.4 0 0 0 0 0 0 511.0 0 0 0 0
0 22 4 28 24 5 20 23 29 12 14
0 0 0 0 231.5 691.3 0 0 0 0 0 0 981.9 0 208.9 0 0 0 0 0 443.0 0 1091.1 462.4 183.0 0 0 0 559.0 224.8
**********2024-01-20 04:54:12**********
170432.021 170448.348 0.01 -10491.986 -4679.588 
0 1
0 5077.0 0 0 0 0 0 0 0 0 0 0 0 0 0 0 0 0 0 0 0 0 0 0 0 0 0 0 0 0
0 3 10 13 15 21 26
0 0 0 1322.9 0 0 0 0 0 0 666.3 0 0 540.2 0 711.1 0 0 0 0 0 865.7 0 0 0 0 970.8 0 0 0
0 9 19 27 11 16 7 6 17
0 0 0 0 0 0 233.4 1020.5 0 328.6 0 780.9 0 0 0 0 1055.2 691.2 0 588.2 0 0 0 0 0 0 0 379.0 0 0
0 18 8 25 2
0 0 3957.5 0 0 0 0 0 384.1 0 0 0 0 0 0 0 0 0 224.4 0 0 0 0 0 0 511.0 0 0 0 0
0 22 4 28 24 5 20 23 29 12 14
0 0 0 0 231.5 691.3 0 0 0 0 0 0 981.9 0 208.9 0 0 0 0 0 443.0 0 1091.1 462.4 183.0 0 0 0 559.0 224.8
**********2024-01-20 04:57:25**********
170432.021 170448.348 0.01 -10491.986 -4485.958 
0 1
0 5077.0 0 0 0 0 0 0 0 0 0 0 0 0 0 0 0 0 0 0 0 0 0 0 0 0 0 0 0 0
0 3 10 13 15 21 26
0 0 0 1322.9 0 0 0 0 0 0 666.3 0 0 540.2 0 711.1 0 0 0 0 0 865.7 0 0 0 0 970.8 0 0 0
0 9 19 27 11 16 7 6 17
0 0 0 0 0 0 233.4 1020.5 0 328.6 0 780.9 0 0 0 0 1055.2 691.2 0 588.2 0 0 0 0 0 0 0 379.0 0 0
0 18 8 25 2
0 0 3957.5 0 0 0 0 0 384.1 0 0 0 0 0 0 0 0 0 224.4 0 0 0 0 0 0 511.0 0 0 0 0
0 22 4 28 24 5 20 23 29 12 14
0 0 0 0 231.5 691.3 0 0 0 0 0 0 981.9 0 208.9 0 0 0 0 0 443.0 0 1091.1 462.4 183.0 0 0 0 559.0 224.8
**********2024-01-20 05:02:46**********
170432.021 170448.348 0.01 -10491.986 -4165.373 
0 1
0 5077.0 0 0 0 0 0 0 0 0 0 0 0 0 0 0 0 0 0 0 0 0 0 0 0 0 0 0 0 0
0 3 10 13 15 21 26
0 0 0 1322.9 0 0 0 0 0 0 666.3 0 0 540.2 0 711.1 0 0 0 0 0 865.7 0 0 0 0 970.8 0 0 0
0 9 19 27 11 16 7 6 17
0 0 0 0 0 0 233.4 1020.5 0 328.6 0 780.9 0 0 0 0 1055.2 691.2 0 588.2 0 0 0 0 0 0 0 379.0 0 0
0 18 8 25 2
0 0 3957.5 0 0 0 0 0 384.1 0 0 0 0 0 0 0 0 0 224.4 0 0 0 0 0 0 511.0 0 0 0 0
0 22 4 28 24 5 20 23 29 12 14
0 0 0 0 231.5 691.3 0 0 0 0 0 0 981.9 0 208.9 0 0 0 0 0 443.0 0 1091.1 462.4 183.0 0 0 0 559.0 224.8
**********2024-01-20 05:05:46**********
170432.022 170448.348 0.01 -10491.986 -3984.988 
0 1
0 5077.0 0 0 0 0 0 0 0 0 0 0 0 0 0 0 0 0 0 0 0 0 0 0 0 0 0 0 0 0
0 3 10 13 15 21 26
0 0 0 1322.9 0 0 0 0 0 0 666.3 0 0 540.2 0 711.1 0 0 0 0 0 865.7 0 0 0 0 970.8 0 0 0
0 9 19 27 11 16 7 6 17
0 0 0 0 0 0 233.4 1020.5 0 328.6 0 780.9 0 0 0 0 1055.2 691.2 0 588.2 0 0 0 0 0 0 0 379.0 0 0
0 18 8 25 2
0 0 3957.5 0 0 0 0 0 384.1 0 0 0 0 0 0 0 0 0 224.4 0 0 0 0 0 0 511.0 0 0 0 0
0 22 4 28 24 5 20 23 29 12 14
0 0 0 0 231.5 691.3 0 0 0 0 0 0 981.9 0 208.9 0 0 0 0 0 443.0 0 1091.1 462.4 183.0 0 0 0 559.0 224.8
**********2024-01-20 05:11:13**********
170432.022 170448.348 0.01 -10491.986 -3658.452 
0 1
0 5077.0 0 0 0 0 0 0 0 0 0 0 0 0 0 0 0 0 0 0 0 0 0 0 0 0 0 0 0 0
0 3 10 13 15 21 26
0 0 0 1322.9 0 0 0 0 0 0 666.3 0 0 540.2 0 711.1 0 0 0 0 0 865.7 0 0 0 0 970.8 0 0 0
0 9 19 27 11 16 7 6 17
0 0 0 0 0 0 233.4 1020.5 0 328.6 0 780.9 0 0 0 0 1055.2 691.2 0 588.2 0 0 0 0 0 0 0 379.0 0 0
0 18 8 25 2
0 0 3957.5 0 0 0 0 0 384.1 0 0 0 0 0 0 0 0 0 224.4 0 0 0 0 0 0 511.0 0 0 0 0
0 22 4 28 24 5 20 23 29 12 14
0 0 0 0 231.5 691.3 0 0 0 0 0 0 981.9 0 208.9 0 0 0 0 0 443.0 0 1091.1 462.4 183.0 0 0 0 559.0 224.8
**********2024-01-20 05:22:05**********
170432.022 170448.348 0.01 -10491.986 -3005.873 
0 1
0 5077.0 0 0 0 0 0 0 0 0 0 0 0 0 0 0 0 0 0 0 0 0 0 0 0 0 0 0 0 0
0 3 10 13 15 21 26
0 0 0 1322.9 0 0 0 0 0 0 666.3 0 0 540.2 0 711.1 0 0 0 0 0 865.7 0 0 0 0 970.8 0 0 0
0 9 19 27 11 16 7 6 17
0 0 0 0 0 0 233.4 1020.5 0 328.6 0 780.9 0 0 0 0 1055.2 691.2 0 588.2 0 0 0 0 0 0 0 379.0 0 0
0 18 8 25 2
0 0 3957.5 0 0 0 0 0 384.1 0 0 0 0 0 0 0 0 0 224.4 0 0 0 0 0 0 511.0 0 0 0 0
0 22 4 28 24 5 20 23 29 12 14
0 0 0 0 231.5 691.3 0 0 0 0 0 0 981.9 0 208.9 0 0 0 0 0 443.0 0 1091.1 462.4 183.0 0 0 0 559.0 224.8
**********2024-01-20 05:32:19**********
170432.022 170448.348 0.01 -10491.986 -2392.028 
0 1
0 5077.0 0 0 0 0 0 0 0 0 0 0 0 0 0 0 0 0 0 0 0 0 0 0 0 0 0 0 0 0
0 3 10 13 15 21 26
0 0 0 1322.9 0 0 0 0 0 0 666.3 0 0 540.2 0 711.1 0 0 0 0 0 865.7 0 0 0 0 970.8 0 0 0
0 9 19 27 11 16 7 6 17
0 0 0 0 0 0 233.4 1020.5 0 328.6 0 780.9 0 0 0 0 1055.2 691.2 0 588.2 0 0 0 0 0 0 0 379.0 0 0
0 18 8 25 2
0 0 3957.5 0 0 0 0 0 384.1 0 0 0 0 0 0 0 0 0 224.4 0 0 0 0 0 0 511.0 0 0 0 0
0 22 4 28 24 5 20 23 29 12 14
0 0 0 0 231.5 691.3 0 0 0 0 0 0 981.9 0 208.9 0 0 0 0 0 443.0 0 1091.1 462.4 183.0 0 0 0 559.0 224.8
**********2024-01-20 05:56:29**********
170432.022 170448.348 0.01 -10491.986 -942.691 
0 1
0 5077.0 0 0 0 0 0 0 0 0 0 0 0 0 0 0 0 0 0 0 0 0 0 0 0 0 0 0 0 0
0 3 10 13 15 21 26
0 0 0 1322.9 0 0 0 0 0 0 666.3 0 0 540.2 0 711.1 0 0 0 0 0 865.7 0 0 0 0 970.8 0 0 0
0 9 19 27 11 16 7 6 17
0 0 0 0 0 0 233.4 1020.5 0 328.6 0 780.9 0 0 0 0 1055.2 691.2 0 588.2 0 0 0 0 0 0 0 379.0 0 0
0 18 8 25 2
0 0 3957.5 0 0 0 0 0 384.1 0 0 0 0 0 0 0 0 0 224.4 0 0 0 0 0 0 511.0 0 0 0 0
0 22 4 28 24 5 20 23 29 12 14
0 0 0 0 231.5 691.3 0 0 0 0 0 0 981.9 0 208.9 0 0 0 0 0 443.0 0 1091.1 462.4 183.0 0 0 0 559.0 224.8
**********2024-01-20 06:15:44**********
170432.022 170448.348 0.01 -10491.986 212.778 
0 1
0 5077.0 0 0 0 0 0 0 0 0 0 0 0 0 0 0 0 0 0 0 0 0 0 0 0 0 0 0 0 0
0 3 10 13 15 21 26
0 0 0 1322.9 0 0 0 0 0 0 666.3 0 0 540.2 0 711.1 0 0 0 0 0 865.7 0 0 0 0 970.8 0 0 0
0 9 19 27 11 16 7 6 17
0 0 0 0 0 0 233.4 1020.5 0 328.6 0 780.9 0 0 0 0 1055.2 691.2 0 588.2 0 0 0 0 0 0 0 379.0 0 0
0 18 8 25 2
0 0 3957.5 0 0 0 0 0 384.1 0 0 0 0 0 0 0 0 0 224.4 0 0 0 0 0 0 511.0 0 0 0 0
0 22 4 28 24 5 20 23 29 12 14
0 0 0 0 231.5 691.3 0 0 0 0 0 0 981.9 0 208.9 0 0 0 0 0 443.0 0 1091.1 462.4 183.0 0 0 0 559.0 224.8
**********2024-01-20 06:23:28**********
170432.022 170448.348 0.01 -10491.986 676.345 
0 1
0 5077.0 0 0 0 0 0 0 0 0 0 0 0 0 0 0 0 0 0 0 0 0 0 0 0 0 0 0 0 0
0 3 10 13 15 21 26
0 0 0 1322.9 0 0 0 0 0 0 666.3 0 0 540.2 0 711.1 0 0 0 0 0 865.7 0 0 0 0 970.8 0 0 0
0 9 19 27 11 16 7 6 17
0 0 0 0 0 0 233.4 1020.5 0 328.6 0 780.9 0 0 0 0 1055.2 691.2 0 588.2 0 0 0 0 0 0 0 379.0 0 0
0 18 8 25 2
0 0 3957.5 0 0 0 0 0 384.1 0 0 0 0 0 0 0 0 0 224.4 0 0 0 0 0 0 511.0 0 0 0 0
0 22 4 28 24 5 20 23 29 12 14
0 0 0 0 231.5 691.3 0 0 0 0 0 0 981.9 0 208.9 0 0 0 0 0 443.0 0 1091.1 462.4 183.0 0 0 0 559.0 224.8
**********2024-01-20 06:33:34**********
170432.022 170448.348 0.01 -10491.986 1282.752 
0 1
0 5077.0 0 0 0 0 0 0 0 0 0 0 0 0 0 0 0 0 0 0 0 0 0 0 0 0 0 0 0 0
0 3 10 13 15 21 26
0 0 0 1322.9 0 0 0 0 0 0 666.3 0 0 540.2 0 711.1 0 0 0 0 0 865.7 0 0 0 0 970.8 0 0 0
0 9 19 27 11 16 7 6 17
0 0 0 0 0 0 233.4 1020.5 0 328.6 0 780.9 0 0 0 0 1055.2 691.2 0 588.2 0 0 0 0 0 0 0 379.0 0 0
0 18 8 25 2
0 0 3957.5 0 0 0 0 0 384.1 0 0 0 0 0 0 0 0 0 224.4 0 0 0 0 0 0 511.0 0 0 0 0
0 22 4 28 24 5 20 23 29 12 14
0 0 0 0 231.5 691.3 0 0 0 0 0 0 981.9 0 208.9 0 0 0 0 0 443.0 0 1091.1 462.4 183.0 0 0 0 559.0 224.8
**********2024-01-20 06:51:44**********
170432.022 170448.348 0.01 -10491.986 2373.151 
0 1
0 5077.0 0 0 0 0 0 0 0 0 0 0 0 0 0 0 0 0 0 0 0 0 0 0 0 0 0 0 0 0
0 3 10 13 15 21 26
0 0 0 1322.9 0 0 0 0 0 0 666.3 0 0 540.2 0 711.1 0 0 0 0 0 865.7 0 0 0 0 970.8 0 0 0
0 9 19 27 11 16 7 6 17
0 0 0 0 0 0 233.4 1020.5 0 328.6 0 780.9 0 0 0 0 1055.2 691.2 0 588.2 0 0 0 0 0 0 0 379.0 0 0
0 18 8 25 2
0 0 3957.5 0 0 0 0 0 384.1 0 0 0 0 0 0 0 0 0 224.4 0 0 0 0 0 0 511.0 0 0 0 0
0 22 4 28 24 5 20 23 29 12 14
0 0 0 0 231.5 691.3 0 0 0 0 0 0 981.9 0 208.9 0 0 0 0 0 443.0 0 1091.1 462.4 183.0 0 0 0 559.0 224.8
**********2024-01-20 07:01:22**********
170432.022 170448.348 0.01 -10491.986 2951.133 
0 1
0 5077.0 0 0 0 0 0 0 0 0 0 0 0 0 0 0 0 0 0 0 0 0 0 0 0 0 0 0 0 0
0 3 10 13 15 21 26
0 0 0 1322.9 0 0 0 0 0 0 666.3 0 0 540.2 0 711.1 0 0 0 0 0 865.7 0 0 0 0 970.8 0 0 0
0 9 19 27 11 16 7 6 17
0 0 0 0 0 0 233.4 1020.5 0 328.6 0 780.9 0 0 0 0 1055.2 691.2 0 588.2 0 0 0 0 0 0 0 379.0 0 0
0 18 8 25 2
0 0 3957.5 0 0 0 0 0 384.1 0 0 0 0 0 0 0 0 0 224.4 0 0 0 0 0 0 511.0 0 0 0 0
0 22 4 28 24 5 20 23 29 12 14
0 0 0 0 231.5 691.3 0 0 0 0 0 0 981.9 0 208.9 0 0 0 0 0 443.0 0 1091.1 462.4 183.0 0 0 0 559.0 224.8
**********2024-01-20 07:11:32**********
170432.022 170448.348 0.01 -10491.986 3560.578 
0 1
0 5077.0 0 0 0 0 0 0 0 0 0 0 0 0 0 0 0 0 0 0 0 0 0 0 0 0 0 0 0 0
0 3 10 13 15 21 26
0 0 0 1322.9 0 0 0 0 0 0 666.3 0 0 540.2 0 711.1 0 0 0 0 0 865.7 0 0 0 0 970.8 0 0 0
0 9 19 27 11 16 7 6 17
0 0 0 0 0 0 233.4 1020.5 0 328.6 0 780.9 0 0 0 0 1055.2 691.2 0 588.2 0 0 0 0 0 0 0 379.0 0 0
0 18 8 25 2
0 0 3957.5 0 0 0 0 0 384.1 0 0 0 0 0 0 0 0 0 224.4 0 0 0 0 0 0 511.0 0 0 0 0
0 22 4 28 24 5 20 23 29 12 14
0 0 0 0 231.5 691.3 0 0 0 0 0 0 981.9 0 208.9 0 0 0 0 0 443.0 0 1091.1 462.4 183.0 0 0 0 559.0 224.8
**********2024-01-20 07:15:43**********
170432.022 170448.348 0.01 -10491.986 3811.556 
0 1
0 5077.0 0 0 0 0 0 0 0 0 0 0 0 0 0 0 0 0 0 0 0 0 0 0 0 0 0 0 0 0
0 3 10 13 15 21 26
0 0 0 1322.9 0 0 0 0 0 0 666.3 0 0 540.2 0 711.1 0 0 0 0 0 865.7 0 0 0 0 970.8 0 0 0
0 9 19 27 11 16 7 6 17
0 0 0 0 0 0 233.4 1020.5 0 328.6 0 780.9 0 0 0 0 1055.2 691.2 0 588.2 0 0 0 0 0 0 0 379.0 0 0
0 18 8 25 2
0 0 3957.5 0 0 0 0 0 384.1 0 0 0 0 0 0 0 0 0 224.4 0 0 0 0 0 0 511.0 0 0 0 0
0 22 4 28 24 5 20 23 29 12 14
0 0 0 0 231.5 691.3 0 0 0 0 0 0 981.9 0 208.9 0 0 0 0 0 443.0 0 1091.1 462.4 183.0 0 0 0 559.0 224.8
**********2024-01-20 07:22:29**********
170432.022 170448.348 0.01 -10491.986 4217.409 
0 1
0 5077.0 0 0 0 0 0 0 0 0 0 0 0 0 0 0 0 0 0 0 0 0 0 0 0 0 0 0 0 0
0 3 10 13 15 21 26
0 0 0 1322.9 0 0 0 0 0 0 666.3 0 0 540.2 0 711.1 0 0 0 0 0 865.7 0 0 0 0 970.8 0 0 0
0 9 19 27 11 16 7 6 17
0 0 0 0 0 0 233.4 1020.5 0 328.6 0 780.9 0 0 0 0 1055.2 691.2 0 588.2 0 0 0 0 0 0 0 379.0 0 0
0 18 8 25 2
0 0 3957.5 0 0 0 0 0 384.1 0 0 0 0 0 0 0 0 0 224.4 0 0 0 0 0 0 511.0 0 0 0 0
0 22 4 28 24 5 20 23 29 12 14
0 0 0 0 231.5 691.3 0 0 0 0 0 0 981.9 0 208.9 0 0 0 0 0 443.0 0 1091.1 462.4 183.0 0 0 0 559.0 224.8
**********2024-01-20 07:34:41**********
170432.023 170448.348 0.01 -10491.986 4949.508 
0 1
0 5077.0 0 0 0 0 0 0 0 0 0 0 0 0 0 0 0 0 0 0 0 0 0 0 0 0 0 0 0 0
0 3 10 13 15 21 26
0 0 0 1322.9 0 0 0 0 0 0 666.3 0 0 540.2 0 711.1 0 0 0 0 0 865.7 0 0 0 0 970.8 0 0 0
0 9 19 27 11 16 7 6 17
0 0 0 0 0 0 233.4 1020.5 0 328.6 0 780.9 0 0 0 0 1055.2 691.2 0 588.2 0 0 0 0 0 0 0 379.0 0 0
0 18 8 25 2
0 0 3957.5 0 0 0 0 0 384.1 0 0 0 0 0 0 0 0 0 224.4 0 0 0 0 0 0 511.0 0 0 0 0
0 22 4 28 24 5 20 23 29 12 14
0 0 0 0 231.5 691.3 0 0 0 0 0 0 981.9 0 208.9 0 0 0 0 0 443.0 0 1091.1 462.4 183.0 0 0 0 559.0 224.8
**********2024-01-20 07:39:15**********
170432.023 170448.348 0.01 -10491.986 5223.869 
0 1
0 5077.0 0 0 0 0 0 0 0 0 0 0 0 0 0 0 0 0 0 0 0 0 0 0 0 0 0 0 0 0
0 3 10 13 15 21 26
0 0 0 1322.9 0 0 0 0 0 0 666.3 0 0 540.2 0 711.1 0 0 0 0 0 865.7 0 0 0 0 970.8 0 0 0
0 9 19 27 11 16 7 6 17
0 0 0 0 0 0 233.4 1020.5 0 328.6 0 780.9 0 0 0 0 1055.2 691.2 0 588.2 0 0 0 0 0 0 0 379.0 0 0
0 18 8 25 2
0 0 3957.5 0 0 0 0 0 384.1 0 0 0 0 0 0 0 0 0 224.4 0 0 0 0 0 0 511.0 0 0 0 0
0 22 4 28 24 5 20 23 29 12 14
0 0 0 0 231.5 691.3 0 0 0 0 0 0 981.9 0 208.9 0 0 0 0 0 443.0 0 1091.1 462.4 183.0 0 0 0 559.0 224.8
**********2024-01-20 07:44:37**********
170432.023 170448.348 0.01 -10491.986 5545.605 
0 1
0 5077.0 0 0 0 0 0 0 0 0 0 0 0 0 0 0 0 0 0 0 0 0 0 0 0 0 0 0 0 0
0 3 10 13 15 21 26
0 0 0 1322.9 0 0 0 0 0 0 666.3 0 0 540.2 0 711.1 0 0 0 0 0 865.7 0 0 0 0 970.8 0 0 0
0 9 19 27 11 16 7 6 17
0 0 0 0 0 0 233.4 1020.5 0 328.6 0 780.9 0 0 0 0 1055.2 691.2 0 588.2 0 0 0 0 0 0 0 379.0 0 0
0 18 8 25 2
0 0 3957.5 0 0 0 0 0 384.1 0 0 0 0 0 0 0 0 0 224.4 0 0 0 0 0 0 511.0 0 0 0 0
0 22 4 28 24 5 20 23 29 12 14
0 0 0 0 231.5 691.3 0 0 0 0 0 0 981.9 0 208.9 0 0 0 0 0 443.0 0 1091.1 462.4 183.0 0 0 0 559.0 224.8
**********2024-01-20 07:47:49**********
170432.023 170448.348 0.01 -10491.986 5738.001 
0 1
0 5077.0 0 0 0 0 0 0 0 0 0 0 0 0 0 0 0 0 0 0 0 0 0 0 0 0 0 0 0 0
0 3 10 13 15 21 26
0 0 0 1322.9 0 0 0 0 0 0 666.3 0 0 540.2 0 711.1 0 0 0 0 0 865.7 0 0 0 0 970.8 0 0 0
0 9 19 27 11 16 7 6 17
0 0 0 0 0 0 233.4 1020.5 0 328.6 0 780.9 0 0 0 0 1055.2 691.2 0 588.2 0 0 0 0 0 0 0 379.0 0 0
0 18 8 25 2
0 0 3957.5 0 0 0 0 0 384.1 0 0 0 0 0 0 0 0 0 224.4 0 0 0 0 0 0 511.0 0 0 0 0
0 22 4 28 24 5 20 23 29 12 14
0 0 0 0 231.5 691.3 0 0 0 0 0 0 981.9 0 208.9 0 0 0 0 0 443.0 0 1091.1 462.4 183.0 0 0 0 559.0 224.8
**********2024-01-20 07:53:24**********
170432.023 170448.348 0.01 -10491.986 6073.094 
0 1
0 5077.0 0 0 0 0 0 0 0 0 0 0 0 0 0 0 0 0 0 0 0 0 0 0 0 0 0 0 0 0
0 3 10 13 15 21 26
0 0 0 1322.9 0 0 0 0 0 0 666.3 0 0 540.2 0 711.1 0 0 0 0 0 865.7 0 0 0 0 970.8 0 0 0
0 9 19 27 11 16 7 6 17
0 0 0 0 0 0 233.4 1020.5 0 328.6 0 780.9 0 0 0 0 1055.2 691.2 0 588.2 0 0 0 0 0 0 0 379.0 0 0
0 18 8 25 2
0 0 3957.5 0 0 0 0 0 384.1 0 0 0 0 0 0 0 0 0 224.4 0 0 0 0 0 0 511.0 0 0 0 0
0 22 4 28 24 5 20 23 29 12 14
0 0 0 0 231.5 691.3 0 0 0 0 0 0 981.9 0 208.9 0 0 0 0 0 443.0 0 1091.1 462.4 183.0 0 0 0 559.0 224.8
**********2024-01-20 07:57:49**********
170432.023 170448.348 0.01 -10491.986 6337.348 
0 1
0 5077.0 0 0 0 0 0 0 0 0 0 0 0 0 0 0 0 0 0 0 0 0 0 0 0 0 0 0 0 0
0 3 10 13 15 21 26
0 0 0 1322.9 0 0 0 0 0 0 666.3 0 0 540.2 0 711.1 0 0 0 0 0 865.7 0 0 0 0 970.8 0 0 0
0 9 19 27 11 16 7 6 17
0 0 0 0 0 0 233.4 1020.5 0 328.6 0 780.9 0 0 0 0 1055.2 691.2 0 588.2 0 0 0 0 0 0 0 379.0 0 0
0 18 8 25 2
0 0 3957.5 0 0 0 0 0 384.1 0 0 0 0 0 0 0 0 0 224.4 0 0 0 0 0 0 511.0 0 0 0 0
0 22 4 28 24 5 20 23 29 12 14
0 0 0 0 231.5 691.3 0 0 0 0 0 0 981.9 0 208.9 0 0 0 0 0 443.0 0 1091.1 462.4 183.0 0 0 0 559.0 224.8
**********2024-01-20 08:03:11**********
170432.023 170443.589 0.007 6659.525 6659.525 
0 1
0 5077.0 0 0 0 0 0 0 0 0 0 0 0 0 0 0 0 0 0 0 0 0 0 0 0 0 0 0 0 0
0 9 2 4 28
0 0 3957.1 0 232.2 0 0 0 0 327.0 0 0 0 0 0 0 0 0 0 0 0 0 0 0 0 0 0 0 560.7 0
0 22 18 19 27 29 11 3 23
0 0 0 1323.5 0 0 0 0 0 0 0 778.2 0 0 0 0 0 0 224.7 586.2 0 0 1096.2 464.6 0 0 0 377.7 0 225.9
0 8 21 13 15 25 6 17 5 20
0 0 0 0 0 694.7 232.7 0 384.8 0 0 0 0 540.6 0 711.6 0 689.0 0 0 445.3 866.4 0 0 0 512.0 0 0 0 0
0 10 16 7 24 12 14 26
0 0 0 0 0 0 0 1015.1 0 0 665.4 0 984.6 0 209.5 0 1049.6 0 0 0 0 0 0 0 183.5 0 969.4 0 0 0
