**********2022-05-23 10:01:02**********
152774.174 152803.397 0.019 47.493 47.493 
0 1
0 7738.0 0 0 0 0 0 0 0 0 0 0 0 0 0
0 9 2 14 3 8
0 0 3975.4 1121.8 0 0 0 0 599.0 1478.8 0 0 0 0 562.9
0 10 6 11 13 12 5 4 7
0 0 0 0 532.9 1182.3 914.7 531.2 0 0 454.1 1808.9 481.3 1832.4 0
**********2022-05-23 10:02:29**********
152774.174 152785.185 0.007 134.137 134.137 
0 4 7 3 6 14 2
0 0 4055.8 1144.5 528.8 0 907.6 527.1 0 0 0 0 0 0 574.2
0 1
0 7738.0 0 0 0 0 0 0 0 0 0 0 0 0 0
0 10 11 9 13 12 5 8
0 0 0 0 0 1158.7 0 0 603.6 1490.2 445.1 1772.8 471.7 1795.8 0
**********2024-02-10 18:58:03**********
152774.177 152812.631 0.025 51.957 51.957 1 263.0 
0 1
0 7738.0 0 0 0 0 0 0 0 0 0 0 0 0 0
0 9 10 3 4 7 13 12 5
0 0 0 1160.9 536.3 1190.0 0 534.6 0 1530.4 457.1 0 484.5 1844.2 0
0 2 11 6 14 8
0 0 3950.8 0 0 0 884.1 0 595.3 0 0 1748.4 0 0 559.4
**********2024-02-10 18:58:45**********
152774.176 152812.631 0.025 51.957 94.651 3 263.0 
0 1
0 7738.0 0 0 0 0 0 0 0 0 0 0 0 0 0
0 9 10 3 4 7 13 12 5
0 0 0 1160.9 536.3 1190.0 0 534.6 0 1530.4 457.1 0 484.5 1844.2 0
0 2 11 6 14 8
0 0 3950.8 0 0 0 884.1 0 595.3 0 0 1748.4 0 0 559.4
**********2024-02-10 18:59:40**********
152774.176 152775.06 0.001 149.067 149.067 5 259.333 
0 1
0 7738.0 0 0 0 0 0 0 0 0 0 0 0 0 0
0 9 6 3 11 13 8
0 0 0 1137.6 0 0 902.1 0 607.5 1499.6 0 1784.0 0 1807.2 0
0 2 14 10 4 7 12 5
0 0 4030.2 0 525.4 1165.7 0 523.7 0 0 447.8 0 474.6 0 570.6
