169666.028 169701.535 0.021 294.079 294.08 
0 2 21
0 0 4138.1184760702 0 0 0 0 0 0 0 0 0 0 0 0 0 0 0 0 0 0 916.8815239298 0 0 0 0 0 0 0 0
0 1
0 5055.0 0 0 0 0 0 0 0 0 0 0 0 0 0 0 0 0 0 0 0 0 0 0 0 0 0 0 0 0
0 10 25 22 13 5 28 24 8 19
0 0 0 0 0 618.5261981739 0 0 371.5559485681 0 628.3942137358 0 0 564.2731749734 0 0 0 0 0 573.1856255025 0 0 995.5401358698 0 171.2784804341 484.0749797266 0 0 648.1712430158 0
0 11 26 12 17 7 15 14
0 0 0 0 0 0 0 1000.0713864193 0 0 0 800.219102215 813.1260695588 0 207.114395899 850.093974314 0 599.2302837302 0 0 0 0 0 0 0 0 785.1447878636 0 0 0
0 9 27 29 20 23 6 3 16 4 18
0 0 0 1296.07253272 223.6485840218 0 224.0564865086 0 0 303.4383204249 0 0 0 0 0 0 1221.8749510748 0 220.0982051096 0 453.6888086237 0 0 504.1489021997 0 0 0 395.4922049568 0 212.4810043601
169666.025 169696.728 0.018 464.914 464.915 
0 21 17 11 26 12 28 19
0 0 0 0 0 0 0 0 0 0 0 784.1000583601 796.7470369433 0 0 0 0 587.1598155348 0 574.1630416249 0 894.2241300438 0 0 0 0 769.3293902644 0 649.2765272288 0
0 9 23 20 22 15 29 27 4 7
0 0 0 0 230.7912711282 0 0 1009.6112180719 0 313.1292602909 0 0 0 0 0 858.2031488329 0 0 0 0 468.1783132984 0 1027.4467222031 520.2499559094 0 0 0 408.1230789029 0 219.2670313623
0 1
0 5055.0 0 0 0 0 0 0 0 0 0 0 0 0 0 0 0 0 0 0 0 0 0 0 0 0 0 0 0 0
0 13 10 25 3 16 18 5
0 0 0 1301.5919233606 0 621.2278949796 0 0 0 0 631.1390136246 0 0 566.7378968216 0 0 1227.0783675493 0 221.0355044834 0 0 0 0 0 0 486.189399181 0 0 0 0
0 8 24 2 6 14
0 0 4074.5690945996 0 0 0 226.5665316384 0 375.7593230988 0 0 0 0 0 204.8889142581 0 0 0 0 0 0 0 0 0 173.2161364051 0 0 0 0 0
169666.022 169687.864 0.013 745.441 745.441 
0 1
0 5055.0 0 0 0 0 0 0 0 0 0 0 0 0 0 0 0 0 0 0 0 0 0 0 0 0 0 0 0 0
0 3 19 24 28 7 4 12 9
0 0 0 1313.0107763272 226.5714252232 0 0 991.1512315073 0 307.4039257914 0 0 805.8733767991 0 0 0 0 0 0 580.739792849 0 0 0 0 173.5358055422 0 0 0 656.7136659606 0
0 26 14 2
0 0 4073.6292394481 0 0 0 0 0 0 0 0 0 0 0 204.8416538247 0 0 0 0 0 0 0 0 0 0 0 776.5291067272 0 0 0
0 11 15 10 25 6 8 16 27
0 0 0 0 0 0 229.2675550581 0 380.2389553045 0 643.0793539199 801.057944994 0 0 0 850.9850992445 1250.2931157447 0 0 0 0 0 0 0 0 495.3874787623 0 404.690496972 0 0
0 13 5 18 17 21 23 29 20 22
0 0 0 0 0 619.4492932189 0 0 0 0 0 0 0 565.1153022323 0 0 0 587.0350663863 220.4026704773 0 454.3164036097 894.034141397 997.025890506 504.8462994403 0 0 0 0 0 212.7749327322
169666.012 169687.864 0.013 745.441 1282.219 
0 1
0 5055.0 0 0 0 0 0 0 0 0 0 0 0 0 0 0 0 0 0 0 0 0 0 0 0 0 0 0 0 0
0 3 19 24 28 7 4 12 9
0 0 0 1313.0107763272 226.5714252232 0 0 991.1512315073 0 307.4039257914 0 0 805.8733767991 0 0 0 0 0 0 580.739792849 0 0 0 0 173.5358055422 0 0 0 656.7136659606 0
0 26 14 2
0 0 4073.6292394481 0 0 0 0 0 0 0 0 0 0 0 204.8416538247 0 0 0 0 0 0 0 0 0 0 0 776.5291067272 0 0 0
0 11 15 10 25 6 8 16 27
0 0 0 0 0 0 229.2675550581 0 380.2389553045 0 643.0793539199 801.057944994 0 0 0 850.9850992445 1250.2931157447 0 0 0 0 0 0 0 0 495.3874787623 0 404.690496972 0 0
0 13 5 18 17 21 23 29 20 22
0 0 0 0 0 619.4492932189 0 0 0 0 0 0 0 565.1153022323 0 0 0 587.0350663863 220.4026704773 0 454.3164036097 894.034141397 997.025890506 504.8462994403 0 0 0 0 0 212.7749327322
169666.006 169687.864 0.013 745.441 1575.618 
0 1
0 5055.0 0 0 0 0 0 0 0 0 0 0 0 0 0 0 0 0 0 0 0 0 0 0 0 0 0 0 0 0
0 3 19 24 28 7 4 12 9
0 0 0 1313.0107763272 226.5714252232 0 0 991.1512315073 0 307.4039257914 0 0 805.8733767991 0 0 0 0 0 0 580.739792849 0 0 0 0 173.5358055422 0 0 0 656.7136659606 0
0 26 14 2
0 0 4073.6292394481 0 0 0 0 0 0 0 0 0 0 0 204.8416538247 0 0 0 0 0 0 0 0 0 0 0 776.5291067272 0 0 0
0 11 15 10 25 6 8 16 27
0 0 0 0 0 0 229.2675550581 0 380.2389553045 0 643.0793539199 801.057944994 0 0 0 850.9850992445 1250.2931157447 0 0 0 0 0 0 0 0 495.3874787623 0 404.690496972 0 0
0 13 5 18 17 21 23 29 20 22
0 0 0 0 0 619.4492932189 0 0 0 0 0 0 0 565.1153022323 0 0 0 587.0350663863 220.4026704773 0 454.3164036097 894.034141397 997.025890506 504.8462994403 0 0 0 0 0 212.7749327322
169666.0 169687.864 0.013 745.441 1963.082 
0 1
0 5055.0 0 0 0 0 0 0 0 0 0 0 0 0 0 0 0 0 0 0 0 0 0 0 0 0 0 0 0 0
0 3 19 24 28 7 4 12 9
0 0 0 1313.0107763272 226.5714252232 0 0 991.1512315073 0 307.4039257914 0 0 805.8733767991 0 0 0 0 0 0 580.739792849 0 0 0 0 173.5358055422 0 0 0 656.7136659606 0
0 26 14 2
0 0 4073.6292394481 0 0 0 0 0 0 0 0 0 0 0 204.8416538247 0 0 0 0 0 0 0 0 0 0 0 776.5291067272 0 0 0
0 11 15 10 25 6 8 16 27
0 0 0 0 0 0 229.2675550581 0 380.2389553045 0 643.0793539199 801.057944994 0 0 0 850.9850992445 1250.2931157447 0 0 0 0 0 0 0 0 495.3874787623 0 404.690496972 0 0
0 13 5 18 17 21 23 29 20 22
0 0 0 0 0 619.4492932189 0 0 0 0 0 0 0 565.1153022323 0 0 0 587.0350663863 220.4026704773 0 454.3164036097 894.034141397 997.025890506 504.8462994403 0 0 0 0 0 212.7749327322
169665.999 169687.864 0.013 745.441 2243.458 
0 1
0 5055.0 0 0 0 0 0 0 0 0 0 0 0 0 0 0 0 0 0 0 0 0 0 0 0 0 0 0 0 0
0 3 19 24 28 7 4 12 9
0 0 0 1313.0107763272 226.5714252232 0 0 991.1512315073 0 307.4039257914 0 0 805.8733767991 0 0 0 0 0 0 580.739792849 0 0 0 0 173.5358055422 0 0 0 656.7136659606 0
0 26 14 2
0 0 4073.6292394481 0 0 0 0 0 0 0 0 0 0 0 204.8416538247 0 0 0 0 0 0 0 0 0 0 0 776.5291067272 0 0 0
0 11 15 10 25 6 8 16 27
0 0 0 0 0 0 229.2675550581 0 380.2389553045 0 643.0793539199 801.057944994 0 0 0 850.9850992445 1250.2931157447 0 0 0 0 0 0 0 0 495.3874787623 0 404.690496972 0 0
0 13 5 18 17 21 23 29 20 22
0 0 0 0 0 619.4492932189 0 0 0 0 0 0 0 565.1153022323 0 0 0 587.0350663863 220.4026704773 0 454.3164036097 894.034141397 997.025890506 504.8462994403 0 0 0 0 0 212.7749327322
**********2022-05-21 19:20:18**********
169666.012 169708.487 0.025 222.159 222.16 
0 2 21
0 0 4138.1 0 0 0 0 0 0 0 0 0 0 0 0 0 0 0 0 0 0 916.9 0 0 0 0 0 0 0 0
0 22 13 5 28 8 19 25 6 23
0 0 0 0 0 627.4 227.2 0 376.9 0 0 0 0 572.4 0 0 0 0 0 581.4 0 0 1009.8 511.3 0 491.0 0 0 657.5 0
0 9 20 10 29 26 12 4 17 7
0 0 0 0 228.4 0 0 999.1 0 309.9 641.8 0 812.4 0 0 0 0 598.7 0 0 463.3 0 0 0 0 0 784.4 0 0 217.0
0 1
0 5055.0 0 0 0 0 0 0 0 0 0 0 0 0 0 0 0 0 0 0 0 0 0 0 0 0 0 0 0 0
0 11 27 15 14 3 16 24 18
0 0 0 1279.1 0 0 0 0 0 0 0 772.6 0 0 200.0 820.8 1205.9 0 217.2 0 0 0 0 0 169.1 0 0 390.3 0 0
**********2022-05-21 19:36:55**********
169665.995 169681.222 0.009 1219.203 1219.203 
0 13 18 6 3 20 15 23 21
0 0 0 1313.8 0 0 227.1 0 0 0 0 0 0 572.0 0 843.0 0 0 223.1 0 459.9 905.0 0 511.0 0 0 0 0 0 0
0 9 17 4 7 10 25 27 11 5
0 0 0 0 226.1 625.2 0 988.9 0 306.7 635.2 791.3 0 0 0 0 0 592.5 0 0 0 0 0 0 0 489.3 0 399.7 0 0
0 29 8 19 16 24 28 22 26
0 0 0 0 0 0 0 0 378.5 0 0 0 0 0 0 0 1244.7 0 0 583.9 0 0 1014.2 0 174.5 0 782.4 0 660.3 216.4
0 1
0 5055.0 0 0 0 0 0 0 0 0 0 0 0 0 0 0 0 0 0 0 0 0 0 0 0 0 0 0 0 0
0 12 2 14
0 0 4051.4 0 0 0 0 0 0 0 0 0 799.8 0 203.7 0 0 0 0 0 0 0 0 0 0 0 0 0 0 0
**********2022-05-21 19:38:55**********
169665.995 169681.222 0.009 1219.203 1339.394 
0 13 18 6 3 20 15 23 21
0 0 0 1313.8 0 0 227.1 0 0 0 0 0 0 572.0 0 843.0 0 0 223.1 0 459.9 905.0 0 511.0 0 0 0 0 0 0
0 9 17 4 7 10 25 27 11 5
0 0 0 0 226.1 625.2 0 988.9 0 306.7 635.2 791.3 0 0 0 0 0 592.5 0 0 0 0 0 0 0 489.3 0 399.7 0 0
0 29 8 19 16 24 28 22 26
0 0 0 0 0 0 0 0 378.5 0 0 0 0 0 0 0 1244.7 0 0 583.9 0 0 1014.2 0 174.5 0 782.4 0 660.3 216.4
0 1
0 5055.0 0 0 0 0 0 0 0 0 0 0 0 0 0 0 0 0 0 0 0 0 0 0 0 0 0 0 0 0
0 12 2 14
0 0 4051.4 0 0 0 0 0 0 0 0 0 799.8 0 203.7 0 0 0 0 0 0 0 0 0 0 0 0 0 0 0
**********2022-05-21 19:44:47**********
169665.994 169681.222 0.009 1219.203 1691.736 
0 13 18 6 3 20 15 23 21
0 0 0 1313.8 0 0 227.1 0 0 0 0 0 0 572.0 0 843.0 0 0 223.1 0 459.9 905.0 0 511.0 0 0 0 0 0 0
0 9 17 4 7 10 25 27 11 5
0 0 0 0 226.1 625.2 0 988.9 0 306.7 635.2 791.3 0 0 0 0 0 592.5 0 0 0 0 0 0 0 489.3 0 399.7 0 0
0 29 8 19 16 24 28 22 26
0 0 0 0 0 0 0 0 378.5 0 0 0 0 0 0 0 1244.7 0 0 583.9 0 0 1014.2 0 174.5 0 782.4 0 660.3 216.4
0 1
0 5055.0 0 0 0 0 0 0 0 0 0 0 0 0 0 0 0 0 0 0 0 0 0 0 0 0 0 0 0 0
0 12 2 14
0 0 4051.4 0 0 0 0 0 0 0 0 0 799.8 0 203.7 0 0 0 0 0 0 0 0 0 0 0 0 0 0 0
**********2022-05-21 19:47:14**********
169665.996 169681.222 0.009 1219.203 1838.28 
0 13 18 6 3 20 15 23 21
0 0 0 1313.8 0 0 227.1 0 0 0 0 0 0 572.0 0 843.0 0 0 223.1 0 459.9 905.0 0 511.0 0 0 0 0 0 0
0 9 17 4 7 10 25 27 11 5
0 0 0 0 226.1 625.2 0 988.9 0 306.7 635.2 791.3 0 0 0 0 0 592.5 0 0 0 0 0 0 0 489.3 0 399.7 0 0
0 29 8 19 16 24 28 22 26
0 0 0 0 0 0 0 0 378.5 0 0 0 0 0 0 0 1244.7 0 0 583.9 0 0 1014.2 0 174.5 0 782.4 0 660.3 216.4
0 1
0 5055.0 0 0 0 0 0 0 0 0 0 0 0 0 0 0 0 0 0 0 0 0 0 0 0 0 0 0 0 0
0 12 2 14
0 0 4051.4 0 0 0 0 0 0 0 0 0 799.8 0 203.7 0 0 0 0 0 0 0 0 0 0 0 0 0 0 0
**********2022-05-21 19:47:56**********
169665.996 169681.222 0.009 1219.203 1880.262 
0 13 18 6 3 20 15 23 21
0 0 0 1313.8 0 0 227.1 0 0 0 0 0 0 572.0 0 843.0 0 0 223.1 0 459.9 905.0 0 511.0 0 0 0 0 0 0
0 9 17 4 7 10 25 27 11 5
0 0 0 0 226.1 625.2 0 988.9 0 306.7 635.2 791.3 0 0 0 0 0 592.5 0 0 0 0 0 0 0 489.3 0 399.7 0 0
0 29 8 19 16 24 28 22 26
0 0 0 0 0 0 0 0 378.5 0 0 0 0 0 0 0 1244.7 0 0 583.9 0 0 1014.2 0 174.5 0 782.4 0 660.3 216.4
0 1
0 5055.0 0 0 0 0 0 0 0 0 0 0 0 0 0 0 0 0 0 0 0 0 0 0 0 0 0 0 0 0
0 12 2 14
0 0 4051.4 0 0 0 0 0 0 0 0 0 799.8 0 203.7 0 0 0 0 0 0 0 0 0 0 0 0 0 0 0
**********2024-01-28 16:40:06**********
169666.022 169727.076 0.036 1153.894 1153.894 
0 1
0 5055.0 0 0 0 0 0 0 0 0 0 0 0 0 0 0 0 0 0 0 0 0 0 0 0 0 0 0 0 0
0 9 15 23 14 10 3 16
0 0 0 1313.4 0 0 0 0 0 307.5 636.9 0 0 0 205.3 842.8 1238.2 0 0 0 0 0 0 510.9 0 0 0 0 0 0
0 22 13 5 28 24 8 19 29 20 6
0 0 0 0 0 647.0 234.3 0 388.7 0 0 0 0 590.2 0 0 0 0 0 599.6 474.5 0 1041.3 0 179.2 0 0 0 678.0 222.2
0 25 27 11 26 12 4 17 7
0 0 0 0 225.5 0 0 986.3 0 0 0 789.2 801.9 0 0 0 0 591.0 0 0 0 0 0 0 0 488.1 774.3 398.7 0 0
0 2 21 18
0 0 3961.0 0 0 0 0 0 0 0 0 0 0 0 0 0 0 0 216.4 0 0 877.6 0 0 0 0 0 0 0 0
**********2024-01-28 16:58:45**********
169666.0 169697.476 0.019 2272.346 2272.346 
0 1
0 5055.0 0 0 0 0 0 0 0 0 0 0 0 0 0 0 0 0 0 0 0 0 0 0 0 0 0 0 0 0
0 9 2 28
0 0 4089.2 0 0 0 0 0 0 307.9 0 0 0 0 0 0 0 0 0 0 0 0 0 0 0 0 0 0 657.9 0
0 22 26 17 23 20 10 15 6
0 0 0 0 0 0 226.9 0 0 0 636.4 0 0 0 0 842.1 0 593.6 0 0 459.4 0 1008.2 510.5 0 0 777.8 0 0 0
0 21 13 5 18 4 7 19 8 25
0 0 0 0 229.5 634.7 0 1003.8 381.3 0 0 0 0 579.0 0 0 0 0 225.8 588.2 0 916.0 0 0 0 496.7 0 0 0 0
0 11 27 29 14 3 16 24 12
0 0 0 1290.2 0 0 0 0 0 0 0 779.3 791.8 0 201.7 0 1216.3 0 0 0 0 0 0 0 170.5 0 0 393.7 0 211.5
**********2024-01-28 17:03:37**********
169666.006 169697.476 0.019 2272.346 2564.805 
0 1
0 5055.0 0 0 0 0 0 0 0 0 0 0 0 0 0 0 0 0 0 0 0 0 0 0 0 0 0 0 0 0
0 9 2 28
0 0 4089.2 0 0 0 0 0 0 307.9 0 0 0 0 0 0 0 0 0 0 0 0 0 0 0 0 0 0 657.9 0
0 22 26 17 23 20 10 15 6
0 0 0 0 0 0 226.9 0 0 0 636.4 0 0 0 0 842.1 0 593.6 0 0 459.4 0 1008.2 510.5 0 0 777.8 0 0 0
0 21 13 5 18 4 7 19 8 25
0 0 0 0 229.5 634.7 0 1003.8 381.3 0 0 0 0 579.0 0 0 0 0 225.8 588.2 0 916.0 0 0 0 496.7 0 0 0 0
0 11 27 29 14 3 16 24 12
0 0 0 1290.2 0 0 0 0 0 0 0 779.3 791.8 0 201.7 0 1216.3 0 0 0 0 0 0 0 170.5 0 0 393.7 0 211.5
**********2024-01-28 17:25:49**********
169665.994 169689.565 0.014 3896.882 3896.882 
0 1
0 5055.0 0 0 0 0 0 0 0 0 0 0 0 0 0 0 0 0 0 0 0 0 0 0 0 0 0 0 0 0
0 10 17 7 16 28 8 19
0 0 0 0 0 0 0 987.5 375.1 0 634.4 0 0 0 0 0 1233.3 591.7 0 578.6 0 0 0 0 0 0 0 0 654.3 0
0 27 15 23 20 22 12 5 18 4
0 0 0 0 224.4 620.6 0 0 0 0 0 0 798.1 0 0 834.4 0 0 220.8 0 455.2 0 998.9 505.8 0 0 0 396.8 0 0
0 2 9 6 14 24
0 0 4130.9 0 0 0 229.7 0 0 311.1 0 0 0 0 207.7 0 0 0 0 0 0 0 0 0 175.6 0 0 0 0 0
0 21 25 3 29 11 13 26
0 0 0 1310.1 0 0 0 0 0 0 0 791.3 0 570.5 0 0 0 0 0 0 0 902.5 0 0 0 489.4 776.4 0 0 214.8
**********2024-01-28 17:34:23**********
169665.994 169689.565 0.014 3896.882 4410.968 
0 1
0 5055.0 0 0 0 0 0 0 0 0 0 0 0 0 0 0 0 0 0 0 0 0 0 0 0 0 0 0 0 0
0 10 17 7 16 28 8 19
0 0 0 0 0 0 0 987.5 375.1 0 634.4 0 0 0 0 0 1233.3 591.7 0 578.6 0 0 0 0 0 0 0 0 654.3 0
0 27 15 23 20 22 12 5 18 4
0 0 0 0 224.4 620.6 0 0 0 0 0 0 798.1 0 0 834.4 0 0 220.8 0 455.2 0 998.9 505.8 0 0 0 396.8 0 0
0 2 9 6 14 24
0 0 4130.9 0 0 0 229.7 0 0 311.1 0 0 0 0 207.7 0 0 0 0 0 0 0 0 0 175.6 0 0 0 0 0
0 21 25 3 29 11 13 26
0 0 0 1310.1 0 0 0 0 0 0 0 791.3 0 570.5 0 0 0 0 0 0 0 902.5 0 0 0 489.4 776.4 0 0 214.8
**********2024-01-28 17:43:31**********
169665.994 169689.565 0.014 3896.882 4958.766 
0 1
0 5055.0 0 0 0 0 0 0 0 0 0 0 0 0 0 0 0 0 0 0 0 0 0 0 0 0 0 0 0 0
0 10 17 7 16 28 8 19
0 0 0 0 0 0 0 987.5 375.1 0 634.4 0 0 0 0 0 1233.3 591.7 0 578.6 0 0 0 0 0 0 0 0 654.3 0
0 27 15 23 20 22 12 5 18 4
0 0 0 0 224.4 620.6 0 0 0 0 0 0 798.1 0 0 834.4 0 0 220.8 0 455.2 0 998.9 505.8 0 0 0 396.8 0 0
0 2 9 6 14 24
0 0 4130.9 0 0 0 229.7 0 0 311.1 0 0 0 0 207.7 0 0 0 0 0 0 0 0 0 175.6 0 0 0 0 0
0 21 25 3 29 11 13 26
0 0 0 1310.1 0 0 0 0 0 0 0 791.3 0 570.5 0 0 0 0 0 0 0 902.5 0 0 0 489.4 776.4 0 0 214.8
**********2024-01-28 17:55:09**********
169665.994 169689.565 0.014 3896.882 5656.747 
0 1
0 5055.0 0 0 0 0 0 0 0 0 0 0 0 0 0 0 0 0 0 0 0 0 0 0 0 0 0 0 0 0
0 10 17 7 16 28 8 19
0 0 0 0 0 0 0 987.5 375.1 0 634.4 0 0 0 0 0 1233.3 591.7 0 578.6 0 0 0 0 0 0 0 0 654.3 0
0 27 15 23 20 22 12 5 18 4
0 0 0 0 224.4 620.6 0 0 0 0 0 0 798.1 0 0 834.4 0 0 220.8 0 455.2 0 998.9 505.8 0 0 0 396.8 0 0
0 2 9 6 14 24
0 0 4130.9 0 0 0 229.7 0 0 311.1 0 0 0 0 207.7 0 0 0 0 0 0 0 0 0 175.6 0 0 0 0 0
0 21 25 3 29 11 13 26
0 0 0 1310.1 0 0 0 0 0 0 0 791.3 0 570.5 0 0 0 0 0 0 0 902.5 0 0 0 489.4 776.4 0 0 214.8
**********2024-01-28 18:04:41**********
169665.994 169689.565 0.014 3896.882 6229.014 
0 1
0 5055.0 0 0 0 0 0 0 0 0 0 0 0 0 0 0 0 0 0 0 0 0 0 0 0 0 0 0 0 0
0 10 17 7 16 28 8 19
0 0 0 0 0 0 0 987.5 375.1 0 634.4 0 0 0 0 0 1233.3 591.7 0 578.6 0 0 0 0 0 0 0 0 654.3 0
0 27 15 23 20 22 12 5 18 4
0 0 0 0 224.4 620.6 0 0 0 0 0 0 798.1 0 0 834.4 0 0 220.8 0 455.2 0 998.9 505.8 0 0 0 396.8 0 0
0 2 9 6 14 24
0 0 4130.9 0 0 0 229.7 0 0 311.1 0 0 0 0 207.7 0 0 0 0 0 0 0 0 0 175.6 0 0 0 0 0
0 21 25 3 29 11 13 26
0 0 0 1310.1 0 0 0 0 0 0 0 791.3 0 570.5 0 0 0 0 0 0 0 902.5 0 0 0 489.4 776.4 0 0 214.8
**********2024-01-28 18:15:31**********
169665.994 169689.565 0.014 3896.882 6878.751 
0 1
0 5055.0 0 0 0 0 0 0 0 0 0 0 0 0 0 0 0 0 0 0 0 0 0 0 0 0 0 0 0 0
0 10 17 7 16 28 8 19
0 0 0 0 0 0 0 987.5 375.1 0 634.4 0 0 0 0 0 1233.3 591.7 0 578.6 0 0 0 0 0 0 0 0 654.3 0
0 27 15 23 20 22 12 5 18 4
0 0 0 0 224.4 620.6 0 0 0 0 0 0 798.1 0 0 834.4 0 0 220.8 0 455.2 0 998.9 505.8 0 0 0 396.8 0 0
0 2 9 6 14 24
0 0 4130.9 0 0 0 229.7 0 0 311.1 0 0 0 0 207.7 0 0 0 0 0 0 0 0 0 175.6 0 0 0 0 0
0 21 25 3 29 11 13 26
0 0 0 1310.1 0 0 0 0 0 0 0 791.3 0 570.5 0 0 0 0 0 0 0 902.5 0 0 0 489.4 776.4 0 0 214.8
**********2024-01-28 18:20:59**********
169665.994 169689.565 0.014 3896.882 7206.487 
0 1
0 5055.0 0 0 0 0 0 0 0 0 0 0 0 0 0 0 0 0 0 0 0 0 0 0 0 0 0 0 0 0
0 10 17 7 16 28 8 19
0 0 0 0 0 0 0 987.5 375.1 0 634.4 0 0 0 0 0 1233.3 591.7 0 578.6 0 0 0 0 0 0 0 0 654.3 0
0 27 15 23 20 22 12 5 18 4
0 0 0 0 224.4 620.6 0 0 0 0 0 0 798.1 0 0 834.4 0 0 220.8 0 455.2 0 998.9 505.8 0 0 0 396.8 0 0
0 2 9 6 14 24
0 0 4130.9 0 0 0 229.7 0 0 311.1 0 0 0 0 207.7 0 0 0 0 0 0 0 0 0 175.6 0 0 0 0 0
0 21 25 3 29 11 13 26
0 0 0 1310.1 0 0 0 0 0 0 0 791.3 0 570.5 0 0 0 0 0 0 0 902.5 0 0 0 489.4 776.4 0 0 214.8
**********2024-01-28 18:21:47**********
169665.994 169689.565 0.014 3896.882 7254.431 
0 1
0 5055.0 0 0 0 0 0 0 0 0 0 0 0 0 0 0 0 0 0 0 0 0 0 0 0 0 0 0 0 0
0 10 17 7 16 28 8 19
0 0 0 0 0 0 0 987.5 375.1 0 634.4 0 0 0 0 0 1233.3 591.7 0 578.6 0 0 0 0 0 0 0 0 654.3 0
0 27 15 23 20 22 12 5 18 4
0 0 0 0 224.4 620.6 0 0 0 0 0 0 798.1 0 0 834.4 0 0 220.8 0 455.2 0 998.9 505.8 0 0 0 396.8 0 0
0 2 9 6 14 24
0 0 4130.9 0 0 0 229.7 0 0 311.1 0 0 0 0 207.7 0 0 0 0 0 0 0 0 0 175.6 0 0 0 0 0
0 21 25 3 29 11 13 26
0 0 0 1310.1 0 0 0 0 0 0 0 791.3 0 570.5 0 0 0 0 0 0 0 902.5 0 0 0 489.4 776.4 0 0 214.8
