165521.475 165559.598 0.023 2278.466 2278.467 
0 15 21 23 18 27 10 3 6
0 0 0 1313.5866476465 0 0 207.8375657454 0 0 0 648.2993861719 0 0 0 0 814.6467808992 0 0 217.8713656207 0 0 872.4230963775 0 481.1139358915 0 0 0 381.2212216473 0 0
0 1
0 4937.0 0 0 0 0 0 0 0 0 0 0 0 0 0 0 0 0 0 0 0 0 0 0 0 0 0 0 0 0
0 13 29 20 16 8 26 22
0 0 0 0 0 0 0 0 390.5650817407 0 0 0 0 578.089487371 0 0 1309.8549326387 0 0 0 428.9660379882 0 1012.6308141322 0 0 0 991.9813966549 0 0 224.9122494744
0 11 17 2
0 0 3597.4803364785 0 0 0 0 0 0 0 0 681.4407560238 0 0 0 0 0 658.0789074977 0 0 0 0 0 0 0 0 0 0 0 0
0 28 24 25 19 9 5 12 14 7 4
0 0 0 0 232.7500678202 546.2570770318 0 949.5462886472 0 317.383686546 0 0 868.7888110851 0 197.3388194536 0 0 0 0 553.0816663435 0 0 0 0 186.9589277311 519.0353858734 0 0 565.8592694682 0
165521.439 165550.035 0.017 3732.475 3732.475 
0 2 16
0 0 3646.2770953211 0 0 0 0 0 0 0 0 0 0 0 0 0 1290.7229046789 0 0 0 0 0 0 0 0 0 0 0 0 0
0 15 29 23 5 8 10 3 13
0 0 0 1306.9065566537 0 542.5719277491 0 0 377.4043754352 0 645.0025356003 0 0 558.6098505133 0 810.5039901415 0 0 0 0 0 0 0 478.6672873393 0 0 0 0 0 217.3334765676
0 1
0 4937.0 0 0 0 0 0 0 0 0 0 0 0 0 0 0 0 0 0 0 0 0 0 0 0 0 0 0 0 0
0 28 22 20 6 4 19 9 25 12 18
0 0 0 0 235.1890885292 0 210.3666873083 0 0 320.7095948537 0 0 877.8929712766 0 0 0 0 0 220.5225858982 558.8774869447 421.6999379157 0 995.478228192 0 0 524.4744307112 0 0 571.7889883704 0
0 11 14 21 27 7 26 17 24
0 0 0 0 0 0 0 957.6781148065 0 0 0 687.7430730966 0 0 199.0288107615 0 0 664.1651620947 0 0 0 881.3656993762 0 0 188.5600266111 0 973.3302577366 385.1288555168 0 0
**********2022-05-21 16:11:39**********
165521.543 165564.146 0.026 1007.322 1007.323 
0 6 24 4 22 28 5 15 16
0 0 0 0 238.6 560.0 213.4 0 0 0 0 0 0 0 0 836.6 1306.5 0 0 0 0 0 1010.0 0 191.7 0 0 0 580.1 0
0 1
0 4937.0 0 0 0 0 0 0 0 0 0 0 0 0 0 0 0 0 0 0 0 0 0 0 0 0 0 0 0 0
0 11 8 19 18 13 10 20 25 26
0 0 0 0 0 0 0 0 379.2 0 648.1 680.6 0 561.3 0 0 0 0 217.8 552.0 416.5 0 0 0 0 518.0 963.2 0 0 0
0 17 12 3 23 21 9 27
0 0 0 1326.2 0 0 0 0 0 319.9 0 0 875.7 0 0 0 0 663.8 0 0 0 880.8 0 485.7 0 0 0 384.9 0 0
0 2 14 29 7
0 0 3579.2 0 0 0 0 944.1 0 0 0 0 0 0 196.2 0 0 0 0 0 0 0 0 0 0 0 0 0 0 217.5
**********2022-05-21 16:22:01**********
165521.543 165554.017 0.02 1629.762 1629.762 
0 1
0 4937.0 0 0 0 0 0 0 0 0 0 0 0 0 0 0 0 0 0 0 0 0 0 0 0 0 0 0 0 0
0 12 2 29 14
0 0 3638.3 0 0 0 0 0 0 0 0 0 878.1 0 199.4 0 0 0 0 0 0 0 0 0 0 0 0 0 0 221.1
0 21 19 10 27 25 4 18 26 13
0 0 0 0 231.9 0 0 0 0 0 646.9 0 0 560.3 0 0 0 0 217.4 551.0 0 870.6 0 0 0 517.1 961.4 380.4 0 0
0 9 6 3 8 16 20 7
0 0 0 1335.9 0 0 211.4 964.1 385.8 322.2 0 0 0 0 0 0 1293.8 0 0 0 423.7 0 0 0 0 0 0 0 0 0
0 5 28 24 15 17 22 11 23
0 0 0 0 0 547.9 0 0 0 0 0 683.9 0 0 0 818.4 0 660.5 0 0 0 0 988.0 483.3 187.5 0 0 0 567.5 0
**********2022-05-21 16:46:36**********
165521.5 165554.017 0.02 1629.762 3104.12 
0 1
0 4937.0 0 0 0 0 0 0 0 0 0 0 0 0 0 0 0 0 0 0 0 0 0 0 0 0 0 0 0 0
0 12 2 29 14
0 0 3638.3 0 0 0 0 0 0 0 0 0 878.1 0 199.4 0 0 0 0 0 0 0 0 0 0 0 0 0 0 221.1
0 21 19 10 27 25 4 18 26 13
0 0 0 0 231.9 0 0 0 0 0 646.9 0 0 560.3 0 0 0 0 217.4 551.0 0 870.6 0 0 0 517.1 961.4 380.4 0 0
0 9 6 3 8 16 20 7
0 0 0 1335.9 0 0 211.4 964.1 385.8 322.2 0 0 0 0 0 0 1293.8 0 0 0 423.7 0 0 0 0 0 0 0 0 0
0 5 28 24 15 17 22 11 23
0 0 0 0 0 547.9 0 0 0 0 0 683.9 0 0 0 818.4 0 660.5 0 0 0 0 988.0 483.3 187.5 0 0 0 567.5 0
**********2022-05-21 17:08:02**********
165521.425 165554.017 0.02 1629.762 4391.081 
0 1
0 4937.0 0 0 0 0 0 0 0 0 0 0 0 0 0 0 0 0 0 0 0 0 0 0 0 0 0 0 0 0
0 12 2 29 14
0 0 3638.3 0 0 0 0 0 0 0 0 0 878.1 0 199.4 0 0 0 0 0 0 0 0 0 0 0 0 0 0 221.1
0 21 19 10 27 25 4 18 26 13
0 0 0 0 231.9 0 0 0 0 0 646.9 0 0 560.3 0 0 0 0 217.4 551.0 0 870.6 0 0 0 517.1 961.4 380.4 0 0
0 9 6 3 8 16 20 7
0 0 0 1335.9 0 0 211.4 964.1 385.8 322.2 0 0 0 0 0 0 1293.8 0 0 0 423.7 0 0 0 0 0 0 0 0 0
0 5 28 24 15 17 22 11 23
0 0 0 0 0 547.9 0 0 0 0 0 683.9 0 0 0 818.4 0 660.5 0 0 0 0 988.0 483.3 187.5 0 0 0 567.5 0
