**********2022-05-21 06:51:34**********
171291.71 171317.835 0.015 656.055 656.056 
0 2
0 0 2793.0 0 0 0 0 0 0 0 0 0 0 0 0 0 0 0 0 0 0 0 0 0 0 0 0 0 0 0 0 0 0 0 0 0 0 0 0 0 0 0 0 0 0 0 0 0 0 0 0 0 0 0 0 0 0 0 0 0
0 1
0 2793.0 0 0 0 0 0 0 0 0 0 0 0 0 0 0 0 0 0 0 0 0 0 0 0 0 0 0 0 0 0 0 0 0 0 0 0 0 0 0 0 0 0 0 0 0 0 0 0 0 0 0 0 0 0 0 0 0 0 0
0 9 45 55 50 30 33
0 0 0 0 0 0 0 0 0 474.1 0 0 0 0 0 0 0 0 0 0 0 0 0 0 0 0 0 0 0 0 474.2 0 0 841.0 0 0 0 0 0 0 0 0 0 0 0 230.1 0 0 0 0 504.8 0 0 0 0 268.8 0 0 0 0
0 29 31 56 23 20 36 3 46 57 7
0 0 0 806.6 0 0 0 179.5 0 0 0 0 0 0 0 0 0 0 0 0 253.5 0 0 163.7 0 0 0 0 0 182.9 0 244.9 0 0 0 0 255.5 0 0 0 0 0 0 0 0 0 174.6 0 0 0 0 0 0 0 0 0 309.5 222.3 0 0
0 49 47 48 43 13 11 15
0 0 0 0 0 0 0 0 0 0 0 76.4 0 195.8 0 1116.6 0 0 0 0 0 0 0 0 0 0 0 0 0 0 0 0 0 0 0 0 0 0 0 0 0 0 0 162.9 0 0 0 256.9 516.9 467.5 0 0 0 0 0 0 0 0 0 0
0 5 52 40 27 10 14 6 35
0 0 0 0 0 287.6 250.9 0 0 0 253.9 0 0 0 277.8 0 0 0 0 0 0 0 0 0 0 0 0 608.0 0 0 0 0 0 0 0 549.2 0 0 0 0 258.6 0 0 0 0 0 0 0 0 0 0 0 307.0 0 0 0 0 0 0 0
0 44 58 32 21 59 41 26 24 8
0 0 0 0 0 0 0 0 189.9 0 0 0 0 0 0 0 0 0 0 0 0 96.7 0 0 263.5 0 110.9 0 0 0 0 0 263.6 0 0 0 0 0 0 0 0 703.8 0 0 544.6 0 0 0 0 0 0 0 0 0 0 0 0 0 338.2 281.7
0 22 42 16 37 4 18 12 17 39
0 0 0 0 762.1 0 0 0 0 0 0 0 237.1 0 0 0 113.9 246.2 269.8 0 0 0 336.7 0 0 0 0 0 0 0 0 0 0 0 0 0 0 107.6 0 279.3 0 0 440.4 0 0 0 0 0 0 0 0 0 0 0 0 0 0 0 0 0
0 54 34 53 19 28 38 51 25
0 0 0 0 0 0 0 0 0 0 0 0 0 0 0 0 0 0 0 168.8 0 0 0 0 0 105.2 0 0 630.7 0 0 0 0 0 522.4 0 0 0 645.8 0 0 0 0 0 0 0 0 0 0 0 0 414.2 0 84.0 221.9 0 0 0 0 0
**********2022-05-21 07:04:12**********
171291.702 171308.206 0.01 1414.723 1414.723 
0 49 41 31 3 58 19 11
0 0 0 795.0 0 0 0 0 0 0 0 75.1 0 0 0 0 0 0 0 171.1 0 0 0 0 0 0 0 0 0 0 0 241.4 0 0 0 0 0 0 0 0 0 709.4 0 0 0 0 0 0 0 460.0 0 0 0 0 0 0 0 0 340.9 0
0 1
0 2793.0 0 0 0 0 0 0 0 0 0 0 0 0 0 0 0 0 0 0 0 0 0 0 0 0 0 0 0 0 0 0 0 0 0 0 0 0 0 0 0 0 0 0 0 0 0 0 0 0 0 0 0 0 0 0 0 0 0 0
0 47 13 15 21 28 24 10
0 0 0 0 0 0 0 0 0 0 249.0 0 0 192.5 0 1097.7 0 0 0 0 0 97.4 0 0 265.4 0 0 0 638.5 0 0 0 0 0 0 0 0 0 0 0 0 0 0 0 0 0 0 252.5 0 0 0 0 0 0 0 0 0 0 0 0
0 59 57 8 39 18 36 32 20 44 17
0 0 0 0 0 0 0 0 190.4 0 0 0 0 0 0 0 0 245.5 269.0 0 248.5 0 0 0 0 0 0 0 0 0 0 0 264.3 0 0 0 250.4 0 0 278.4 0 0 0 0 546.0 0 0 0 0 0 0 0 0 0 0 0 0 218.0 0 282.5
0 9 56 45 42 12 40 22 48
0 0 0 0 0 0 0 0 0 476.3 0 0 237.8 0 0 0 0 0 0 0 0 0 337.7 0 0 0 0 0 0 0 0 0 0 0 0 0 0 0 0 0 254.0 0 441.7 0 0 231.2 0 0 508.9 0 0 0 0 0 0 0 305.2 0 0 0
0 2
0 0 2793.0 0 0 0 0 0 0 0 0 0 0 0 0 0 0 0 0 0 0 0 0 0 0 0 0 0 0 0 0 0 0 0 0 0 0 0 0 0 0 0 0 0 0 0 0 0 0 0 0 0 0 0 0 0 0 0 0 0
0 16 50 54 14 7 33 27
0 0 0 0 0 0 0 180.5 0 0 0 0 0 0 278.3 0 116.5 0 0 0 0 0 0 0 0 0 0 609.1 0 0 0 0 0 861.8 0 0 0 0 0 0 0 0 0 0 0 0 0 0 0 0 517.3 0 0 0 229.5 0 0 0 0 0
0 46 38 29 34 43 5 35 6
0 0 0 0 0 285.3 248.9 0 0 0 0 0 0 0 0 0 0 0 0 0 0 0 0 0 0 0 0 0 0 182.2 0 0 0 0 534.9 544.7 0 0 661.2 0 0 0 0 162.0 0 0 173.9 0 0 0 0 0 0 0 0 0 0 0 0 0
0 51 23 4 53 30 26 52 55 25 37
0 0 0 0 761.0 0 0 0 0 0 0 0 0 0 0 0 0 0 0 0 0 0 0 160.7 0 106.2 111.3 0 0 0 474.3 0 0 0 0 0 0 107.5 0 0 0 0 0 0 0 0 0 0 0 0 0 418.1 300.2 84.8 0 268.9 0 0 0 0
**********2022-05-21 07:19:13**********
171291.696 171308.206 0.01 1414.723 2315.439 
0 49 41 31 3 58 19 11
0 0 0 795.0 0 0 0 0 0 0 0 75.1 0 0 0 0 0 0 0 171.1 0 0 0 0 0 0 0 0 0 0 0 241.4 0 0 0 0 0 0 0 0 0 709.4 0 0 0 0 0 0 0 460.0 0 0 0 0 0 0 0 0 340.9 0
0 1
0 2793.0 0 0 0 0 0 0 0 0 0 0 0 0 0 0 0 0 0 0 0 0 0 0 0 0 0 0 0 0 0 0 0 0 0 0 0 0 0 0 0 0 0 0 0 0 0 0 0 0 0 0 0 0 0 0 0 0 0 0
0 47 13 15 21 28 24 10
0 0 0 0 0 0 0 0 0 0 249.0 0 0 192.5 0 1097.7 0 0 0 0 0 97.4 0 0 265.4 0 0 0 638.5 0 0 0 0 0 0 0 0 0 0 0 0 0 0 0 0 0 0 252.5 0 0 0 0 0 0 0 0 0 0 0 0
0 59 57 8 39 18 36 32 20 44 17
0 0 0 0 0 0 0 0 190.4 0 0 0 0 0 0 0 0 245.5 269.0 0 248.5 0 0 0 0 0 0 0 0 0 0 0 264.3 0 0 0 250.4 0 0 278.4 0 0 0 0 546.0 0 0 0 0 0 0 0 0 0 0 0 0 218.0 0 282.5
0 9 56 45 42 12 40 22 48
0 0 0 0 0 0 0 0 0 476.3 0 0 237.8 0 0 0 0 0 0 0 0 0 337.7 0 0 0 0 0 0 0 0 0 0 0 0 0 0 0 0 0 254.0 0 441.7 0 0 231.2 0 0 508.9 0 0 0 0 0 0 0 305.2 0 0 0
0 2
0 0 2793.0 0 0 0 0 0 0 0 0 0 0 0 0 0 0 0 0 0 0 0 0 0 0 0 0 0 0 0 0 0 0 0 0 0 0 0 0 0 0 0 0 0 0 0 0 0 0 0 0 0 0 0 0 0 0 0 0 0
0 16 50 54 14 7 33 27
0 0 0 0 0 0 0 180.5 0 0 0 0 0 0 278.3 0 116.5 0 0 0 0 0 0 0 0 0 0 609.1 0 0 0 0 0 861.8 0 0 0 0 0 0 0 0 0 0 0 0 0 0 0 0 517.3 0 0 0 229.5 0 0 0 0 0
0 46 38 29 34 43 5 35 6
0 0 0 0 0 285.3 248.9 0 0 0 0 0 0 0 0 0 0 0 0 0 0 0 0 0 0 0 0 0 0 182.2 0 0 0 0 534.9 544.7 0 0 661.2 0 0 0 0 162.0 0 0 173.9 0 0 0 0 0 0 0 0 0 0 0 0 0
0 51 23 4 53 30 26 52 55 25 37
0 0 0 0 761.0 0 0 0 0 0 0 0 0 0 0 0 0 0 0 0 0 0 0 160.7 0 106.2 111.3 0 0 0 474.3 0 0 0 0 0 0 107.5 0 0 0 0 0 0 0 0 0 0 0 0 0 418.1 300.2 84.8 0 268.9 0 0 0 0
**********2022-05-21 07:32:17**********
171291.696 171308.206 0.01 1414.723 3099.625 
0 49 41 31 3 58 19 11
0 0 0 795.0 0 0 0 0 0 0 0 75.1 0 0 0 0 0 0 0 171.1 0 0 0 0 0 0 0 0 0 0 0 241.4 0 0 0 0 0 0 0 0 0 709.4 0 0 0 0 0 0 0 460.0 0 0 0 0 0 0 0 0 340.9 0
0 1
0 2793.0 0 0 0 0 0 0 0 0 0 0 0 0 0 0 0 0 0 0 0 0 0 0 0 0 0 0 0 0 0 0 0 0 0 0 0 0 0 0 0 0 0 0 0 0 0 0 0 0 0 0 0 0 0 0 0 0 0 0
0 47 13 15 21 28 24 10
0 0 0 0 0 0 0 0 0 0 249.0 0 0 192.5 0 1097.7 0 0 0 0 0 97.4 0 0 265.4 0 0 0 638.5 0 0 0 0 0 0 0 0 0 0 0 0 0 0 0 0 0 0 252.5 0 0 0 0 0 0 0 0 0 0 0 0
0 59 57 8 39 18 36 32 20 44 17
0 0 0 0 0 0 0 0 190.4 0 0 0 0 0 0 0 0 245.5 269.0 0 248.5 0 0 0 0 0 0 0 0 0 0 0 264.3 0 0 0 250.4 0 0 278.4 0 0 0 0 546.0 0 0 0 0 0 0 0 0 0 0 0 0 218.0 0 282.5
0 9 56 45 42 12 40 22 48
0 0 0 0 0 0 0 0 0 476.3 0 0 237.8 0 0 0 0 0 0 0 0 0 337.7 0 0 0 0 0 0 0 0 0 0 0 0 0 0 0 0 0 254.0 0 441.7 0 0 231.2 0 0 508.9 0 0 0 0 0 0 0 305.2 0 0 0
0 2
0 0 2793.0 0 0 0 0 0 0 0 0 0 0 0 0 0 0 0 0 0 0 0 0 0 0 0 0 0 0 0 0 0 0 0 0 0 0 0 0 0 0 0 0 0 0 0 0 0 0 0 0 0 0 0 0 0 0 0 0 0
0 16 50 54 14 7 33 27
0 0 0 0 0 0 0 180.5 0 0 0 0 0 0 278.3 0 116.5 0 0 0 0 0 0 0 0 0 0 609.1 0 0 0 0 0 861.8 0 0 0 0 0 0 0 0 0 0 0 0 0 0 0 0 517.3 0 0 0 229.5 0 0 0 0 0
0 46 38 29 34 43 5 35 6
0 0 0 0 0 285.3 248.9 0 0 0 0 0 0 0 0 0 0 0 0 0 0 0 0 0 0 0 0 0 0 182.2 0 0 0 0 534.9 544.7 0 0 661.2 0 0 0 0 162.0 0 0 173.9 0 0 0 0 0 0 0 0 0 0 0 0 0
0 51 23 4 53 30 26 52 55 25 37
0 0 0 0 761.0 0 0 0 0 0 0 0 0 0 0 0 0 0 0 0 0 0 0 160.7 0 106.2 111.3 0 0 0 474.3 0 0 0 0 0 0 107.5 0 0 0 0 0 0 0 0 0 0 0 0 0 418.1 300.2 84.8 0 268.9 0 0 0 0
**********2022-05-21 07:46:49**********
171291.695 171308.206 0.01 1414.723 3971.145 
0 49 41 31 3 58 19 11
0 0 0 795.0 0 0 0 0 0 0 0 75.1 0 0 0 0 0 0 0 171.1 0 0 0 0 0 0 0 0 0 0 0 241.4 0 0 0 0 0 0 0 0 0 709.4 0 0 0 0 0 0 0 460.0 0 0 0 0 0 0 0 0 340.9 0
0 1
0 2793.0 0 0 0 0 0 0 0 0 0 0 0 0 0 0 0 0 0 0 0 0 0 0 0 0 0 0 0 0 0 0 0 0 0 0 0 0 0 0 0 0 0 0 0 0 0 0 0 0 0 0 0 0 0 0 0 0 0 0
0 47 13 15 21 28 24 10
0 0 0 0 0 0 0 0 0 0 249.0 0 0 192.5 0 1097.7 0 0 0 0 0 97.4 0 0 265.4 0 0 0 638.5 0 0 0 0 0 0 0 0 0 0 0 0 0 0 0 0 0 0 252.5 0 0 0 0 0 0 0 0 0 0 0 0
0 59 57 8 39 18 36 32 20 44 17
0 0 0 0 0 0 0 0 190.4 0 0 0 0 0 0 0 0 245.5 269.0 0 248.5 0 0 0 0 0 0 0 0 0 0 0 264.3 0 0 0 250.4 0 0 278.4 0 0 0 0 546.0 0 0 0 0 0 0 0 0 0 0 0 0 218.0 0 282.5
0 9 56 45 42 12 40 22 48
0 0 0 0 0 0 0 0 0 476.3 0 0 237.8 0 0 0 0 0 0 0 0 0 337.7 0 0 0 0 0 0 0 0 0 0 0 0 0 0 0 0 0 254.0 0 441.7 0 0 231.2 0 0 508.9 0 0 0 0 0 0 0 305.2 0 0 0
0 2
0 0 2793.0 0 0 0 0 0 0 0 0 0 0 0 0 0 0 0 0 0 0 0 0 0 0 0 0 0 0 0 0 0 0 0 0 0 0 0 0 0 0 0 0 0 0 0 0 0 0 0 0 0 0 0 0 0 0 0 0 0
0 16 50 54 14 7 33 27
0 0 0 0 0 0 0 180.5 0 0 0 0 0 0 278.3 0 116.5 0 0 0 0 0 0 0 0 0 0 609.1 0 0 0 0 0 861.8 0 0 0 0 0 0 0 0 0 0 0 0 0 0 0 0 517.3 0 0 0 229.5 0 0 0 0 0
0 46 38 29 34 43 5 35 6
0 0 0 0 0 285.3 248.9 0 0 0 0 0 0 0 0 0 0 0 0 0 0 0 0 0 0 0 0 0 0 182.2 0 0 0 0 534.9 544.7 0 0 661.2 0 0 0 0 162.0 0 0 173.9 0 0 0 0 0 0 0 0 0 0 0 0 0
0 51 23 4 53 30 26 52 55 25 37
0 0 0 0 761.0 0 0 0 0 0 0 0 0 0 0 0 0 0 0 0 0 0 0 160.7 0 106.2 111.3 0 0 0 474.3 0 0 0 0 0 0 107.5 0 0 0 0 0 0 0 0 0 0 0 0 0 418.1 300.2 84.8 0 268.9 0 0 0 0
**********2022-05-21 07:59:08**********
171291.663 171308.206 0.01 1414.723 4710.663 
0 49 41 31 3 58 19 11
0 0 0 795.0 0 0 0 0 0 0 0 75.1 0 0 0 0 0 0 0 171.1 0 0 0 0 0 0 0 0 0 0 0 241.4 0 0 0 0 0 0 0 0 0 709.4 0 0 0 0 0 0 0 460.0 0 0 0 0 0 0 0 0 340.9 0
0 1
0 2793.0 0 0 0 0 0 0 0 0 0 0 0 0 0 0 0 0 0 0 0 0 0 0 0 0 0 0 0 0 0 0 0 0 0 0 0 0 0 0 0 0 0 0 0 0 0 0 0 0 0 0 0 0 0 0 0 0 0 0
0 47 13 15 21 28 24 10
0 0 0 0 0 0 0 0 0 0 249.0 0 0 192.5 0 1097.7 0 0 0 0 0 97.4 0 0 265.4 0 0 0 638.5 0 0 0 0 0 0 0 0 0 0 0 0 0 0 0 0 0 0 252.5 0 0 0 0 0 0 0 0 0 0 0 0
0 59 57 8 39 18 36 32 20 44 17
0 0 0 0 0 0 0 0 190.4 0 0 0 0 0 0 0 0 245.5 269.0 0 248.5 0 0 0 0 0 0 0 0 0 0 0 264.3 0 0 0 250.4 0 0 278.4 0 0 0 0 546.0 0 0 0 0 0 0 0 0 0 0 0 0 218.0 0 282.5
0 9 56 45 42 12 40 22 48
0 0 0 0 0 0 0 0 0 476.3 0 0 237.8 0 0 0 0 0 0 0 0 0 337.7 0 0 0 0 0 0 0 0 0 0 0 0 0 0 0 0 0 254.0 0 441.7 0 0 231.2 0 0 508.9 0 0 0 0 0 0 0 305.2 0 0 0
0 2
0 0 2793.0 0 0 0 0 0 0 0 0 0 0 0 0 0 0 0 0 0 0 0 0 0 0 0 0 0 0 0 0 0 0 0 0 0 0 0 0 0 0 0 0 0 0 0 0 0 0 0 0 0 0 0 0 0 0 0 0 0
0 16 50 54 14 7 33 27
0 0 0 0 0 0 0 180.5 0 0 0 0 0 0 278.3 0 116.5 0 0 0 0 0 0 0 0 0 0 609.1 0 0 0 0 0 861.8 0 0 0 0 0 0 0 0 0 0 0 0 0 0 0 0 517.3 0 0 0 229.5 0 0 0 0 0
0 46 38 29 34 43 5 35 6
0 0 0 0 0 285.3 248.9 0 0 0 0 0 0 0 0 0 0 0 0 0 0 0 0 0 0 0 0 0 0 182.2 0 0 0 0 534.9 544.7 0 0 661.2 0 0 0 0 162.0 0 0 173.9 0 0 0 0 0 0 0 0 0 0 0 0 0
0 51 23 4 53 30 26 52 55 25 37
0 0 0 0 761.0 0 0 0 0 0 0 0 0 0 0 0 0 0 0 0 0 0 0 160.7 0 106.2 111.3 0 0 0 474.3 0 0 0 0 0 0 107.5 0 0 0 0 0 0 0 0 0 0 0 0 0 418.1 300.2 84.8 0 268.9 0 0 0 0
**********2022-06-15 13:21:22**********
171291.725 171307.399 0.009 766.262 766.263 
0 1
0 2793.0 0 0 0 0 0 0 0 0 0 0 0 0 0 0 0 0 0 0 0 0 0 0 0 0 0 0 0 0 0 0 0 0 0 0 0 0 0 0 0 0 0 0 0 0 0 0 0 0 0 0 0 0 0 0 0 0 0 0
0 2
0 0 2793.0 0 0 0 0 0 0 0 0 0 0 0 0 0 0 0 0 0 0 0 0 0 0 0 0 0 0 0 0 0 0 0 0 0 0 0 0 0 0 0 0 0 0 0 0 0 0 0 0 0 0 0 0 0 0 0 0 0
0 21 56 47 5 49 33 34
0 0 0 0 0 284.5 0 0 0 0 0 0 0 0 0 0 0 0 0 0 0 98.3 0 0 0 0 0 0 0 0 0 0 0 851.0 533.5 0 0 0 0 0 0 0 0 0 0 0 0 254.7 0 463.6 0 0 0 0 0 0 307.4 0 0 0
0 16 8 22 15 51 29 30
0 0 0 0 0 0 0 0 189.7 0 0 0 0 0 0 1089.0 113.2 0 0 0 0 0 334.5 0 0 0 0 0 0 178.7 471.9 0 0 0 0 0 0 0 0 0 0 0 0 0 0 0 0 0 0 0 0 416.0 0 0 0 0 0 0 0 0
0 19 48 24 13 52 55 31 37 44 23
0 0 0 0 0 0 0 0 0 0 0 0 0 194.3 0 0 0 0 0 172.6 0 0 0 162.8 267.9 0 0 0 0 0 0 243.5 0 0 0 0 0 108.8 0 0 0 0 0 0 553.7 0 0 0 513.0 0 0 0 304.0 0 0 272.3 0 0 0 0
0 20 54 9 38 57 7 4
0 0 0 0 771.7 0 0 178.7 0 480.8 0 0 0 0 0 0 0 0 0 0 252.4 0 0 0 0 0 0 0 0 0 0 0 0 0 0 0 0 0 661.0 0 0 0 0 0 0 0 0 0 0 0 0 0 0 0 227.1 0 0 221.4 0 0
0 36 40 50 35 6 41 32
0 0 0 0 0 0 248.1 0 0 0 0 0 0 0 0 0 0 0 0 0 0 0 0 0 0 0 0 0 0 0 0 0 267.6 0 0 543.0 253.6 0 0 0 255.7 714.5 0 0 0 0 0 0 0 0 510.5 0 0 0 0 0 0 0 0 0
0 59 12 18 42 28 46 17 58 43
0 0 0 0 0 0 0 0 0 0 0 0 237.7 0 0 0 0 246.8 270.5 0 0 0 0 0 0 0 0 0 639.1 0 0 0 0 0 0 0 0 0 0 0 0 0 441.5 160.3 0 0 172.1 0 0 0 0 0 0 0 0 0 0 0 341.0 284.0
0 45 14 10 27 11 26 53 39 3 25
0 0 0 792.1 0 0 0 0 0 0 248.3 74.9 0 0 271.7 0 0 0 0 0 0 0 0 0 0 106.2 111.3 594.6 0 0 0 0 0 0 0 0 0 0 0 278.9 0 0 0 0 0 230.2 0 0 0 0 0 0 0 84.8 0 0 0 0 0 0
**********2024-01-21 01:02:25**********
171290.584 171315.254 0.014 1360.564 1360.565 
0 44 27 3 35 55
0 0 0 807.5 0 0 0 0 0 0 0 0 0 0 0 0 0 0 0 0 0 0 0 0 0 0 0 606.2 0 0 0 0 0 0 0 547.5 0 0 0 0 0 0 0 0 557.6 0 0 0 0 0 0 0 0 0 0 274.2 0 0 0 0
0 1
0 2793.0 0 0 0 0 0 0 0 0 0 0 0 0 0 0 0 0 0 0 0 0 0 0 0 0 0 0 0 0 0 0 0 0 0 0 0 0 0 0 0 0 0 0 0 0 0 0 0 0 0 0 0 0 0 0 0 0 0 0
0 2
0 0 2793.0 0 0 0 0 0 0 0 0 0 0 0 0 0 0 0 0 0 0 0 0 0 0 0 0 0 0 0 0 0 0 0 0 0 0 0 0 0 0 0 0 0 0 0 0 0 0 0 0 0 0 0 0 0 0 0 0 0
0 9 15 51 22 49
0 0 0 0 0 0 0 0 0 476.2 0 0 0 0 0 1099.2 0 0 0 0 0 0 337.7 0 0 0 0 0 0 0 0 0 0 0 0 0 0 0 0 0 0 0 0 0 0 0 0 0 0 460.2 0 419.8 0 0 0 0 0 0 0 0
0 41 29 20 10 31 25 37 54 50 57
0 0 0 0 0 0 0 0 0 0 249.0 0 0 0 0 0 0 0 0 0 249.6 0 0 0 0 106.5 0 0 0 180.1 0 241.2 0 0 0 0 0 107.8 0 0 0 708.8 0 0 0 0 0 0 0 0 506.4 0 0 0 224.6 0 0 219.0 0 0
0 36 40 34 39 24 28 6 14
0 0 0 0 0 0 251.2 0 0 0 0 0 0 0 278.1 0 0 0 0 0 0 0 0 0 270.9 0 0 0 651.8 0 0 0 0 0 539.8 0 256.8 0 0 285.5 258.9 0 0 0 0 0 0 0 0 0 0 0 0 0 0 0 0 0 0 0
0 13 26 5 43 47 46 7 4 17 53 19 8
0 0 0 0 760.1 280.9 0 176.0 190.4 0 0 0 0 191.7 0 0 0 245.6 0 170.2 0 0 0 0 0 0 111.2 0 0 0 0 0 0 0 0 0 0 0 0 0 0 0 0 159.5 0 0 171.2 251.5 0 0 0 0 0 84.7 0 0 0 0 0 0
0 56 58 21 32 23 45 16 33 42
0 0 0 0 0 0 0 0 0 0 0 0 0 0 0 0 113.8 0 0 0 0 97.2 0 160.9 0 0 0 0 0 0 0 0 264.9 841.8 0 0 0 0 0 0 0 0 440.1 0 0 230.3 0 0 0 0 0 0 0 0 0 0 304.1 0 339.9 0
0 59 11 52 18 12 30 48 38
0 0 0 0 0 0 0 0 0 0 0 74.8 236.4 0 0 0 0 0 269.1 0 0 0 0 0 0 0 0 0 0 0 473.6 0 0 0 0 0 0 0 650.9 0 0 0 0 0 0 0 0 0 505.9 0 0 0 299.8 0 0 0 0 0 0 282.5
**********2024-01-21 01:34:15**********
171290.584 171312.058 0.013 3270.478 3270.478 
0 1
0 2793.0 0 0 0 0 0 0 0 0 0 0 0 0 0 0 0 0 0 0 0 0 0 0 0 0 0 0 0 0 0 0 0 0 0 0 0 0 0 0 0 0 0 0 0 0 0 0 0 0 0 0 0 0 0 0 0 0 0 0
0 2
0 0 2793.0 0 0 0 0 0 0 0 0 0 0 0 0 0 0 0 0 0 0 0 0 0 0 0 0 0 0 0 0 0 0 0 0 0 0 0 0 0 0 0 0 0 0 0 0 0 0 0 0 0 0 0 0 0 0 0 0 0
0 44 36 40 34 39 24 28
0 0 0 0 0 0 0 0 0 0 0 0 0 0 0 0 0 0 0 0 0 0 0 0 268.0 0 0 0 644.7 0 0 0 0 0 534.0 0 254.0 0 0 282.4 256.1 0 0 0 553.8 0 0 0 0 0 0 0 0 0 0 0 0 0 0 0
0 52 17 18 12 5 30 48 42
0 0 0 0 0 285.2 0 0 0 0 0 0 240.1 0 0 0 0 249.3 273.2 0 0 0 0 0 0 0 0 0 0 0 481.0 0 0 0 0 0 0 0 0 0 0 0 445.9 0 0 0 0 0 513.8 0 0 0 304.4 0 0 0 0 0 0 0
0 59 26 43 47 46 7 4 57 49 8
0 0 0 0 764.1 0 0 176.9 191.5 0 0 0 0 0 0 0 0 0 0 0 0 0 0 0 0 0 111.8 0 0 0 0 0 0 0 0 0 0 0 0 0 0 0 0 160.4 0 0 172.1 252.8 0 460.1 0 0 0 0 0 0 0 219.2 0 284.1
0 41 15 35 55 19
0 0 0 0 0 0 0 0 0 0 0 0 0 0 0 1100.6 0 0 0 171.4 0 0 0 0 0 0 0 0 0 0 0 0 0 0 0 540.0 0 0 0 0 0 710.6 0 0 0 0 0 0 0 0 0 0 0 0 0 270.4 0 0 0 0
0 3 54 33 53 38 13
0 0 0 794.0 0 0 0 0 0 0 0 0 0 192.4 0 0 0 0 0 0 0 0 0 0 0 0 0 0 0 0 0 0 0 843.4 0 0 0 0 653.6 0 0 0 0 0 0 0 0 0 0 0 0 0 0 85.1 224.6 0 0 0 0 0
0 22 29 20 10 6 51 31 25 37 50 16
0 0 0 0 0 0 249.3 0 0 0 252.2 0 0 0 0 0 115.5 0 0 0 252.8 0 341.6 0 0 107.9 0 0 0 182.4 0 244.3 0 0 0 0 0 109.2 0 0 0 0 0 0 0 0 0 0 0 0 512.9 424.7 0 0 0 0 0 0 0 0
0 9 11 27 56 58 21 32 23 45 14
0 0 0 0 0 0 0 0 0 471.0 0 74.4 0 0 269.9 0 0 0 0 0 0 96.5 0 159.7 0 0 0 590.6 0 0 0 0 263.0 0 0 0 0 0 0 0 0 0 0 0 0 228.6 0 0 0 0 0 0 0 0 0 0 301.9 0 337.4 0
**********2024-01-21 02:05:10**********
171290.584 171312.058 0.013 3270.478 5125.804 
0 1
0 2793.0 0 0 0 0 0 0 0 0 0 0 0 0 0 0 0 0 0 0 0 0 0 0 0 0 0 0 0 0 0 0 0 0 0 0 0 0 0 0 0 0 0 0 0 0 0 0 0 0 0 0 0 0 0 0 0 0 0 0
0 2
0 0 2793.0 0 0 0 0 0 0 0 0 0 0 0 0 0 0 0 0 0 0 0 0 0 0 0 0 0 0 0 0 0 0 0 0 0 0 0 0 0 0 0 0 0 0 0 0 0 0 0 0 0 0 0 0 0 0 0 0 0
0 44 36 40 34 39 24 28
0 0 0 0 0 0 0 0 0 0 0 0 0 0 0 0 0 0 0 0 0 0 0 0 268.0 0 0 0 644.7 0 0 0 0 0 534.0 0 254.0 0 0 282.4 256.1 0 0 0 553.8 0 0 0 0 0 0 0 0 0 0 0 0 0 0 0
0 52 17 18 12 5 30 48 42
0 0 0 0 0 285.2 0 0 0 0 0 0 240.1 0 0 0 0 249.3 273.2 0 0 0 0 0 0 0 0 0 0 0 481.0 0 0 0 0 0 0 0 0 0 0 0 445.9 0 0 0 0 0 513.8 0 0 0 304.4 0 0 0 0 0 0 0
0 59 26 43 47 46 7 4 57 49 8
0 0 0 0 764.1 0 0 176.9 191.5 0 0 0 0 0 0 0 0 0 0 0 0 0 0 0 0 0 111.8 0 0 0 0 0 0 0 0 0 0 0 0 0 0 0 0 160.4 0 0 172.1 252.8 0 460.1 0 0 0 0 0 0 0 219.2 0 284.1
0 41 15 35 55 19
0 0 0 0 0 0 0 0 0 0 0 0 0 0 0 1100.6 0 0 0 171.4 0 0 0 0 0 0 0 0 0 0 0 0 0 0 0 540.0 0 0 0 0 0 710.6 0 0 0 0 0 0 0 0 0 0 0 0 0 270.4 0 0 0 0
0 3 54 33 53 38 13
0 0 0 794.0 0 0 0 0 0 0 0 0 0 192.4 0 0 0 0 0 0 0 0 0 0 0 0 0 0 0 0 0 0 0 843.4 0 0 0 0 653.6 0 0 0 0 0 0 0 0 0 0 0 0 0 0 85.1 224.6 0 0 0 0 0
0 22 29 20 10 6 51 31 25 37 50 16
0 0 0 0 0 0 249.3 0 0 0 252.2 0 0 0 0 0 115.5 0 0 0 252.8 0 341.6 0 0 107.9 0 0 0 182.4 0 244.3 0 0 0 0 0 109.2 0 0 0 0 0 0 0 0 0 0 0 0 512.9 424.7 0 0 0 0 0 0 0 0
0 9 11 27 56 58 21 32 23 45 14
0 0 0 0 0 0 0 0 0 471.0 0 74.4 0 0 269.9 0 0 0 0 0 0 96.5 0 159.7 0 0 0 590.6 0 0 0 0 263.0 0 0 0 0 0 0 0 0 0 0 0 0 228.6 0 0 0 0 0 0 0 0 0 0 301.9 0 337.4 0
**********2024-01-21 02:36:48**********
171290.584 171309.723 0.011 7022.93 7022.93 
0 1
0 2793.0 0 0 0 0 0 0 0 0 0 0 0 0 0 0 0 0 0 0 0 0 0 0 0 0 0 0 0 0 0 0 0 0 0 0 0 0 0 0 0 0 0 0 0 0 0 0 0 0 0 0 0 0 0 0 0 0 0 0
0 2
0 0 2793.0 0 0 0 0 0 0 0 0 0 0 0 0 0 0 0 0 0 0 0 0 0 0 0 0 0 0 0 0 0 0 0 0 0 0 0 0 0 0 0 0 0 0 0 0 0 0 0 0 0 0 0 0 0 0 0 0 0
0 50 33 31 37 57 12 28
0 0 0 0 0 0 0 0 0 0 0 0 237.4 0 0 0 0 0 0 0 0 0 0 0 0 0 0 0 638.3 0 0 241.1 0 843.4 0 0 0 107.8 0 0 0 0 0 0 0 0 0 0 0 0 506.2 0 0 0 0 0 0 218.9 0 0
0 34 38 58 48 40 9
0 0 0 0 0 0 0 0 0 481.1 0 0 0 0 0 0 0 0 0 0 0 0 0 0 0 0 0 0 0 0 0 0 0 0 535.1 0 0 0 661.5 0 256.6 0 0 0 0 0 0 0 514.1 0 0 0 0 0 0 0 0 0 344.6 0
0 21 41 29 6 26 36 42 51 56
0 0 0 0 0 0 249.0 0 0 0 0 0 0 0 0 0 0 0 0 0 0 98.6 0 0 0 0 113.0 0 0 182.2 0 0 0 0 0 0 254.5 0 0 0 0 717.1 446.2 0 0 0 0 0 0 0 0 424.2 0 0 0 0 308.3 0 0 0
0 5 13 22 46 11 35 23 14 55 49
0 0 0 0 0 285.4 0 0 0 0 0 76.0 0 194.8 275.7 0 0 0 0 0 0 0 341.2 163.1 0 0 0 0 0 0 0 0 0 0 0 545.0 0 0 0 0 0 0 0 0 0 0 174.0 0 0 465.0 0 0 0 0 0 272.9 0 0 0 0
0 15 54 32 45 4 17
0 0 0 0 753.7 0 0 0 0 0 0 0 0 0 0 1083.9 0 243.5 0 0 0 0 0 0 0 0 0 0 0 0 0 0 262.1 0 0 0 0 0 0 0 0 0 0 0 0 227.9 0 0 0 0 0 0 0 0 221.8 0 0 0 0 0
0 3 18 30 47 19 59 20 52
0 0 0 792.8 0 0 0 0 0 0 0 0 0 0 0 0 0 0 269.7 170.6 249.2 0 0 0 0 0 0 0 0 0 474.9 0 0 0 0 0 0 0 0 0 0 0 0 0 0 0 0 252.1 0 0 0 0 300.5 0 0 0 0 0 0 283.2
0 16 44 27 25 10 8 53 39 24 43 7
0 0 0 0 0 0 0 178.0 192.6 0 250.8 0 0 0 0 0 114.9 0 0 0 0 0 0 0 267.3 107.3 0 600.7 0 0 0 0 0 0 0 0 0 0 0 281.8 0 0 0 161.4 552.5 0 0 0 0 0 0 0 0 85.7 0 0 0 0 0 0
**********2024-01-21 03:03:16**********
171290.584 171309.723 0.011 7022.93 8610.964 
0 1
0 2793.0 0 0 0 0 0 0 0 0 0 0 0 0 0 0 0 0 0 0 0 0 0 0 0 0 0 0 0 0 0 0 0 0 0 0 0 0 0 0 0 0 0 0 0 0 0 0 0 0 0 0 0 0 0 0 0 0 0 0
0 2
0 0 2793.0 0 0 0 0 0 0 0 0 0 0 0 0 0 0 0 0 0 0 0 0 0 0 0 0 0 0 0 0 0 0 0 0 0 0 0 0 0 0 0 0 0 0 0 0 0 0 0 0 0 0 0 0 0 0 0 0 0
0 50 33 31 37 57 12 28
0 0 0 0 0 0 0 0 0 0 0 0 237.4 0 0 0 0 0 0 0 0 0 0 0 0 0 0 0 638.3 0 0 241.1 0 843.4 0 0 0 107.8 0 0 0 0 0 0 0 0 0 0 0 0 506.2 0 0 0 0 0 0 218.9 0 0
0 34 38 58 48 40 9
0 0 0 0 0 0 0 0 0 481.1 0 0 0 0 0 0 0 0 0 0 0 0 0 0 0 0 0 0 0 0 0 0 0 0 535.1 0 0 0 661.5 0 256.6 0 0 0 0 0 0 0 514.1 0 0 0 0 0 0 0 0 0 344.6 0
0 21 41 29 6 26 36 42 51 56
0 0 0 0 0 0 249.0 0 0 0 0 0 0 0 0 0 0 0 0 0 0 98.6 0 0 0 0 113.0 0 0 182.2 0 0 0 0 0 0 254.5 0 0 0 0 717.1 446.2 0 0 0 0 0 0 0 0 424.2 0 0 0 0 308.3 0 0 0
0 5 13 22 46 11 35 23 14 55 49
0 0 0 0 0 285.4 0 0 0 0 0 76.0 0 194.8 275.7 0 0 0 0 0 0 0 341.2 163.1 0 0 0 0 0 0 0 0 0 0 0 545.0 0 0 0 0 0 0 0 0 0 0 174.0 0 0 465.0 0 0 0 0 0 272.9 0 0 0 0
0 15 54 32 45 4 17
0 0 0 0 753.7 0 0 0 0 0 0 0 0 0 0 1083.9 0 243.5 0 0 0 0 0 0 0 0 0 0 0 0 0 0 262.1 0 0 0 0 0 0 0 0 0 0 0 0 227.9 0 0 0 0 0 0 0 0 221.8 0 0 0 0 0
0 3 18 30 47 19 59 20 52
0 0 0 792.8 0 0 0 0 0 0 0 0 0 0 0 0 0 0 269.7 170.6 249.2 0 0 0 0 0 0 0 0 0 474.9 0 0 0 0 0 0 0 0 0 0 0 0 0 0 0 0 252.1 0 0 0 0 300.5 0 0 0 0 0 0 283.2
0 16 44 27 25 10 8 53 39 24 43 7
0 0 0 0 0 0 0 178.0 192.6 0 250.8 0 0 0 0 0 114.9 0 0 0 0 0 0 0 267.3 107.3 0 600.7 0 0 0 0 0 0 0 0 0 0 0 281.8 0 0 0 161.4 552.5 0 0 0 0 0 0 0 0 85.7 0 0 0 0 0 0
**********2024-01-21 03:26:31**********
171290.584 171309.723 0.011 7022.93 10006.112 
0 1
0 2793.0 0 0 0 0 0 0 0 0 0 0 0 0 0 0 0 0 0 0 0 0 0 0 0 0 0 0 0 0 0 0 0 0 0 0 0 0 0 0 0 0 0 0 0 0 0 0 0 0 0 0 0 0 0 0 0 0 0 0
0 2
0 0 2793.0 0 0 0 0 0 0 0 0 0 0 0 0 0 0 0 0 0 0 0 0 0 0 0 0 0 0 0 0 0 0 0 0 0 0 0 0 0 0 0 0 0 0 0 0 0 0 0 0 0 0 0 0 0 0 0 0 0
0 50 33 31 37 57 12 28
0 0 0 0 0 0 0 0 0 0 0 0 237.4 0 0 0 0 0 0 0 0 0 0 0 0 0 0 0 638.3 0 0 241.1 0 843.4 0 0 0 107.8 0 0 0 0 0 0 0 0 0 0 0 0 506.2 0 0 0 0 0 0 218.9 0 0
0 34 38 58 48 40 9
0 0 0 0 0 0 0 0 0 481.1 0 0 0 0 0 0 0 0 0 0 0 0 0 0 0 0 0 0 0 0 0 0 0 0 535.1 0 0 0 661.5 0 256.6 0 0 0 0 0 0 0 514.1 0 0 0 0 0 0 0 0 0 344.6 0
0 21 41 29 6 26 36 42 51 56
0 0 0 0 0 0 249.0 0 0 0 0 0 0 0 0 0 0 0 0 0 0 98.6 0 0 0 0 113.0 0 0 182.2 0 0 0 0 0 0 254.5 0 0 0 0 717.1 446.2 0 0 0 0 0 0 0 0 424.2 0 0 0 0 308.3 0 0 0
0 5 13 22 46 11 35 23 14 55 49
0 0 0 0 0 285.4 0 0 0 0 0 76.0 0 194.8 275.7 0 0 0 0 0 0 0 341.2 163.1 0 0 0 0 0 0 0 0 0 0 0 545.0 0 0 0 0 0 0 0 0 0 0 174.0 0 0 465.0 0 0 0 0 0 272.9 0 0 0 0
0 15 54 32 45 4 17
0 0 0 0 753.7 0 0 0 0 0 0 0 0 0 0 1083.9 0 243.5 0 0 0 0 0 0 0 0 0 0 0 0 0 0 262.1 0 0 0 0 0 0 0 0 0 0 0 0 227.9 0 0 0 0 0 0 0 0 221.8 0 0 0 0 0
0 3 18 30 47 19 59 20 52
0 0 0 792.8 0 0 0 0 0 0 0 0 0 0 0 0 0 0 269.7 170.6 249.2 0 0 0 0 0 0 0 0 0 474.9 0 0 0 0 0 0 0 0 0 0 0 0 0 0 0 0 252.1 0 0 0 0 300.5 0 0 0 0 0 0 283.2
0 16 44 27 25 10 8 53 39 24 43 7
0 0 0 0 0 0 0 178.0 192.6 0 250.8 0 0 0 0 0 114.9 0 0 0 0 0 0 0 267.3 107.3 0 600.7 0 0 0 0 0 0 0 0 0 0 0 281.8 0 0 0 161.4 552.5 0 0 0 0 0 0 0 0 85.7 0 0 0 0 0 0
