**********2022-05-21 20:30:37**********
168059.721 168109.358 0.03 305.579 305.579 
0 1
0 5008.0 0 0 0 0 0 0 0 0 0 0 0 0 0 0 0 0 0 0 0 0 0 0 0 0 0 0 0 0
0 2 9 13
0 0 4107.0 0 0 0 0 0 0 314.2 0 0 0 586.7 0 0 0 0 0 0 0 0 0 0 0 0 0 0 0 0
0 21 11 27 29 20 25 6 14 16 24
0 0 0 0 0 0 246.7 0 0 0 0 723.3 0 0 222.5 0 1184.2 0 0 0 448.4 846.2 0 0 195.6 499.0 0 416.5 0 225.7
0 15 10 3 7 17 5
0 0 0 1386.5 0 568.3 0 987.1 0 0 665.8 0 0 0 0 774.4 0 625.8 0 0 0 0 0 0 0 0 0 0 0 0
0 23 22 26 12 18 4 28 8 19
0 0 0 0 229.8 0 0 0 387.1 0 0 0 813.3 0 0 0 0 0 216.7 551.8 0 0 965.2 478.3 0 0 764.7 0 601.0 0
**********2022-05-21 20:45:59**********
168059.709 168092.208 0.019 1227.534 1227.535 
0 13 22 6 3 10 21 9
0 0 0 1420.2 0 0 240.5 0 0 310.3 682.0 0 0 579.4 0 0 0 0 0 0 0 825.0 950.5 0 0 0 0 0 0 0
0 1
0 5008.0 0 0 0 0 0 0 0 0 0 0 0 0 0 0 0 0 0 0 0 0 0 0 0 0 0 0 0 0
0 23 20 14 25 15 27 11 18 4 7
0 0 0 0 228.2 0 0 1019.4 0 0 0 711.0 0 0 218.8 799.8 0 0 215.2 0 440.8 0 0 474.9 0 490.5 0 409.4 0 0
0 16 24 28 12 5 17 19 8
0 0 0 0 0 596.7 0 0 390.8 0 0 0 821.0 0 0 0 1183.4 657.0 0 557.0 0 0 0 0 195.4 0 0 0 606.7 0
0 26 2 29
0 0 4038.9 0 0 0 0 0 0 0 0 0 0 0 0 0 0 0 0 0 0 0 0 0 0 0 749.9 0 0 219.1
**********2022-05-21 20:51:21**********
168059.708 168092.208 0.019 1227.534 1549.628 
0 13 22 6 3 10 21 9
0 0 0 1420.2 0 0 240.5 0 0 310.3 682.0 0 0 579.4 0 0 0 0 0 0 0 825.0 950.5 0 0 0 0 0 0 0
0 1
0 5008.0 0 0 0 0 0 0 0 0 0 0 0 0 0 0 0 0 0 0 0 0 0 0 0 0 0 0 0 0
0 23 20 14 25 15 27 11 18 4 7
0 0 0 0 228.2 0 0 1019.4 0 0 0 711.0 0 0 218.8 799.8 0 0 215.2 0 440.8 0 0 474.9 0 490.5 0 409.4 0 0
0 16 24 28 12 5 17 19 8
0 0 0 0 0 596.7 0 0 390.8 0 0 0 821.0 0 0 0 1183.4 657.0 0 557.0 0 0 0 0 195.4 0 0 0 606.7 0
0 26 2 29
0 0 4038.9 0 0 0 0 0 0 0 0 0 0 0 0 0 0 0 0 0 0 0 0 0 0 0 749.9 0 0 219.1
**********2022-05-21 20:58:15**********
168059.707 168092.208 0.019 1227.534 1963.332 
0 13 22 6 3 10 21 9
0 0 0 1420.2 0 0 240.5 0 0 310.3 682.0 0 0 579.4 0 0 0 0 0 0 0 825.0 950.5 0 0 0 0 0 0 0
0 1
0 5008.0 0 0 0 0 0 0 0 0 0 0 0 0 0 0 0 0 0 0 0 0 0 0 0 0 0 0 0 0
0 23 20 14 25 15 27 11 18 4 7
0 0 0 0 228.2 0 0 1019.4 0 0 0 711.0 0 0 218.8 799.8 0 0 215.2 0 440.8 0 0 474.9 0 490.5 0 409.4 0 0
0 16 24 28 12 5 17 19 8
0 0 0 0 0 596.7 0 0 390.8 0 0 0 821.0 0 0 0 1183.4 657.0 0 557.0 0 0 0 0 195.4 0 0 0 606.7 0
0 26 2 29
0 0 4038.9 0 0 0 0 0 0 0 0 0 0 0 0 0 0 0 0 0 0 0 0 0 0 0 749.9 0 0 219.1
**********2022-05-21 21:02:24**********
168059.707 168090.5 0.018 2212.164 2212.164 
0 2 7
0 0 4008.6 0 0 0 0 999.4 0 0 0 0 0 0 0 0 0 0 0 0 0 0 0 0 0 0 0 0 0 0
0 13 26 5 18 4 17 28 24 19 8 6
0 0 0 0 229.3 589.8 243.7 0 386.2 0 0 0 0 587.0 0 0 0 649.4 216.2 550.5 0 0 0 0 193.2 0 763.0 0 599.7 0
0 1
0 5008.0 0 0 0 0 0 0 0 0 0 0 0 0 0 0 0 0 0 0 0 0 0 0 0 0 0 0 0 0
0 11 9 14 20 10 3 16
0 0 0 1443.7 0 0 0 0 0 315.5 693.3 716.9 0 0 220.6 0 1173.7 0 0 0 444.5 0 0 0 0 0 0 0 0 0
0 21 23 25 29 15 27 22 12
0 0 0 0 0 0 0 0 0 0 0 0 809.8 0 0 802.0 0 0 0 0 0 834.1 961.0 476.2 0 491.9 0 410.5 0 222.5
