**********2022-05-31 00:18:25**********
145963.517 145977.926 0.01 1890.767 1890.767 
0 32 13 16 52 48 14 19 21 25 43
0 0 0 0 0 0 0 0 0 0 0 0 0 333.5 448.1 0 206.4 0 0 273.8 0 167.4 0 0 0 199.9 0 0 0 0 0 0 441.7 0 0 0 0 0 0 0 0 0 0 282.9 0 0 0 0 921.0 0 0 0 429.5 0 0 0 0 0 0 0
0 1
0 16436.0 0 0 0 0 0 0 0 0 0 0 0 0 0 0 0 0 0 0 0 0 0 0 0 0 0 0 0 0 0 0 0 0 0 0 0 0 0 0 0 0 0 0 0 0 0 0 0 0 0 0 0 0 0 0 0 0 0 0
0 35 53 41 46 10
0 0 0 0 0 0 0 0 0 0 434.1 0 0 0 0 0 0 0 0 0 0 0 0 0 0 0 0 0 0 0 0 0 0 0 0 1093.7 0 0 0 0 0 1161.2 0 0 0 0 283.6 0 0 0 0 0 0 151.9 0 0 0 0 0 0
0 3 28 47 5 36 4 54
0 0 0 1507.6 1087.9 463.8 0 0 0 0 0 0 0 0 0 0 0 0 0 0 0 0 0 0 0 0 0 0 1128.7 0 0 0 0 0 0 0 437.4 0 0 0 0 0 0 0 0 0 0 405.3 0 0 0 0 0 0 374.2 0 0 0 0 0
0 55 27 59 24 51 7 26 38
0 0 0 0 0 0 0 286.7 0 0 0 0 0 0 0 0 0 0 0 0 0 0 0 0 412.4 0 181.2 1043.0 0 0 0 0 0 0 0 0 0 0 1168.0 0 0 0 0 0 0 0 0 0 0 0 0 628.6 0 0 0 439.0 0 0 0 538.9
0 11 50 23 8 22 33
0 0 0 0 0 0 0 0 338.4 0 0 122.5 0 0 0 0 0 0 0 0 0 0 557.0 284.6 0 0 0 0 0 0 0 0 0 1438.8 0 0 0 0 0 0 0 0 0 0 0 0 0 0 0 0 1087.1 0 0 0 0 0 0 0 0 0
0 9 39 56 37 12 57 44
0 0 0 0 0 0 0 0 0 798.9 0 0 403.3 0 0 0 0 0 0 0 0 0 0 0 0 0 0 0 0 0 0 0 0 0 0 0 0 190.7 0 444.9 0 0 0 0 1055.3 0 0 0 0 0 0 0 0 0 0 0 459.9 347.0 0 0
0 29 20 31 42 40 49 18 2
0 0 8170.0 0 0 0 0 0 0 0 0 0 0 0 0 0 0 0 488.8 0 384.1 0 0 0 0 0 0 0 0 306.9 0 420.4 0 0 0 0 0 0 0 0 460.8 0 737.3 0 0 0 0 0 0 757.7 0 0 0 0 0 0 0 0 0 0
0 34 15 17 30 58 6 45
0 0 0 0 0 0 362.2 0 0 0 0 0 0 0 0 1815.8 0 414.2 0 0 0 0 0 0 0 0 0 0 0 0 978.7 0 0 0 803.3 0 0 0 0 0 0 0 0 0 0 376.7 0 0 0 0 0 0 0 0 0 0 0 0 587.1 0
**********2022-05-31 00:38:35**********
145963.517 145977.473 0.01 3101.165 3101.165 
0 1
0 16436.0 0 0 0 0 0 0 0 0 0 0 0 0 0 0 0 0 0 0 0 0 0 0 0 0 0 0 0 0 0 0 0 0 0 0 0 0 0 0 0 0 0 0 0 0 0 0 0 0 0 0 0 0 0 0 0 0 0 0
0 54 30 16 9 55 46 31
0 0.0 0.0 0.0 0.0 0.0 0.0 0.0 0.0 798.9 0.0 0.0 0.0 0.0 0.0 0.0 206.4 0.0 0.0 0.0 0.0 0.0 0.0 0.0 0.0 0.0 0.0 0.0 0.0 0.0 978.7 420.4 0.0 0.0 0.0 0.0 0.0 0.0 0.0 0.0 0.0 0.0 0.0 0.0 0.0 0.0 283.6 0.0 0.0 0.0 0.0 0.0 0.0 0.0 374.2 439.0 0.0 0.0 0.0 0.0
0 3 36 33 12 20
0 0.0 0.0 1507.6 0.0 0.0 0.0 0.0 0.0 0.0 0.0 0.0 403.3 0.0 0.0 0.0 0.0 0.0 0.0 0.0 384.1 0.0 0.0 0.0 0.0 0.0 0.0 0.0 0.0 0.0 0.0 0.0 0.0 1438.8 0.0 0.0 437.4 0.0 0.0 0.0 0.0 0.0 0.0 0.0 0.0 0.0 0.0 0.0 0.0 0.0 0.0 0.0 0.0 0.0 0.0 0.0 0.0 0.0 0.0 0.0
0 47 26 7 52 25 23 28 11 45 6 5
0 0.0 0.0 0.0 0.0 463.8 362.2 286.7 0.0 0.0 0.0 122.5 0.0 0.0 0.0 0.0 0.0 0.0 0.0 0.0 0.0 0.0 0.0 284.6 0.0 199.9 181.2 0.0 1128.7 0.0 0.0 0.0 0.0 0.0 0.0 0.0 0.0 0.0 0.0 0.0 0.0 0.0 0.0 0.0 0.0 376.7 0.0 405.3 0.0 0.0 0.0 0.0 429.5 0.0 0.0 0.0 0.0 0.0 0.0 0.0
0 29 21 8 4 13 15 56 34
0 0.0 0.0 0.0 1087.9 0.0 0.0 0.0 338.4 0.0 0.0 0.0 0.0 333.5 0.0 1815.8 0.0 0.0 0.0 0.0 0.0 167.4 0.0 0.0 0.0 0.0 0.0 0.0 0.0 306.9 0.0 0.0 0.0 0.0 803.3 0.0 0.0 0.0 0.0 0.0 0.0 0.0 0.0 0.0 0.0 0.0 0.0 0.0 0.0 0.0 0.0 0.0 0.0 0.0 0.0 0.0 459.9 0.0 0.0 0.0
0 27 14 43 57 19
0 0.0 0.0 0.0 0.0 0.0 0.0 0.0 0.0 0.0 0.0 0.0 0.0 0.0 448.1 0.0 0.0 0.0 0.0 273.8 0.0 0.0 0.0 0.0 0.0 0.0 0.0 1043.0 0.0 0.0 0.0 0.0 0.0 0.0 0.0 0.0 0.0 0.0 0.0 0.0 0.0 0.0 0.0 282.9 0.0 0.0 0.0 0.0 0.0 0.0 0.0 0.0 0.0 0.0 0.0 0.0 0.0 347.0 0.0 0.0
0 38 40 18 2 41 10
0 0.0 8170.0 0.0 0.0 0.0 0.0 0.0 0.0 0.0 434.1 0.0 0.0 0.0 0.0 0.0 0.0 0.0 488.8 0.0 0.0 0.0 0.0 0.0 0.0 0.0 0.0 0.0 0.0 0.0 0.0 0.0 0.0 0.0 0.0 0.0 0.0 0.0 1168.0 0.0 460.8 1161.2 0.0 0.0 0.0 0.0 0.0 0.0 0.0 0.0 0.0 0.0 0.0 0.0 0.0 0.0 0.0 0.0 0.0 0.0
0 53 51 49 24 22 35 50
0 0.0 0.0 0.0 0.0 0.0 0.0 0.0 0.0 0.0 0.0 0.0 0.0 0.0 0.0 0.0 0.0 0.0 0.0 0.0 0.0 0.0 557.0 0.0 412.4 0.0 0.0 0.0 0.0 0.0 0.0 0.0 0.0 0.0 0.0 1093.7 0.0 0.0 0.0 0.0 0.0 0.0 0.0 0.0 0.0 0.0 0.0 0.0 0.0 757.7 1087.1 628.6 0.0 151.9 0.0 0.0 0.0 0.0 0.0 0.0
0 59 42 37 39 17 32 44 58 48
0 0 0 0 0 0 0 0 0 0 0 0 0 0 0 0 0 414.2 0 0 0 0 0 0 0 0 0 0 0 0 0 0 441.7 0 0 0 0 190.7 0 444.9 0 0 737.3 0 1055.3 0 0 0 921.0 0 0 0 0 0 0 0 0 0 587.1 538.9
**********2022-05-31 01:03:05**********
145963.517 145977.473 0.01 3101.165 4571.336 
0 1
0 16436.0 0 0 0 0 0 0 0 0 0 0 0 0 0 0 0 0 0 0 0 0 0 0 0 0 0 0 0 0 0 0 0 0 0 0 0 0 0 0 0 0 0 0 0 0 0 0 0 0 0 0 0 0 0 0 0 0 0 0
0 54 30 16 9 55 46 31
0 0.0 0.0 0.0 0.0 0.0 0.0 0.0 0.0 798.9 0.0 0.0 0.0 0.0 0.0 0.0 206.4 0.0 0.0 0.0 0.0 0.0 0.0 0.0 0.0 0.0 0.0 0.0 0.0 0.0 978.7 420.4 0.0 0.0 0.0 0.0 0.0 0.0 0.0 0.0 0.0 0.0 0.0 0.0 0.0 0.0 283.6 0.0 0.0 0.0 0.0 0.0 0.0 0.0 374.2 439.0 0.0 0.0 0.0 0.0
0 3 36 33 12 20
0 0.0 0.0 1507.6 0.0 0.0 0.0 0.0 0.0 0.0 0.0 0.0 403.3 0.0 0.0 0.0 0.0 0.0 0.0 0.0 384.1 0.0 0.0 0.0 0.0 0.0 0.0 0.0 0.0 0.0 0.0 0.0 0.0 1438.8 0.0 0.0 437.4 0.0 0.0 0.0 0.0 0.0 0.0 0.0 0.0 0.0 0.0 0.0 0.0 0.0 0.0 0.0 0.0 0.0 0.0 0.0 0.0 0.0 0.0 0.0
0 47 26 7 52 25 23 28 11 45 6 5
0 0.0 0.0 0.0 0.0 463.8 362.2 286.7 0.0 0.0 0.0 122.5 0.0 0.0 0.0 0.0 0.0 0.0 0.0 0.0 0.0 0.0 0.0 284.6 0.0 199.9 181.2 0.0 1128.7 0.0 0.0 0.0 0.0 0.0 0.0 0.0 0.0 0.0 0.0 0.0 0.0 0.0 0.0 0.0 0.0 376.7 0.0 405.3 0.0 0.0 0.0 0.0 429.5 0.0 0.0 0.0 0.0 0.0 0.0 0.0
0 29 21 8 4 13 15 56 34
0 0.0 0.0 0.0 1087.9 0.0 0.0 0.0 338.4 0.0 0.0 0.0 0.0 333.5 0.0 1815.8 0.0 0.0 0.0 0.0 0.0 167.4 0.0 0.0 0.0 0.0 0.0 0.0 0.0 306.9 0.0 0.0 0.0 0.0 803.3 0.0 0.0 0.0 0.0 0.0 0.0 0.0 0.0 0.0 0.0 0.0 0.0 0.0 0.0 0.0 0.0 0.0 0.0 0.0 0.0 0.0 459.9 0.0 0.0 0.0
0 27 14 43 57 19
0 0.0 0.0 0.0 0.0 0.0 0.0 0.0 0.0 0.0 0.0 0.0 0.0 0.0 448.1 0.0 0.0 0.0 0.0 273.8 0.0 0.0 0.0 0.0 0.0 0.0 0.0 1043.0 0.0 0.0 0.0 0.0 0.0 0.0 0.0 0.0 0.0 0.0 0.0 0.0 0.0 0.0 0.0 282.9 0.0 0.0 0.0 0.0 0.0 0.0 0.0 0.0 0.0 0.0 0.0 0.0 0.0 347.0 0.0 0.0
0 38 40 18 2 41 10
0 0.0 8170.0 0.0 0.0 0.0 0.0 0.0 0.0 0.0 434.1 0.0 0.0 0.0 0.0 0.0 0.0 0.0 488.8 0.0 0.0 0.0 0.0 0.0 0.0 0.0 0.0 0.0 0.0 0.0 0.0 0.0 0.0 0.0 0.0 0.0 0.0 0.0 1168.0 0.0 460.8 1161.2 0.0 0.0 0.0 0.0 0.0 0.0 0.0 0.0 0.0 0.0 0.0 0.0 0.0 0.0 0.0 0.0 0.0 0.0
0 53 51 49 24 22 35 50
0 0.0 0.0 0.0 0.0 0.0 0.0 0.0 0.0 0.0 0.0 0.0 0.0 0.0 0.0 0.0 0.0 0.0 0.0 0.0 0.0 0.0 557.0 0.0 412.4 0.0 0.0 0.0 0.0 0.0 0.0 0.0 0.0 0.0 0.0 1093.7 0.0 0.0 0.0 0.0 0.0 0.0 0.0 0.0 0.0 0.0 0.0 0.0 0.0 757.7 1087.1 628.6 0.0 151.9 0.0 0.0 0.0 0.0 0.0 0.0
0 59 42 37 39 17 32 44 58 48
0 0 0 0 0 0 0 0 0 0 0 0 0 0 0 0 0 414.2 0 0 0 0 0 0 0 0 0 0 0 0 0 0 441.7 0 0 0 0 190.7 0 444.9 0 0 737.3 0 1055.3 0 0 0 921.0 0 0 0 0 0 0 0 0 0 587.1 538.9
**********2022-05-31 01:24:33**********
145963.522 145977.473 0.01 3101.165 5859.59 
0 1
0 16436.0 0 0 0 0 0 0 0 0 0 0 0 0 0 0 0 0 0 0 0 0 0 0 0 0 0 0 0 0 0 0 0 0 0 0 0 0 0 0 0 0 0 0 0 0 0 0 0 0 0 0 0 0 0 0 0 0 0 0
0 54 30 16 9 55 46 31
0 0.0 0.0 0.0 0.0 0.0 0.0 0.0 0.0 798.9 0.0 0.0 0.0 0.0 0.0 0.0 206.4 0.0 0.0 0.0 0.0 0.0 0.0 0.0 0.0 0.0 0.0 0.0 0.0 0.0 978.7 420.4 0.0 0.0 0.0 0.0 0.0 0.0 0.0 0.0 0.0 0.0 0.0 0.0 0.0 0.0 283.6 0.0 0.0 0.0 0.0 0.0 0.0 0.0 374.2 439.0 0.0 0.0 0.0 0.0
0 3 36 33 12 20
0 0.0 0.0 1507.6 0.0 0.0 0.0 0.0 0.0 0.0 0.0 0.0 403.3 0.0 0.0 0.0 0.0 0.0 0.0 0.0 384.1 0.0 0.0 0.0 0.0 0.0 0.0 0.0 0.0 0.0 0.0 0.0 0.0 1438.8 0.0 0.0 437.4 0.0 0.0 0.0 0.0 0.0 0.0 0.0 0.0 0.0 0.0 0.0 0.0 0.0 0.0 0.0 0.0 0.0 0.0 0.0 0.0 0.0 0.0 0.0
0 47 26 7 52 25 23 28 11 45 6 5
0 0.0 0.0 0.0 0.0 463.8 362.2 286.7 0.0 0.0 0.0 122.5 0.0 0.0 0.0 0.0 0.0 0.0 0.0 0.0 0.0 0.0 0.0 284.6 0.0 199.9 181.2 0.0 1128.7 0.0 0.0 0.0 0.0 0.0 0.0 0.0 0.0 0.0 0.0 0.0 0.0 0.0 0.0 0.0 0.0 376.7 0.0 405.3 0.0 0.0 0.0 0.0 429.5 0.0 0.0 0.0 0.0 0.0 0.0 0.0
0 29 21 8 4 13 15 56 34
0 0.0 0.0 0.0 1087.9 0.0 0.0 0.0 338.4 0.0 0.0 0.0 0.0 333.5 0.0 1815.8 0.0 0.0 0.0 0.0 0.0 167.4 0.0 0.0 0.0 0.0 0.0 0.0 0.0 306.9 0.0 0.0 0.0 0.0 803.3 0.0 0.0 0.0 0.0 0.0 0.0 0.0 0.0 0.0 0.0 0.0 0.0 0.0 0.0 0.0 0.0 0.0 0.0 0.0 0.0 0.0 459.9 0.0 0.0 0.0
0 27 14 43 57 19
0 0.0 0.0 0.0 0.0 0.0 0.0 0.0 0.0 0.0 0.0 0.0 0.0 0.0 448.1 0.0 0.0 0.0 0.0 273.8 0.0 0.0 0.0 0.0 0.0 0.0 0.0 1043.0 0.0 0.0 0.0 0.0 0.0 0.0 0.0 0.0 0.0 0.0 0.0 0.0 0.0 0.0 0.0 282.9 0.0 0.0 0.0 0.0 0.0 0.0 0.0 0.0 0.0 0.0 0.0 0.0 0.0 347.0 0.0 0.0
0 38 40 18 2 41 10
0 0.0 8170.0 0.0 0.0 0.0 0.0 0.0 0.0 0.0 434.1 0.0 0.0 0.0 0.0 0.0 0.0 0.0 488.8 0.0 0.0 0.0 0.0 0.0 0.0 0.0 0.0 0.0 0.0 0.0 0.0 0.0 0.0 0.0 0.0 0.0 0.0 0.0 1168.0 0.0 460.8 1161.2 0.0 0.0 0.0 0.0 0.0 0.0 0.0 0.0 0.0 0.0 0.0 0.0 0.0 0.0 0.0 0.0 0.0 0.0
0 53 51 49 24 22 35 50
0 0.0 0.0 0.0 0.0 0.0 0.0 0.0 0.0 0.0 0.0 0.0 0.0 0.0 0.0 0.0 0.0 0.0 0.0 0.0 0.0 0.0 557.0 0.0 412.4 0.0 0.0 0.0 0.0 0.0 0.0 0.0 0.0 0.0 0.0 1093.7 0.0 0.0 0.0 0.0 0.0 0.0 0.0 0.0 0.0 0.0 0.0 0.0 0.0 757.7 1087.1 628.6 0.0 151.9 0.0 0.0 0.0 0.0 0.0 0.0
0 59 42 37 39 17 32 44 58 48
0 0 0 0 0 0 0 0 0 0 0 0 0 0 0 0 0 414.2 0 0 0 0 0 0 0 0 0 0 0 0 0 0 441.7 0 0 0 0 190.7 0 444.9 0 0 737.3 0 1055.3 0 0 0 921.0 0 0 0 0 0 0 0 0 0 587.1 538.9
**********2022-06-01 14:56:18**********
145963.637 145978.324 0.01 1635.985 1635.985 
0 14 18 9 8 41 36 39
0 0 0 0 0 0 0 0 338.4 798.9 0 0 0 0 448.1 0 0 0 488.8 0 0 0 0 0 0 0 0 0 0 0 0 0 0 0 0 0 437.4 0 0 444.9 0 1161.2 0 0 0 0 0 0 0 0 0 0 0 0 0 0 0 0 0 0
0 1
0 16436.0 0 0 0 0 0 0 0 0 0 0 0 0 0 0 0 0 0 0 0 0 0 0 0 0 0 0 0 0 0 0 0 0 0 0 0 0 0 0 0 0 0 0 0 0 0 0 0 0 0 0 0 0 0 0 0 0 0 0
0 20 40 3 23 27 51
0 0 0 1507.6 0 0 0 0 0 0 0 0 0 0 0 0 0 0 0 0 384.1 0 0 284.6 0 0 0 1043.0 0 0 0 0 0 0 0 0 0 0 0 0 460.8 0 0 0 0 0 0 0 0 0 0 628.6 0 0 0 0 0 0 0 0
0 29 21 49 13 58 50 4 28
0 0 0 0 1087.9 0 0 0 0 0 0 0 0 333.5 0 0 0 0 0 0 0 167.4 0 0 0 0 0 0 1128.7 306.9 0 0 0 0 0 0 0 0 0 0 0 0 0 0 0 0 0 0 0 757.7 1087.1 0 0 0 0 0 0 0 587.1 0
0 15 22 19 38 17 6
0 0 0 0 0 0 362.2 0 0 0 0 0 0 0 0 1815.8 0 414.2 0 273.8 0 0 557.0 0 0 0 0 0 0 0 0 0 0 0 0 0 0 0 1168.0 0 0 0 0 0 0 0 0 0 0 0 0 0 0 0 0 0 0 0 0 0
0 46 59 30 55 24 7 10 2 43
0 0 8170.0 0 0 0 0 286.7 0 0 434.1 0 0 0 0 0 0 0 0 0 0 0 0 0 412.4 0 0 0 0 0 978.7 0 0 0 0 0 0 0 0 0 0 0 0 282.9 0 0 283.6 0 0 0 0 0 0 0 0 439.0 0 0 0 538.9
0 52 34 5 11 56 54 25
0 0 0 0 0 463.8 0 0 0 0 0 122.5 0 0 0 0 0 0 0 0 0 0 0 0 0 199.9 0 0 0 0 0 0 0 0 803.3 0 0 0 0 0 0 0 0 0 0 0 0 0 0 0 0 0 429.5 0 374.2 0 459.9 0 0 0
0 31 44 26 57 48 33
0 0 0 0 0 0 0 0 0 0 0 0 0 0 0 0 0 0 0 0 0 0 0 0 0 0 181.2 0 0 0 0 420.4 0 1438.8 0 0 0 0 0 0 0 0 0 0 1055.3 0 0 0 921.0 0 0 0 0 0 0 0 0 347.0 0 0
0 16 35 12 37 42 32 53 47 45
0 0 0 0 0 0 0 0 0 0 0 0 403.3 0 0 0 206.4 0 0 0 0 0 0 0 0 0 0 0 0 0 0 0 441.7 0 0 1093.7 0 190.7 0 0 0 0 737.3 0 0 376.7 0 405.3 0 0 0 0 0 151.9 0 0 0 0 0 0
**********2022-06-01 15:27:51**********
145963.552 145978.324 0.01 1635.985 3528.866 
0 14 18 9 8 41 36 39
0 0 0 0 0 0 0 0 338.4 798.9 0 0 0 0 448.1 0 0 0 488.8 0 0 0 0 0 0 0 0 0 0 0 0 0 0 0 0 0 437.4 0 0 444.9 0 1161.2 0 0 0 0 0 0 0 0 0 0 0 0 0 0 0 0 0 0
0 1
0 16436.0 0 0 0 0 0 0 0 0 0 0 0 0 0 0 0 0 0 0 0 0 0 0 0 0 0 0 0 0 0 0 0 0 0 0 0 0 0 0 0 0 0 0 0 0 0 0 0 0 0 0 0 0 0 0 0 0 0 0
0 20 40 3 23 27 51
0 0 0 1507.6 0 0 0 0 0 0 0 0 0 0 0 0 0 0 0 0 384.1 0 0 284.6 0 0 0 1043.0 0 0 0 0 0 0 0 0 0 0 0 0 460.8 0 0 0 0 0 0 0 0 0 0 628.6 0 0 0 0 0 0 0 0
0 29 21 49 13 58 50 4 28
0 0 0 0 1087.9 0 0 0 0 0 0 0 0 333.5 0 0 0 0 0 0 0 167.4 0 0 0 0 0 0 1128.7 306.9 0 0 0 0 0 0 0 0 0 0 0 0 0 0 0 0 0 0 0 757.7 1087.1 0 0 0 0 0 0 0 587.1 0
0 15 22 19 38 17 6
0 0 0 0 0 0 362.2 0 0 0 0 0 0 0 0 1815.8 0 414.2 0 273.8 0 0 557.0 0 0 0 0 0 0 0 0 0 0 0 0 0 0 0 1168.0 0 0 0 0 0 0 0 0 0 0 0 0 0 0 0 0 0 0 0 0 0
0 46 59 30 55 24 7 10 2 43
0 0 8170.0 0 0 0 0 286.7 0 0 434.1 0 0 0 0 0 0 0 0 0 0 0 0 0 412.4 0 0 0 0 0 978.7 0 0 0 0 0 0 0 0 0 0 0 0 282.9 0 0 283.6 0 0 0 0 0 0 0 0 439.0 0 0 0 538.9
0 52 34 5 11 56 54 25
0 0 0 0 0 463.8 0 0 0 0 0 122.5 0 0 0 0 0 0 0 0 0 0 0 0 0 199.9 0 0 0 0 0 0 0 0 803.3 0 0 0 0 0 0 0 0 0 0 0 0 0 0 0 0 0 429.5 0 374.2 0 459.9 0 0 0
0 31 44 26 57 48 33
0 0 0 0 0 0 0 0 0 0 0 0 0 0 0 0 0 0 0 0 0 0 0 0 0 0 181.2 0 0 0 0 420.4 0 1438.8 0 0 0 0 0 0 0 0 0 0 1055.3 0 0 0 921.0 0 0 0 0 0 0 0 0 347.0 0 0
0 16 35 12 37 42 32 53 47 45
0 0 0 0 0 0 0 0 0 0 0 0 403.3 0 0 0 206.4 0 0 0 0 0 0 0 0 0 0 0 0 0 0 0 441.7 0 0 1093.7 0 190.7 0 0 0 0 737.3 0 0 376.7 0 405.3 0 0 0 0 0 151.9 0 0 0 0 0 0
**********2022-06-01 15:52:30**********
145963.529 145977.34 0.009 5007.966 5007.967 
0 46 9 24 45 19 29 57 54
0 0 0 0 0 0 0 0 0 798.9 0 0 0 0 0 0 0 0 0 273.8 0 0 0 0 412.4 0 0 0 0 306.9 0 0 0 0 0 0 0 0 0 0 0 0 0 0 0 376.7 283.6 0 0 0 0 0 0 0 374.2 0 0 347.0 0 0
0 1
0 16436.0 0 0 0 0 0 0 0 0 0 0 0 0 0 0 0 0 0 0 0 0 0 0 0 0 0 0 0 0 0 0 0 0 0 0 0 0 0 0 0 0 0 0 0 0 0 0 0 0 0 0 0 0 0 0 0 0 0 0
0 21 30 49 53 14 38 20
0 0 0 0 0 0 0 0 0 0 0 0 0 0 448.1 0 0 0 0 0 384.1 167.4 0 0 0 0 0 0 0 0 978.7 0 0 0 0 0 0 0 1168.0 0 0 0 0 0 0 0 0 0 0 757.7 0 0 0 151.9 0 0 0 0 0 0
0 16 12 35 52 7 2 31
0 0 8170.0 0 0 0 0 286.7 0 0 0 0 403.3 0 0 0 206.4 0 0 0 0 0 0 0 0 0 0 0 0 0 0 420.4 0 0 0 1093.7 0 0 0 0 0 0 0 0 0 0 0 0 0 0 0 0 429.5 0 0 0 0 0 0 0
0 13 42 37 47 51 44 23
0 0 0 0 0 0 0 0 0 0 0 0 0 333.5 0 0 0 0 0 0 0 0 0 284.6 0 0 0 0 0 0 0 0 0 0 0 0 0 190.7 0 0 0 0 737.3 0 1055.3 0 0 405.3 0 0 0 628.6 0 0 0 0 0 0 0 0
0 11 59 8 33 25 18 41
0 0 0 0 0 0 0 0 338.4 0 0 122.5 0 0 0 0 0 0 488.8 0 0 0 0 0 0 199.9 0 0 0 0 0 0 0 1438.8 0 0 0 0 0 0 0 1161.2 0 0 0 0 0 0 0 0 0 0 0 0 0 0 0 0 0 538.9
0 50 26 43 3
0 0 0 1507.6 0 0 0 0 0 0 0 0 0 0 0 0 0 0 0 0 0 0 0 0 0 0 181.2 0 0 0 0 0 0 0 0 0 0 0 0 0 0 0 0 282.9 0 0 0 0 0 0 1087.1 0 0 0 0 0 0 0 0 0
0 6 56 5 28 4 22 55 32 39 40
0 0 0 0 1087.9 463.8 362.2 0 0 0 0 0 0 0 0 0 0 0 0 0 0 0 557.0 0 0 0 0 0 1128.7 0 0 0 441.7 0 0 0 0 0 0 444.9 460.8 0 0 0 0 0 0 0 0 0 0 0 0 0 0 439.0 459.9 0 0 0
0 48 17 27 36 34 10 15 58
0 0 0 0 0 0 0 0 0 0 434.1 0 0 0 0 1815.8 0 414.2 0 0 0 0 0 0 0 0 0 1043.0 0 0 0 0 0 0 803.3 0 437.4 0 0 0 0 0 0 0 0 0 0 0 921.0 0 0 0 0 0 0 0 0 0 587.1 0
