**********2022-05-21 09:22:30**********
173239.469 173263.636 0.014 493.055 493.055 
0 9 36 18 40 46 7 4 17 57
0 0 0 0 662.6 0 0 166.3 0 483.5 0 0 0 0 0 0 0 249.0 282.8 0 0 0 0 0 0 0 0 0 0 0 0 0 0 0 0 0 280.1 0 0 0 291.4 0 0 0 0 0 175.0 0 0 0 0 0 0 0 0 0 0 233.2 0 0
0 2
0 0 2824.0 0 0 0 0 0 0 0 0 0 0 0 0 0 0 0 0 0 0 0 0 0 0 0 0 0 0 0 0 0 0 0 0 0 0 0 0 0 0 0 0 0 0 0 0 0 0 0 0 0 0 0 0 0 0 0 0 0
0 52 55 44 15 50
0 0 0 0 0 0 0 0 0 0 0 0 0 0 0 1108.6 0 0 0 0 0 0 0 0 0 0 0 0 0 0 0 0 0 0 0 0 0 0 0 0 0 0 0 0 575.0 0 0 0 0 0 543.8 0 318.0 0 0 278.8 0 0 0 0
0 11 22 13 26 28 43 49 42 19 8
0 0 0 0 0 0 0 0 194.7 0 0 75.9 0 191.8 0 0 0 0 0 168.3 0 0 331.3 0 0 0 107.5 0 682.9 0 0 0 0 0 0 0 0 0 0 0 0 0 426.7 170.9 0 0 0 0 0 474.1 0 0 0 0 0 0 0 0 0 0
0 1
0 2824.0 0 0 0 0 0 0 0 0 0 0 0 0 0 0 0 0 0 0 0 0 0 0 0 0 0 0 0 0 0 0 0 0 0 0 0 0 0 0 0 0 0 0 0 0 0 0 0 0 0 0 0 0 0 0 0 0 0 0
0 29 20 45 14 3 10 6 31 25 37 16
0 0 0 865.8 0 0 243.9 0 0 0 246.9 0 0 0 277.0 0 111.3 0 0 0 256.1 0 0 0 0 112.9 0 0 0 167.9 0 225.0 0 0 0 0 0 107.6 0 0 0 0 0 0 0 209.6 0 0 0 0 0 0 0 0 0 0 0 0 0 0
0 21 41 38 5 30 39 24
0 0 0 0 0 272.1 0 0 0 0 0 0 0 0 0 0 0 0 0 0 0 94.2 0 0 243.2 0 0 0 0 0 566.4 0 0 0 0 0 0 0 725.6 266.6 0 655.9 0 0 0 0 0 0 0 0 0 0 0 0 0 0 0 0 0 0
0 59 32 23 56 58 51 35 27
0 0 0 0 0 0 0 0 0 0 0 0 0 0 0 0 0 0 0 0 0 0 0 185.4 0 0 0 533.8 0 0 0 0 239.0 0 0 563.2 0 0 0 0 0 0 0 0 0 0 0 0 0 0 0 327.0 0 0 0 0 281.9 0 362.6 331.1
0 12 47 48 53 34 33 54
0 0 0 0 0 0 0 0 0 0 0 0 261.3 0 0 0 0 0 0 0 0 0 0 0 0 0 0 0 0 0 0 0 0 965.0 500.3 0 0 0 0 0 0 0 0 0 0 0 0 265.4 536.3 0 0 0 0 80.9 214.9 0 0 0 0 0
**********2022-05-21 09:35:51**********
173238.424 173249.862 0.007 1294.288 1294.289 
0 2
0 0 2824.0 0 0 0 0 0 0 0 0 0 0 0 0 0 0 0 0 0 0 0 0 0 0 0 0 0 0 0 0 0 0 0 0 0 0 0 0 0 0 0 0 0 0 0 0 0 0 0 0 0 0 0 0 0 0 0 0 0
0 32 23 21 56 58 35 27 50
0 0 0 0 0 0 0 0 0 0 0 0 0 0 0 0 0 0 0 0 0 93.9 0 187.0 0 0 0 538.4 0 0 0 0 241.1 0 0 568.1 0 0 0 0 0 0 0 0 0 0 0 0 0 0 545.4 0 0 0 0 0 284.3 0 365.8 0
0 59 9 36 18 40 46 17 57 34
0 0 0 0 0 0 0 0 0 481.6 0 0 0 0 0 0 0 248.0 281.7 0 0 0 0 0 0 0 0 0 0 0 0 0 0 0 500.9 0 279.0 0 0 0 290.2 0 0 0 0 0 174.3 0 0 0 0 0 0 0 0 0 0 232.3 0 335.9
0 44 25 54 38 4 48
0 0 0 0 658.0 0 0 0 0 0 0 0 0 0 0 0 0 0 0 0 0 0 0 0 0 113.1 0 0 0 0 0 0 0 0 0 0 0 0 724.9 0 0 0 0 0 578.2 0 0 0 535.3 0 0 0 0 0 214.5 0 0 0 0 0
0 1
0 2824.0 0 0 0 0 0 0 0 0 0 0 0 0 0 0 0 0 0 0 0 0 0 0 0 0 0 0 0 0 0 0 0 0 0 0 0 0 0 0 0 0 0 0 0 0 0 0 0 0 0 0 0 0 0 0 0 0 0 0
0 15 12 5 30 53 39 24
0 0 0 0 0 273.8 0 0 0 0 0 0 262.7 0 0 1123.0 0 0 0 0 0 0 0 0 244.7 0 0 0 0 0 570.0 0 0 0 0 0 0 0 0 268.4 0 0 0 0 0 0 0 0 0 0 0 0 0 81.3 0 0 0 0 0 0
0 22 13 26 28 43 47 49 8 51 37
0 0 0 0 0 0 0 0 191.3 0 0 0 0 188.5 0 0 0 0 0 0 0 0 325.6 0 0 0 105.6 0 671.1 0 0 0 0 0 0 0 0 108.6 0 0 0 0 0 167.9 0 0 0 266.7 0 465.9 0 332.9 0 0 0 0 0 0 0 0
0 29 20 45 14 3 10 6 31 19 7
0 0 0 866.8 0 0 244.2 165.0 0 0 247.1 0 0 0 277.4 0 0 0 0 164.0 256.4 0 0 0 0 0 0 0 0 168.1 0 225.2 0 0 0 0 0 0 0 0 0 0 0 0 0 209.9 0 0 0 0 0 0 0 0 0 0 0 0 0 0
0 41 11 52 55 16 33 42
0 0 0 0 0 0 0 0 0 0 0 74.1 0 0 0 0 111.7 0 0 0 0 0 0 0 0 0 0 0 0 0 0 0 0 964.4 0 0 0 0 0 0 0 656.1 416.9 0 0 0 0 0 0 0 0 0 320.1 0 0 280.6 0 0 0 0
**********2024-01-21 06:33:08**********
173237.432 173264.992 0.016 1305.812 1305.812 
0 1
0 2824.0 0 0 0 0 0 0 0 0 0 0 0 0 0 0 0 0 0 0 0 0 0 0 0 0 0 0 0 0 0 0 0 0 0 0 0 0 0 0 0 0 0 0 0 0 0 0 0 0 0 0 0 0 0 0 0 0 0 0
0 2
0 0 2824.0 0 0 0 0 0 0 0 0 0 0 0 0 0 0 0 0 0 0 0 0 0 0 0 0 0 0 0 0 0 0 0 0 0 0 0 0 0 0 0 0 0 0 0 0 0 0 0 0 0 0 0 0 0 0 0 0 0
0 41 27 55 24 28 7 40
0 0 0 0 0 0 0 164.3 0 0 0 0 0 0 0 0 0 0 0 0 0 0 0 0 241.6 0 0 536.8 663.0 0 0 0 0 0 0 0 0 0 0 0 287.8 651.8 0 0 0 0 0 0 0 0 0 0 0 0 0 278.8 0 0 0 0
0 9 20 57 42 53 19 8 25 56 50
0 0 0 0 0 0 0 0 194.1 490.4 0 0 0 0 0 0 0 0 0 167.7 262.2 0 0 0 0 115.6 0 0 0 0 0 0 0 0 0 0 0 0 0 0 0 0 425.3 0 0 0 0 0 0 0 558.5 0 0 82.5 0 0 291.1 236.6 0 0
0 48 54 6 4 13 33
0 0 0 0 662.9 0 246.4 0 0 0 0 0 0 188.6 0 0 0 0 0 0 0 0 0 0 0 0 0 0 0 0 0 0 0 970.6 0 0 0 0 0 0 0 0 0 0 0 0 0 0 539.4 0 0 0 0 0 216.1 0 0 0 0 0
0 32 51 34 46 17 16 3 10 37
0 0 0 866.8 0 0 0 0 0 0 247.1 0 0 0 0 0 111.4 247.0 0 0 0 0 0 0 0 0 0 0 0 0 0 0 241.4 0 498.8 0 0 107.7 0 0 0 0 0 0 0 0 173.6 0 0 0 0 330.2 0 0 0 0 0 0 0 0
0 18 36 11 35 29 58 23 52 47 22
0 0 0 0 0 0 0 0 0 0 0 73.8 0 0 0 0 0 0 279.9 0 0 0 322.4 186.8 0 0 0 0 0 167.7 0 0 0 0 0 567.7 277.3 0 0 0 0 0 0 0 0 0 0 264.1 0 0 0 0 318.7 0 0 0 0 0 365.5 0
0 30 12 5 26 14 44 38
0 0 0 0 0 275.7 0 0 0 0 0 0 264.6 0 281.7 0 0 0 0 0 0 0 0 0 0 0 106.4 0 0 0 573.9 0 0 0 0 0 0 0 735.2 0 0 0 0 0 586.4 0 0 0 0 0 0 0 0 0 0 0 0 0 0 0
0 59 21 45 31 15 43 49 39
0 0 0 0 0 0 0 0 0 0 0 0 0 0 0 1094.9 0 0 0 0 0 92.4 0 0 0 0 0 0 0 0 0 221.5 0 0 0 0 0 0 0 261.6 0 0 0 163.8 0 206.4 0 0 0 454.5 0 0 0 0 0 0 0 0 0 328.9
**********2024-01-21 07:03:12**********
173237.432 173264.992 0.016 1305.812 3109.938 
0 1
0 2824.0 0 0 0 0 0 0 0 0 0 0 0 0 0 0 0 0 0 0 0 0 0 0 0 0 0 0 0 0 0 0 0 0 0 0 0 0 0 0 0 0 0 0 0 0 0 0 0 0 0 0 0 0 0 0 0 0 0 0
0 2
0 0 2824.0 0 0 0 0 0 0 0 0 0 0 0 0 0 0 0 0 0 0 0 0 0 0 0 0 0 0 0 0 0 0 0 0 0 0 0 0 0 0 0 0 0 0 0 0 0 0 0 0 0 0 0 0 0 0 0 0 0
0 41 27 55 24 28 7 40
0 0 0 0 0 0 0 164.3 0 0 0 0 0 0 0 0 0 0 0 0 0 0 0 0 241.6 0 0 536.8 663.0 0 0 0 0 0 0 0 0 0 0 0 287.8 651.8 0 0 0 0 0 0 0 0 0 0 0 0 0 278.8 0 0 0 0
0 9 20 57 42 53 19 8 25 56 50
0 0 0 0 0 0 0 0 194.1 490.4 0 0 0 0 0 0 0 0 0 167.7 262.2 0 0 0 0 115.6 0 0 0 0 0 0 0 0 0 0 0 0 0 0 0 0 425.3 0 0 0 0 0 0 0 558.5 0 0 82.5 0 0 291.1 236.6 0 0
0 48 54 6 4 13 33
0 0 0 0 662.9 0 246.4 0 0 0 0 0 0 188.6 0 0 0 0 0 0 0 0 0 0 0 0 0 0 0 0 0 0 0 970.6 0 0 0 0 0 0 0 0 0 0 0 0 0 0 539.4 0 0 0 0 0 216.1 0 0 0 0 0
0 32 51 34 46 17 16 3 10 37
0 0 0 866.8 0 0 0 0 0 0 247.1 0 0 0 0 0 111.4 247.0 0 0 0 0 0 0 0 0 0 0 0 0 0 0 241.4 0 498.8 0 0 107.7 0 0 0 0 0 0 0 0 173.6 0 0 0 0 330.2 0 0 0 0 0 0 0 0
0 18 36 11 35 29 58 23 52 47 22
0 0 0 0 0 0 0 0 0 0 0 73.8 0 0 0 0 0 0 279.9 0 0 0 322.4 186.8 0 0 0 0 0 167.7 0 0 0 0 0 567.7 277.3 0 0 0 0 0 0 0 0 0 0 264.1 0 0 0 0 318.7 0 0 0 0 0 365.5 0
0 30 12 5 26 14 44 38
0 0 0 0 0 275.7 0 0 0 0 0 0 264.6 0 281.7 0 0 0 0 0 0 0 0 0 0 0 106.4 0 0 0 573.9 0 0 0 0 0 0 0 735.2 0 0 0 0 0 586.4 0 0 0 0 0 0 0 0 0 0 0 0 0 0 0
0 59 21 45 31 15 43 49 39
0 0 0 0 0 0 0 0 0 0 0 0 0 0 0 1094.9 0 0 0 0 0 92.4 0 0 0 0 0 0 0 0 0 221.5 0 0 0 0 0 0 0 261.6 0 0 0 163.8 0 206.4 0 0 0 454.5 0 0 0 0 0 0 0 0 0 328.9
**********2024-01-21 07:35:02**********
173237.432 173254.522 0.01 5020.618 5020.618 
0 1
0 2824.0 0 0 0 0 0 0 0 0 0 0 0 0 0 0 0 0 0 0 0 0 0 0 0 0 0 0 0 0 0 0 0 0 0 0 0 0 0 0 0 0 0 0 0 0 0 0 0 0 0 0 0 0 0 0 0 0 0 0
0 2
0 0 2824.0 0 0 0 0 0 0 0 0 0 0 0 0 0 0 0 0 0 0 0 0 0 0 0 0 0 0 0 0 0 0 0 0 0 0 0 0 0 0 0 0 0 0 0 0 0 0 0 0 0 0 0 0 0 0 0 0 0
0 56 54 44 22 5 30 17 59
0 0 0 0 0 272.1 0 0 0 0 0 0 0 0 0 0 0 247.6 0 0 0 0 323.7 0 0 0 0 0 0 0 566.5 0 0 0 0 0 0 0 0 0 0 0 0 0 578.8 0 0 0 0 0 0 0 0 0 214.7 0 285.3 0 0 335.2
0 36 40 48 42 19 8 28 55
0 0 0 0 0 0 0 0 190.3 0 0 0 0 0 0 0 0 0 0 164.4 0 0 0 0 0 0 0 0 667.4 0 0 0 0 0 0 0 278.5 0 0 0 289.7 0 417.0 0 0 0 0 0 536.0 0 0 0 0 0 0 280.7 0 0 0 0
0 15 43 49 16 33
0 0 0 0 0 0 0 0 0 0 0 0 0 0 0 1116.7 111.7 0 0 0 0 0 0 0 0 0 0 0 0 0 0 0 0 965.0 0 0 0 0 0 0 0 0 0 167.1 0 0 0 0 0 463.6 0 0 0 0 0 0 0 0 0 0
0 20 10 27 11 52 46 7 34 39 24
0 0 0 0 0 0 0 167.5 0 0 250.9 75.1 0 0 0 0 0 0 0 0 260.3 0 0 0 246.3 0 0 547.2 0 0 0 0 0 0 506.3 0 0 0 0 270.1 0 0 0 0 0 0 176.2 0 0 0 0 0 324.2 0 0 0 0 0 0 0
0 13 26 53 47 12 18 57 58 32 23 45 14 25
0 0 0 0 0 0 0 0 0 0 0 0 262.3 188.3 279.3 0 0 0 282.4 0 0 0 0 188.5 0 113.8 105.5 0 0 0 0 0 243.1 0 0 0 0 0 0 0 0 0 0 0 0 211.3 0 266.4 0 0 0 0 0 81.2 0 0 0 232.9 368.8 0
0 9 29 4 38 50 6
0 0 0 0 658.3 0 244.6 0 0 480.4 0 0 0 0 0 0 0 0 0 0 0 0 0 0 0 0 0 0 0 168.4 0 0 0 0 0 0 0 0 725.2 0 0 0 0 0 0 0 0 0 0 0 547.1 0 0 0 0 0 0 0 0 0
0 21 35 41 3 51 31 37
0 0 0 859.7 0 0 0 0 0 0 0 0 0 0 0 0 0 0 0 0 0 93.2 0 0 0 0 0 0 0 0 0 223.4 0 0 0 564.2 0 106.8 0 0 0 649.2 0 0 0 0 0 0 0 0 0 327.5 0 0 0 0 0 0 0 0
**********2024-01-21 08:01:53**********
173237.432 173254.522 0.01 5020.618 6631.392 
0 1
0 2824.0 0 0 0 0 0 0 0 0 0 0 0 0 0 0 0 0 0 0 0 0 0 0 0 0 0 0 0 0 0 0 0 0 0 0 0 0 0 0 0 0 0 0 0 0 0 0 0 0 0 0 0 0 0 0 0 0 0 0
0 2
0 0 2824.0 0 0 0 0 0 0 0 0 0 0 0 0 0 0 0 0 0 0 0 0 0 0 0 0 0 0 0 0 0 0 0 0 0 0 0 0 0 0 0 0 0 0 0 0 0 0 0 0 0 0 0 0 0 0 0 0 0
0 56 54 44 22 5 30 17 59
0 0 0 0 0 272.1 0 0 0 0 0 0 0 0 0 0 0 247.6 0 0 0 0 323.7 0 0 0 0 0 0 0 566.5 0 0 0 0 0 0 0 0 0 0 0 0 0 578.8 0 0 0 0 0 0 0 0 0 214.7 0 285.3 0 0 335.2
0 36 40 48 42 19 8 28 55
0 0 0 0 0 0 0 0 190.3 0 0 0 0 0 0 0 0 0 0 164.4 0 0 0 0 0 0 0 0 667.4 0 0 0 0 0 0 0 278.5 0 0 0 289.7 0 417.0 0 0 0 0 0 536.0 0 0 0 0 0 0 280.7 0 0 0 0
0 15 43 49 16 33
0 0 0 0 0 0 0 0 0 0 0 0 0 0 0 1116.7 111.7 0 0 0 0 0 0 0 0 0 0 0 0 0 0 0 0 965.0 0 0 0 0 0 0 0 0 0 167.1 0 0 0 0 0 463.6 0 0 0 0 0 0 0 0 0 0
0 20 10 27 11 52 46 7 34 39 24
0 0 0 0 0 0 0 167.5 0 0 250.9 75.1 0 0 0 0 0 0 0 0 260.3 0 0 0 246.3 0 0 547.2 0 0 0 0 0 0 506.3 0 0 0 0 270.1 0 0 0 0 0 0 176.2 0 0 0 0 0 324.2 0 0 0 0 0 0 0
0 13 26 53 47 12 18 57 58 32 23 45 14 25
0 0 0 0 0 0 0 0 0 0 0 0 262.3 188.3 279.3 0 0 0 282.4 0 0 0 0 188.5 0 113.8 105.5 0 0 0 0 0 243.1 0 0 0 0 0 0 0 0 0 0 0 0 211.3 0 266.4 0 0 0 0 0 81.2 0 0 0 232.9 368.8 0
0 9 29 4 38 50 6
0 0 0 0 658.3 0 244.6 0 0 480.4 0 0 0 0 0 0 0 0 0 0 0 0 0 0 0 0 0 0 0 168.4 0 0 0 0 0 0 0 0 725.2 0 0 0 0 0 0 0 0 0 0 0 547.1 0 0 0 0 0 0 0 0 0
0 21 35 41 3 51 31 37
0 0 0 859.7 0 0 0 0 0 0 0 0 0 0 0 0 0 0 0 0 0 93.2 0 0 0 0 0 0 0 0 0 223.4 0 0 0 564.2 0 106.8 0 0 0 649.2 0 0 0 0 0 0 0 0 0 327.5 0 0 0 0 0 0 0 0
**********2024-01-21 08:22:30**********
173237.432 173254.522 0.01 5020.618 7867.858 
0 1
0 2824.0 0 0 0 0 0 0 0 0 0 0 0 0 0 0 0 0 0 0 0 0 0 0 0 0 0 0 0 0 0 0 0 0 0 0 0 0 0 0 0 0 0 0 0 0 0 0 0 0 0 0 0 0 0 0 0 0 0 0
0 2
0 0 2824.0 0 0 0 0 0 0 0 0 0 0 0 0 0 0 0 0 0 0 0 0 0 0 0 0 0 0 0 0 0 0 0 0 0 0 0 0 0 0 0 0 0 0 0 0 0 0 0 0 0 0 0 0 0 0 0 0 0
0 56 54 44 22 5 30 17 59
0 0 0 0 0 272.1 0 0 0 0 0 0 0 0 0 0 0 247.6 0 0 0 0 323.7 0 0 0 0 0 0 0 566.5 0 0 0 0 0 0 0 0 0 0 0 0 0 578.8 0 0 0 0 0 0 0 0 0 214.7 0 285.3 0 0 335.2
0 36 40 48 42 19 8 28 55
0 0 0 0 0 0 0 0 190.3 0 0 0 0 0 0 0 0 0 0 164.4 0 0 0 0 0 0 0 0 667.4 0 0 0 0 0 0 0 278.5 0 0 0 289.7 0 417.0 0 0 0 0 0 536.0 0 0 0 0 0 0 280.7 0 0 0 0
0 15 43 49 16 33
0 0 0 0 0 0 0 0 0 0 0 0 0 0 0 1116.7 111.7 0 0 0 0 0 0 0 0 0 0 0 0 0 0 0 0 965.0 0 0 0 0 0 0 0 0 0 167.1 0 0 0 0 0 463.6 0 0 0 0 0 0 0 0 0 0
0 20 10 27 11 52 46 7 34 39 24
0 0 0 0 0 0 0 167.5 0 0 250.9 75.1 0 0 0 0 0 0 0 0 260.3 0 0 0 246.3 0 0 547.2 0 0 0 0 0 0 506.3 0 0 0 0 270.1 0 0 0 0 0 0 176.2 0 0 0 0 0 324.2 0 0 0 0 0 0 0
0 13 26 53 47 12 18 57 58 32 23 45 14 25
0 0 0 0 0 0 0 0 0 0 0 0 262.3 188.3 279.3 0 0 0 282.4 0 0 0 0 188.5 0 113.8 105.5 0 0 0 0 0 243.1 0 0 0 0 0 0 0 0 0 0 0 0 211.3 0 266.4 0 0 0 0 0 81.2 0 0 0 232.9 368.8 0
0 9 29 4 38 50 6
0 0 0 0 658.3 0 244.6 0 0 480.4 0 0 0 0 0 0 0 0 0 0 0 0 0 0 0 0 0 0 0 168.4 0 0 0 0 0 0 0 0 725.2 0 0 0 0 0 0 0 0 0 0 0 547.1 0 0 0 0 0 0 0 0 0
0 21 35 41 3 51 31 37
0 0 0 859.7 0 0 0 0 0 0 0 0 0 0 0 0 0 0 0 0 0 93.2 0 0 0 0 0 0 0 0 0 223.4 0 0 0 564.2 0 106.8 0 0 0 649.2 0 0 0 0 0 0 0 0 0 327.5 0 0 0 0 0 0 0 0
**********2024-01-21 08:47:05**********
173237.432 173254.522 0.01 5020.618 9342.846 
0 1
0 2824.0 0 0 0 0 0 0 0 0 0 0 0 0 0 0 0 0 0 0 0 0 0 0 0 0 0 0 0 0 0 0 0 0 0 0 0 0 0 0 0 0 0 0 0 0 0 0 0 0 0 0 0 0 0 0 0 0 0 0
0 2
0 0 2824.0 0 0 0 0 0 0 0 0 0 0 0 0 0 0 0 0 0 0 0 0 0 0 0 0 0 0 0 0 0 0 0 0 0 0 0 0 0 0 0 0 0 0 0 0 0 0 0 0 0 0 0 0 0 0 0 0 0
0 56 54 44 22 5 30 17 59
0 0 0 0 0 272.1 0 0 0 0 0 0 0 0 0 0 0 247.6 0 0 0 0 323.7 0 0 0 0 0 0 0 566.5 0 0 0 0 0 0 0 0 0 0 0 0 0 578.8 0 0 0 0 0 0 0 0 0 214.7 0 285.3 0 0 335.2
0 36 40 48 42 19 8 28 55
0 0 0 0 0 0 0 0 190.3 0 0 0 0 0 0 0 0 0 0 164.4 0 0 0 0 0 0 0 0 667.4 0 0 0 0 0 0 0 278.5 0 0 0 289.7 0 417.0 0 0 0 0 0 536.0 0 0 0 0 0 0 280.7 0 0 0 0
0 15 43 49 16 33
0 0 0 0 0 0 0 0 0 0 0 0 0 0 0 1116.7 111.7 0 0 0 0 0 0 0 0 0 0 0 0 0 0 0 0 965.0 0 0 0 0 0 0 0 0 0 167.1 0 0 0 0 0 463.6 0 0 0 0 0 0 0 0 0 0
0 20 10 27 11 52 46 7 34 39 24
0 0 0 0 0 0 0 167.5 0 0 250.9 75.1 0 0 0 0 0 0 0 0 260.3 0 0 0 246.3 0 0 547.2 0 0 0 0 0 0 506.3 0 0 0 0 270.1 0 0 0 0 0 0 176.2 0 0 0 0 0 324.2 0 0 0 0 0 0 0
0 13 26 53 47 12 18 57 58 32 23 45 14 25
0 0 0 0 0 0 0 0 0 0 0 0 262.3 188.3 279.3 0 0 0 282.4 0 0 0 0 188.5 0 113.8 105.5 0 0 0 0 0 243.1 0 0 0 0 0 0 0 0 0 0 0 0 211.3 0 266.4 0 0 0 0 0 81.2 0 0 0 232.9 368.8 0
0 9 29 4 38 50 6
0 0 0 0 658.3 0 244.6 0 0 480.4 0 0 0 0 0 0 0 0 0 0 0 0 0 0 0 0 0 0 0 168.4 0 0 0 0 0 0 0 0 725.2 0 0 0 0 0 0 0 0 0 0 0 547.1 0 0 0 0 0 0 0 0 0
0 21 35 41 3 51 31 37
0 0 0 859.7 0 0 0 0 0 0 0 0 0 0 0 0 0 0 0 0 0 93.2 0 0 0 0 0 0 0 0 0 223.4 0 0 0 564.2 0 106.8 0 0 0 649.2 0 0 0 0 0 0 0 0 0 327.5 0 0 0 0 0 0 0 0
