169208.043 169222.042 0.008 75.959 75.96 
0 1
0 8548.0 0 0 0 0 0 0 0 0 0 0 0 0 0
0 11 5 8 2
0 0 4699.7419324098 0 0 1319.2755889862 0 0 636.5717181109 0 0 1892.410760493 0 0 0
0 14 10 3 9 12 7 4 6 13
0 0 0 1251.0100266334 519.2991500762 0 968.8884927445 595.1034923171 0 1436.6192285939 511.1570838969 0 506.1968215524 2120.2681708883 639.4575332972
169208.052 169221.793 0.008 113.22 113.22 
0 10 6 8 4 14 3 13 11
0 0 0 1253.3168177763 520.2567080928 0 970.6750678685 0 636.0317531092 0 512.0996284078 1890.8055437508 0 2124.1778244747 640.6366565198
0 1
0 8548.0 0 0 0 0 0 0 0 0 0 0 0 0 0
0 7 12 5 9 2
0 0 4691.0844965595 0 0 1316.8453398481 0 595.6077802282 0 1437.836612997 0 0 506.6257703672 0 0
169208.067 169216.335 0.005 134.471 134.472 
0 1
0 8548.0 0 0 0 0 0 0 0 0 0 0 0 0 0
0 10 12 11 14 7 13 5 6
0 0 0 0 0 1316.3267447441 969.3276369374 595.373220201 0 0 511.3887634624 1888.1808447564 506.4262529022 2121.2291725532 639.7473644434
0 3 9 4 8 2
0 0 4697.6079937056 1253.8112754164 520.4619593912 0 0 0 636.2826798942 1439.8360915926 0 0 0 0 0
169208.067 169216.335 0.005 134.471 161.288 
0 1
0 8548.0 0 0 0 0 0 0 0 0 0 0 0 0 0
0 10 12 11 14 7 13 5 6
0 0 0 0 0 1316.3267447441 969.3276369374 595.373220201 0 0 511.3887634624 1888.1808447564 506.4262529022 2121.2291725532 639.7473644434
0 3 9 4 8 2
0 0 4697.6079937056 1253.8112754164 520.4619593912 0 0 0 636.2826798942 1439.8360915926 0 0 0 0 0
169208.087 169216.335 0.005 134.471 178.603 
0 1
0 8548.0 0 0 0 0 0 0 0 0 0 0 0 0 0
0 10 12 11 14 7 13 5 6
0 0 0 0 0 1316.3267447441 969.3276369374 595.373220201 0 0 511.3887634624 1888.1808447564 506.4262529022 2121.2291725532 639.7473644434
0 3 9 4 8 2
0 0 4697.6079937056 1253.8112754164 520.4619593912 0 0 0 636.2826798942 1439.8360915926 0 0 0 0 0
169208.085 169216.335 0.005 134.471 197.295 
0 1
0 8548.0 0 0 0 0 0 0 0 0 0 0 0 0 0
0 10 12 11 14 7 13 5 6
0 0 0 0 0 1316.3267447441 969.3276369374 595.373220201 0 0 511.3887634624 1888.1808447564 506.4262529022 2121.2291725532 639.7473644434
0 3 9 4 8 2
0 0 4697.6079937056 1253.8112754164 520.4619593912 0 0 0 636.2826798942 1439.8360915926 0 0 0 0 0
169208.085 169216.335 0.005 134.471 229.069 
0 1
0 8548.0 0 0 0 0 0 0 0 0 0 0 0 0 0
0 10 12 11 14 7 13 5 6
0 0 0 0 0 1316.3267447441 969.3276369374 595.373220201 0 0 511.3887634624 1888.1808447564 506.4262529022 2121.2291725532 639.7473644434
0 3 9 4 8 2
0 0 4697.6079937056 1253.8112754164 520.4619593912 0 0 0 636.2826798942 1439.8360915926 0 0 0 0 0
169208.085 169216.335 0.005 134.471 271.637 
0 1
0 8548.0 0 0 0 0 0 0 0 0 0 0 0 0 0
0 10 12 11 14 7 13 5 6
0 0 0 0 0 1316.3267447441 969.3276369374 595.373220201 0 0 511.3887634624 1888.1808447564 506.4262529022 2121.2291725532 639.7473644434
0 3 9 4 8 2
0 0 4697.6079937056 1253.8112754164 520.4619593912 0 0 0 636.2826798942 1439.8360915926 0 0 0 0 0
**********2022-05-23 09:57:21**********
169208.041 169227.021 0.011 53.397 53.397 
0 3 13 10 2
0 0 4675.3 1247.9 0 0 0 0 0 0 509.9 0 0 2114.9 0
0 1
0 8548.0 0 0 0 0 0 0 0 0 0 0 0 0 0
0 6 8 7 4 12 5 11 14 9
0 0 0 0 522.0 1322.6 974.0 598.2 638.2 1444.1 0 1897.2 508.8 0 642.8
**********2022-05-23 09:57:41**********
169208.054 169221.783 0.008 73.033 73.033 
0 2 14 5 11
0 0 4697.2 0 0 1318.6 0 0 0 0 0 1891.4 0 0 640.8
0 1
0 8548.0 0 0 0 0 0 0 0 0 0 0 0 0 0
0 9 13 10 6 12 7 4 3 8
0 0 0 1251.7 519.6 0 969.4 595.4 635.2 1437.4 511.4 0 506.5 2121.4 0
**********2024-02-10 18:32:41**********
169208.041 169232.005 0.014 68.839 68.839 1 305.0 
0 1
0 8548.0 0 0 0 0 0 0 0 0 0 0 0 0 0
0 3 5 10 13 6 7 11
0 0.0 0.0 1236.3 0.0 1300.3 957.5 588.1 0.0 0.0 505.2 1865.2 0.0 2095.4 0.0
0 8 9 12 14 4 2
0 0.0 4756.4 0.0 527.0 0.0 0.0 0.0 644.2 1457.8 0.0 0.0 513.7 0.0 648.9
**********2024-02-10 18:50:07**********
169208.041 169226.111 0.011 70.033 70.033 1 342.0 
0 1
0 8548.0 0 0 0 0 0 0 0 0 0 0 0 0 0
0 9 12 14 3 2
0 0 4702.3 1255.1 0 0 0 0 0 1441.3 0 0 507.8 0 641.5
0 10 11 6 8 7 4 5 13
0 0 0 0 519.0 1315.0 968.4 594.8 634.5 0 510.9 1886.3 0 2119.1 0
**********2024-02-10 18:50:36**********
169208.054 169226.111 0.011 70.033 98.971 3 342.0 
0 1
0 8548.0 0 0 0 0 0 0 0 0 0 0 0 0 0
0 9 12 14 3 2
0 0 4702.3 1255.1 0 0 0 0 0 1441.3 0 0 507.8 0 641.5
0 10 11 6 8 7 4 5 13
0 0 0 0 519.0 1315.0 968.4 594.8 634.5 0 510.9 1886.3 0 2119.1 0
**********2024-02-10 18:51:11**********
169208.054 169218.48 0.006 134.138 134.138 5 332.333 
0 1
0 8548.0 0 0 0 0 0 0 0 0 0 0 0 0 0
0 12 8 13 4 5 6 7 11
0 0 0 0 519.3 1315.8 968.9 595.1 634.9 0 0 1887.4 506.2 2120.3 0
0 3 9 14 10 2
0 0 4699.6 1254.3 0 0 0 0 0 1440.4 512.5 0 0 0 641.2
