**********2022-05-23 10:03:46**********
159872.985 159895.862 0.014 44.17 44.17 
0 1
0 8086.0 0.0 0.0 0.0 0.0 0.0 0.0 0.0 0.0 0.0 0.0 0.0 0.0 0.0
0 2 10 14 6 3 8
0 0 4149.0 1247.2 0 0 958.3 0 625.9 0 512.4 0 0 0 593.1
0 9 11 13 12 5 4 7
0 0 0 0 485.4 1273.2 0 590.9 0 1513.3 0 1830.1 510.0 1883.1 0
**********2022-05-23 10:04:34**********
159872.977 159888.086 0.009 92.482 92.482 
0 9 2 11 8
0 0 4163.6 0 0 0 0 0 628.1 1491.1 0 1803.2 0 0 0
0 1
0 8086.0 0 0 0 0 0 0 0 0 0 0 0 0 0
0 13 5 12 4 7 10 3 6 14
0 0 0 1265.8 483.7 1268.7 972.5 588.8 0 0 520.1 0 508.1 1876.4 601.9
**********2022-05-23 10:05:08**********
159872.977 159883.576 0.007 126.29 126.291 
0 2 4 8 3 6 14
0 0 4167.5 1252.8 478.7 0 962.6 0 628.7 0 0 0 0 0 595.8
0 1
0 8086.0 0 0 0 0 0 0 0 0 0 0 0 0 0
0 9 10 11 13 12 5 7
0 0 0 0 0 1267.5 0 588.3 0 1506.5 519.6 1821.9 507.7 1874.6 0
**********2024-01-21 18:15:58**********
159867.088 159887.061 0.012 14.163 14.163 
0 1
0 8086.0 0 0 0 0 0 0 0 0 0 0 0 0 0
0 2 10 14 6 3 12
0 0 4214.3 1266.8 0 0 973.4 0 0 0 520.5 0 508.6 0 602.4
0 9 11 13 5 4 7 8
0 0 0 0 477.9 1253.5 0 581.7 627.6 1489.8 0 1801.7 0 1853.8 0
**********2024-01-21 18:16:11**********
159867.088 159887.061 0.012 14.163 26.987 
0 1
0 8086.0 0 0 0 0 0 0 0 0 0 0 0 0 0
0 2 10 14 6 3 12
0 0 4214.3 1266.8 0 0 973.4 0 0 0 520.5 0 508.6 0 602.4
0 9 11 13 5 4 7 8
0 0 0 0 477.9 1253.5 0 581.7 627.6 1489.8 0 1801.7 0 1853.8 0
**********2024-01-21 18:16:25**********
159867.088 159887.061 0.012 14.163 40.763 
0 1
0 8086.0 0 0 0 0 0 0 0 0 0 0 0 0 0
0 2 10 14 6 3 12
0 0 4214.3 1266.8 0 0 973.4 0 0 0 520.5 0 508.6 0 602.4
0 9 11 13 5 4 7 8
0 0 0 0 477.9 1253.5 0 581.7 627.6 1489.8 0 1801.7 0 1853.8 0
**********2024-01-21 18:16:39**********
159867.088 159887.061 0.012 14.163 54.692 
0 1
0 8086.0 0 0 0 0 0 0 0 0 0 0 0 0 0
0 2 10 14 6 3 12
0 0 4214.3 1266.8 0 0 973.4 0 0 0 520.5 0 508.6 0 602.4
0 9 11 13 5 4 7 8
0 0 0 0 477.9 1253.5 0 581.7 627.6 1489.8 0 1801.7 0 1853.8 0
**********2024-01-21 18:16:53**********
159867.088 159887.061 0.012 14.163 68.624 
0 1
0 8086.0 0 0 0 0 0 0 0 0 0 0 0 0 0
0 2 10 14 6 3 12
0 0 4214.3 1266.8 0 0 973.4 0 0 0 520.5 0 508.6 0 602.4
0 9 11 13 5 4 7 8
0 0 0 0 477.9 1253.5 0 581.7 627.6 1489.8 0 1801.7 0 1853.8 0
**********2024-01-21 18:17:03**********
159867.088 159887.061 0.012 14.163 78.559 
0 1
0 8086.0 0 0 0 0 0 0 0 0 0 0 0 0 0
0 2 10 14 6 3 12
0 0 4214.3 1266.8 0 0 973.4 0 0 0 520.5 0 508.6 0 602.4
0 9 11 13 5 4 7 8
0 0 0 0 477.9 1253.5 0 581.7 627.6 1489.8 0 1801.7 0 1853.8 0
**********2024-01-21 18:17:16**********
159867.088 159887.061 0.012 14.163 91.851 
0 1
0 8086.0 0 0 0 0 0 0 0 0 0 0 0 0 0
0 2 10 14 6 3 12
0 0 4214.3 1266.8 0 0 973.4 0 0 0 520.5 0 508.6 0 602.4
0 9 11 13 5 4 7 8
0 0 0 0 477.9 1253.5 0 581.7 627.6 1489.8 0 1801.7 0 1853.8 0
**********2024-01-21 18:17:27**********
159867.088 159887.061 0.012 14.163 103.156 
0 1
0 8086.0 0 0 0 0 0 0 0 0 0 0 0 0 0
0 2 10 14 6 3 12
0 0 4214.3 1266.8 0 0 973.4 0 0 0 520.5 0 508.6 0 602.4
0 9 11 13 5 4 7 8
0 0 0 0 477.9 1253.5 0 581.7 627.6 1489.8 0 1801.7 0 1853.8 0
**********2024-01-21 18:17:39**********
159867.088 159887.061 0.012 14.163 114.95 
0 1
0 8086.0 0 0 0 0 0 0 0 0 0 0 0 0 0
0 2 10 14 6 3 12
0 0 4214.3 1266.8 0 0 973.4 0 0 0 520.5 0 508.6 0 602.4
0 9 11 13 5 4 7 8
0 0 0 0 477.9 1253.5 0 581.7 627.6 1489.8 0 1801.7 0 1853.8 0
**********2024-01-21 18:17:50**********
159867.088 159887.061 0.012 14.163 125.705 
0 1
0 8086.0 0 0 0 0 0 0 0 0 0 0 0 0 0
0 2 10 14 6 3 12
0 0 4214.3 1266.8 0 0 973.4 0 0 0 520.5 0 508.6 0 602.4
0 9 11 13 5 4 7 8
0 0 0 0 477.9 1253.5 0 581.7 627.6 1489.8 0 1801.7 0 1853.8 0
**********2024-01-21 18:17:59**********
159867.088 159887.061 0.012 14.163 134.914 
0 1
0 8086.0 0 0 0 0 0 0 0 0 0 0 0 0 0
0 2 10 14 6 3 12
0 0 4214.3 1266.8 0 0 973.4 0 0 0 520.5 0 508.6 0 602.4
0 9 11 13 5 4 7 8
0 0 0 0 477.9 1253.5 0 581.7 627.6 1489.8 0 1801.7 0 1853.8 0
**********2024-01-21 18:18:08**********
159867.088 159887.061 0.012 14.163 143.306 
0 1
0 8086.0 0 0 0 0 0 0 0 0 0 0 0 0 0
0 2 10 14 6 3 12
0 0 4214.3 1266.8 0 0 973.4 0 0 0 520.5 0 508.6 0 602.4
0 9 11 13 5 4 7 8
0 0 0 0 477.9 1253.5 0 581.7 627.6 1489.8 0 1801.7 0 1853.8 0
**********2024-01-21 18:18:16**********
159867.088 159887.061 0.012 14.163 151.656 
0 1
0 8086.0 0 0 0 0 0 0 0 0 0 0 0 0 0
0 2 10 14 6 3 12
0 0 4214.3 1266.8 0 0 973.4 0 0 0 520.5 0 508.6 0 602.4
0 9 11 13 5 4 7 8
0 0 0 0 477.9 1253.5 0 581.7 627.6 1489.8 0 1801.7 0 1853.8 0
**********2024-01-21 18:18:26**********
159867.088 159887.061 0.012 14.163 162.263 
0 1
0 8086.0 0 0 0 0 0 0 0 0 0 0 0 0 0
0 2 10 14 6 3 12
0 0 4214.3 1266.8 0 0 973.4 0 0 0 520.5 0 508.6 0 602.4
0 9 11 13 5 4 7 8
0 0 0 0 477.9 1253.5 0 581.7 627.6 1489.8 0 1801.7 0 1853.8 0
**********2024-01-21 18:18:36**********
159867.088 159887.061 0.012 14.163 171.885 
0 1
0 8086.0 0 0 0 0 0 0 0 0 0 0 0 0 0
0 2 10 14 6 3 12
0 0 4214.3 1266.8 0 0 973.4 0 0 0 520.5 0 508.6 0 602.4
0 9 11 13 5 4 7 8
0 0 0 0 477.9 1253.5 0 581.7 627.6 1489.8 0 1801.7 0 1853.8 0
**********2024-01-21 18:18:45**********
159867.088 159887.061 0.012 14.163 180.441 
0 1
0 8086.0 0 0 0 0 0 0 0 0 0 0 0 0 0
0 2 10 14 6 3 12
0 0 4214.3 1266.8 0 0 973.4 0 0 0 520.5 0 508.6 0 602.4
0 9 11 13 5 4 7 8
0 0 0 0 477.9 1253.5 0 581.7 627.6 1489.8 0 1801.7 0 1853.8 0
**********2024-01-21 18:18:53**********
159867.088 159887.061 0.012 14.163 188.595 
0 1
0 8086.0 0 0 0 0 0 0 0 0 0 0 0 0 0
0 2 10 14 6 3 12
0 0 4214.3 1266.8 0 0 973.4 0 0 0 520.5 0 508.6 0 602.4
0 9 11 13 5 4 7 8
0 0 0 0 477.9 1253.5 0 581.7 627.6 1489.8 0 1801.7 0 1853.8 0
**********2024-01-21 18:19:00**********
159867.088 159887.061 0.012 14.163 196.295 
0 1
0 8086.0 0 0 0 0 0 0 0 0 0 0 0 0 0
0 2 10 14 6 3 12
0 0 4214.3 1266.8 0 0 973.4 0 0 0 520.5 0 508.6 0 602.4
0 9 11 13 5 4 7 8
0 0 0 0 477.9 1253.5 0 581.7 627.6 1489.8 0 1801.7 0 1853.8 0
**********2024-01-21 18:19:06**********
159867.088 159887.061 0.012 14.163 201.894 
0 1
0 8086.0 0 0 0 0 0 0 0 0 0 0 0 0 0
0 2 10 14 6 3 12
0 0 4214.3 1266.8 0 0 973.4 0 0 0 520.5 0 508.6 0 602.4
0 9 11 13 5 4 7 8
0 0 0 0 477.9 1253.5 0 581.7 627.6 1489.8 0 1801.7 0 1853.8 0
**********2024-01-21 18:19:12**********
159867.088 159887.061 0.012 14.163 207.606 
0 1
0 8086.0 0 0 0 0 0 0 0 0 0 0 0 0 0
0 2 10 14 6 3 12
0 0 4214.3 1266.8 0 0 973.4 0 0 0 520.5 0 508.6 0 602.4
0 9 11 13 5 4 7 8
0 0 0 0 477.9 1253.5 0 581.7 627.6 1489.8 0 1801.7 0 1853.8 0
**********2024-01-21 18:19:14**********
159867.088 159887.061 0.012 14.163 209.981 
0 1
0 8086.0 0 0 0 0 0 0 0 0 0 0 0 0 0
0 2 10 14 6 3 12
0 0 4214.3 1266.8 0 0 973.4 0 0 0 520.5 0 508.6 0 602.4
0 9 11 13 5 4 7 8
0 0 0 0 477.9 1253.5 0 581.7 627.6 1489.8 0 1801.7 0 1853.8 0
**********2024-01-21 18:19:16**********
159867.088 159887.061 0.012 14.163 212.062 
0 1
0 8086.0 0 0 0 0 0 0 0 0 0 0 0 0 0
0 2 10 14 6 3 12
0 0 4214.3 1266.8 0 0 973.4 0 0 0 520.5 0 508.6 0 602.4
0 9 11 13 5 4 7 8
0 0 0 0 477.9 1253.5 0 581.7 627.6 1489.8 0 1801.7 0 1853.8 0
**********2024-01-21 18:19:18**********
159867.088 159887.061 0.012 14.163 214.204 
0 1
0 8086.0 0 0 0 0 0 0 0 0 0 0 0 0 0
0 2 10 14 6 3 12
0 0 4214.3 1266.8 0 0 973.4 0 0 0 520.5 0 508.6 0 602.4
0 9 11 13 5 4 7 8
0 0 0 0 477.9 1253.5 0 581.7 627.6 1489.8 0 1801.7 0 1853.8 0
**********2024-01-21 18:19:24**********
159867.088 159887.061 0.012 14.163 219.441 
0 1
0 8086.0 0 0 0 0 0 0 0 0 0 0 0 0 0
0 2 10 14 6 3 12
0 0 4214.3 1266.8 0 0 973.4 0 0 0 520.5 0 508.6 0 602.4
0 9 11 13 5 4 7 8
0 0 0 0 477.9 1253.5 0 581.7 627.6 1489.8 0 1801.7 0 1853.8 0
**********2024-01-21 18:19:28**********
159867.088 159887.061 0.012 14.163 223.421 
0 1
0 8086.0 0 0 0 0 0 0 0 0 0 0 0 0 0
0 2 10 14 6 3 12
0 0 4214.3 1266.8 0 0 973.4 0 0 0 520.5 0 508.6 0 602.4
0 9 11 13 5 4 7 8
0 0 0 0 477.9 1253.5 0 581.7 627.6 1489.8 0 1801.7 0 1853.8 0
**********2024-01-21 18:19:29**********
159867.088 159887.061 0.012 14.163 225.228 
0 1
0 8086.0 0 0 0 0 0 0 0 0 0 0 0 0 0
0 2 10 14 6 3 12
0 0 4214.3 1266.8 0 0 973.4 0 0 0 520.5 0 508.6 0 602.4
0 9 11 13 5 4 7 8
0 0 0 0 477.9 1253.5 0 581.7 627.6 1489.8 0 1801.7 0 1853.8 0
**********2024-01-21 18:19:31**********
159867.088 159887.061 0.012 14.163 226.918 
0 1
0 8086.0 0 0 0 0 0 0 0 0 0 0 0 0 0
0 2 10 14 6 3 12
0 0 4214.3 1266.8 0 0 973.4 0 0 0 520.5 0 508.6 0 602.4
0 9 11 13 5 4 7 8
0 0 0 0 477.9 1253.5 0 581.7 627.6 1489.8 0 1801.7 0 1853.8 0
**********2024-01-21 18:19:35**********
159867.088 159887.061 0.012 14.163 230.623 
0 1
0 8086.0 0 0 0 0 0 0 0 0 0 0 0 0 0
0 2 10 14 6 3 12
0 0 4214.3 1266.8 0 0 973.4 0 0 0 520.5 0 508.6 0 602.4
0 9 11 13 5 4 7 8
0 0 0 0 477.9 1253.5 0 581.7 627.6 1489.8 0 1801.7 0 1853.8 0
**********2024-01-21 18:19:39**********
159867.088 159887.061 0.012 14.163 234.44 
0 1
0 8086.0 0 0 0 0 0 0 0 0 0 0 0 0 0
0 2 10 14 6 3 12
0 0 4214.3 1266.8 0 0 973.4 0 0 0 520.5 0 508.6 0 602.4
0 9 11 13 5 4 7 8
0 0 0 0 477.9 1253.5 0 581.7 627.6 1489.8 0 1801.7 0 1853.8 0
**********2024-01-21 18:19:45**********
159867.088 159887.061 0.012 14.163 240.805 
0 1
0 8086.0 0 0 0 0 0 0 0 0 0 0 0 0 0
0 2 10 14 6 3 12
0 0 4214.3 1266.8 0 0 973.4 0 0 0 520.5 0 508.6 0 602.4
0 9 11 13 5 4 7 8
0 0 0 0 477.9 1253.5 0 581.7 627.6 1489.8 0 1801.7 0 1853.8 0
**********2024-01-21 18:19:51**********
159867.088 159887.061 0.012 14.163 246.523 
0 1
0 8086.0 0 0 0 0 0 0 0 0 0 0 0 0 0
0 2 10 14 6 3 12
0 0 4214.3 1266.8 0 0 973.4 0 0 0 520.5 0 508.6 0 602.4
0 9 11 13 5 4 7 8
0 0 0 0 477.9 1253.5 0 581.7 627.6 1489.8 0 1801.7 0 1853.8 0
**********2024-01-21 18:19:56**********
159867.088 159887.061 0.012 14.163 251.316 
0 1
0 8086.0 0 0 0 0 0 0 0 0 0 0 0 0 0
0 2 10 14 6 3 12
0 0 4214.3 1266.8 0 0 973.4 0 0 0 520.5 0 508.6 0 602.4
0 9 11 13 5 4 7 8
0 0 0 0 477.9 1253.5 0 581.7 627.6 1489.8 0 1801.7 0 1853.8 0
**********2024-01-21 18:20:00**********
159867.088 159887.061 0.012 14.163 255.817 
0 1
0 8086.0 0 0 0 0 0 0 0 0 0 0 0 0 0
0 2 10 14 6 3 12
0 0 4214.3 1266.8 0 0 973.4 0 0 0 520.5 0 508.6 0 602.4
0 9 11 13 5 4 7 8
0 0 0 0 477.9 1253.5 0 581.7 627.6 1489.8 0 1801.7 0 1853.8 0
**********2024-01-21 18:20:05**********
159867.088 159887.061 0.012 14.163 260.899 
0 1
0 8086.0 0 0 0 0 0 0 0 0 0 0 0 0 0
0 2 10 14 6 3 12
0 0 4214.3 1266.8 0 0 973.4 0 0 0 520.5 0 508.6 0 602.4
0 9 11 13 5 4 7 8
0 0 0 0 477.9 1253.5 0 581.7 627.6 1489.8 0 1801.7 0 1853.8 0
**********2024-01-21 18:20:10**********
159867.088 159887.061 0.012 14.163 265.378 
0 1
0 8086.0 0 0 0 0 0 0 0 0 0 0 0 0 0
0 2 10 14 6 3 12
0 0 4214.3 1266.8 0 0 973.4 0 0 0 520.5 0 508.6 0 602.4
0 9 11 13 5 4 7 8
0 0 0 0 477.9 1253.5 0 581.7 627.6 1489.8 0 1801.7 0 1853.8 0
**********2024-01-21 18:20:14**********
159867.088 159887.061 0.012 14.163 270.024 
0 1
0 8086.0 0 0 0 0 0 0 0 0 0 0 0 0 0
0 2 10 14 6 3 12
0 0 4214.3 1266.8 0 0 973.4 0 0 0 520.5 0 508.6 0 602.4
0 9 11 13 5 4 7 8
0 0 0 0 477.9 1253.5 0 581.7 627.6 1489.8 0 1801.7 0 1853.8 0
**********2024-01-21 18:20:20**********
159867.088 159887.061 0.012 14.163 275.475 
0 1
0 8086.0 0 0 0 0 0 0 0 0 0 0 0 0 0
0 2 10 14 6 3 12
0 0 4214.3 1266.8 0 0 973.4 0 0 0 520.5 0 508.6 0 602.4
0 9 11 13 5 4 7 8
0 0 0 0 477.9 1253.5 0 581.7 627.6 1489.8 0 1801.7 0 1853.8 0
**********2024-01-21 18:20:24**********
159867.088 159887.061 0.012 14.163 279.867 
0 1
0 8086.0 0 0 0 0 0 0 0 0 0 0 0 0 0
0 2 10 14 6 3 12
0 0 4214.3 1266.8 0 0 973.4 0 0 0 520.5 0 508.6 0 602.4
0 9 11 13 5 4 7 8
0 0 0 0 477.9 1253.5 0 581.7 627.6 1489.8 0 1801.7 0 1853.8 0
