166703.033 166727.036 0.014 1756.468 1756.469 
0 1
0 4968.0 0 0 0 0 0 0 0 0 0 0 0 0 0 0 0 0 0 0 0 0 0 0 0 0 0 0 0 0
0 17 5 23 27 21 15 14 16
0 0 0 0 0 603.2644485053 0 0 0 0 0 0 0 0 223.020572139 675.7507749488 1081.3066131983 619.8139006393 0 0 0 897.6022526422 0 460.3997960284 0 0 0 406.8416418987 0 0
0 9 18 28 24 25 13 8 11 29 20 12
0 0 0 0 0 0 0 0 401.0246286303 307.3481218814 0 730.0521951324 786.069772538 558.4073140898 0 0 0 0 218.3330063982 0 414.0473005331 0 0 0 188.1143747296 518.560009743 0 0 625.9643476167 220.0789287076
0 22 7 19 3 6 10
0 0 0 1314.0559360011 0 0 229.2260533098 1085.5575501561 0 0 665.023975894 0 0 0 0 0 0 0 0 582.0743777316 0 0 1092.0621069073 0 0 0 0 0 0 0
0 4 26 2
0 0 3977.7771761937 0 223.7047065175 0 0 0 0 0 0 0 0 0 0 0 0 0 0 0 0 0 0 0 0 0 766.5181172888 0 0 0
166702.95 166727.036 0.014 1756.468 3365.533 
0 1
0 4968.0 0 0 0 0 0 0 0 0 0 0 0 0 0 0 0 0 0 0 0 0 0 0 0 0 0 0 0 0
0 17 5 23 27 21 15 14 16
0 0 0 0 0 603.2644485053 0 0 0 0 0 0 0 0 223.020572139 675.7507749488 1081.3066131983 619.8139006393 0 0 0 897.6022526422 0 460.3997960284 0 0 0 406.8416418987 0 0
0 9 18 28 24 25 13 8 11 29 20 12
0 0 0 0 0 0 0 0 401.0246286303 307.3481218814 0 730.0521951324 786.069772538 558.4073140898 0 0 0 0 218.3330063982 0 414.0473005331 0 0 0 188.1143747296 518.560009743 0 0 625.9643476167 220.0789287076
0 22 7 19 3 6 10
0 0 0 1314.0559360011 0 0 229.2260533098 1085.5575501561 0 0 665.023975894 0 0 0 0 0 0 0 0 582.0743777316 0 0 1092.0621069073 0 0 0 0 0 0 0
0 4 26 2
0 0 3977.7771761937 0 223.7047065175 0 0 0 0 0 0 0 0 0 0 0 0 0 0 0 0 0 0 0 0 0 766.5181172888 0 0 0
166702.949 166727.036 0.014 1756.468 4321.498 
0 1
0 4968.0 0 0 0 0 0 0 0 0 0 0 0 0 0 0 0 0 0 0 0 0 0 0 0 0 0 0 0 0
0 17 5 23 27 21 15 14 16
0 0 0 0 0 603.2644485053 0 0 0 0 0 0 0 0 223.020572139 675.7507749488 1081.3066131983 619.8139006393 0 0 0 897.6022526422 0 460.3997960284 0 0 0 406.8416418987 0 0
0 9 18 28 24 25 13 8 11 29 20 12
0 0 0 0 0 0 0 0 401.0246286303 307.3481218814 0 730.0521951324 786.069772538 558.4073140898 0 0 0 0 218.3330063982 0 414.0473005331 0 0 0 188.1143747296 518.560009743 0 0 625.9643476167 220.0789287076
0 22 7 19 3 6 10
0 0 0 1314.0559360011 0 0 229.2260533098 1085.5575501561 0 0 665.023975894 0 0 0 0 0 0 0 0 582.0743777316 0 0 1092.0621069073 0 0 0 0 0 0 0
0 4 26 2
0 0 3977.7771761937 0 223.7047065175 0 0 0 0 0 0 0 0 0 0 0 0 0 0 0 0 0 0 0 0 0 766.5181172888 0 0 0
