140194.761 140194.776 0.0 21.509 21.509 
0 1
0 20323.0 0 0 0 0 0 0 0 0 0 0 0 0 0
0 12 14 5 6 7 2
0 0.0 10648.00814000849 0.0 0.0 2992.9700125834283 2188.5231537232166 1382.7701047517753 0.0 0.0 0.0 0.0 1164.640079782648 0.0 1451.9153707184287
0 3 13 10 4 9 8 11
0 0.0 0.0 2796.5999960027784 1112.4644273032347 0.0 0.0 0.0 1602.5180118003225 3503.224622292225 1120.4280244189654 4933.845852869311 0.0 4818.025669054403 0.0
**********2022-05-23 09:55:40**********
140194.761 140194.765 0.0 13.473 13.474 
0 1
0 20323.0 0 0 0 0 0 0 0 0 0 0 0 0 0
0 3 5 10 13 6 7 11
0 0.0 0.0 2796.6 0.0 2993.0 2188.5 1382.8 0.0 0.0 1120.4 4933.8 0.0 4818.0 0.0
0 8 9 12 14 4 2
0 0.0 10648.0 0.0 1112.5 0.0 0.0 0.0 1602.5 3503.2 0.0 0.0 1164.6 0.0 1451.9
**********2023-11-13 10:19:39**********
140195.322 140208.482 0.009 14.776 14.776 
0 1
0 20323.0 0 0 0 0 0 0 0 0 0 0 0 0 0
0 2 8 7 10 13
0 0 10648.0 0 0 0 0 1382.8 1602.5 0 1120.4 0 0 4818.0 0
0 11 6 14 9 3 4 12 5
0 0 0 2796.6 1112.5 2993.0 2188.5 0 0 3503.2 0 4933.8 1164.6 0 1451.9
**********2023-11-13 10:27:45**********
140195.254 140195.254 0.0 11.956 11.958 
0 1
0 20323.0 0 0 0 0 0 0 0 0 0 0 0 0 0
0 4 9 3 12 14 13 11
0 0.0 0.0 2796.6 1112.5 0.0 0.0 0.0 0.0 3503.2 0.0 4933.8 1164.6 4818.0 1451.9
0 8 2 7 6 5 10
0 0.0 10648.0 0.0 0.0 2993.0 2188.5 1382.8 1602.5 0.0 1120.4 0.0 0.0 0.0 -0.0
**********2023-11-13 11:35:44**********
140203.213 140203.213 0.0 9.484 9.486 
0 1
0 20323.0 0 0 0 0 0 0 0 0 0 0 0 0 0
0 10 13 8 7 2
0 0 10648.0 0 0 0 0 1382.8 1602.5 0 1120.4 0 0 4818.0 0
0 9 3 5 11 6 4 12 14
0 0 0 2796.6 1112.5 2993.0 2188.5 0 0 3503.2 0 4933.8 1164.6 0 1451.9
**********2023-11-18 13:39:45**********
140197.216 140208.718 0.008 17.381 17.381 
0 1
0 20323.0 0 0 0 0 0 0 0 0 0 0 0 0 0
0 13 5 7 8 14 4 3 9
0 0 0 2796.6 1112.5 2993.0 0 1382.8 1602.5 3503.2 0 0 0 4818.0 1451.9
0 11 10 6 2 12
0 0 10648.0 0 0 0 2188.5 0 0 0 1120.4 4933.8 1164.6 0 0
**********2024-01-15 20:50:07**********
140194.761 140194.765 0.0 16.866 16.866 
0 1
0 20323.0 0 0 0 0 0 0 0 0 0 0 0 0 0
0 3 5 10 13 6 7 11
0 0.0 0.0 2796.6 0.0 2993.0 2188.5 1382.8 -0.0 0.0 1120.4 4933.8 0.0 4818.0 0.0
0 8 9 12 14 4 2
0 0.0 10648.0 0.0 1112.5 0.0 0.0 0.0 1602.5 3503.2 0.0 0.0 1164.6 0.0 1451.9
**********2024-01-15 21:06:13**********
140194.761 140194.765 0.0 19.9 19.9 
0 1
0 20323.0 0 0 0 0 0 0 0 0 0 0 0 0 0
0 3 5 10 13 6 7 11
0 0.0 0.0 2796.6 0.0 2993.0 2188.5 1382.8 0.0 0.0 1120.4 4933.8 0.0 4818.0 0.0
0 8 9 12 14 4 2
0 0.0 10648.0 0.0 1112.5 0.0 0.0 0.0 1602.5 3503.2 0.0 0.0 1164.6 0.0 1451.9
**********2024-01-15 21:09:28**********
140194.761 140205.366 0.008 19.747 19.747 
0 14 13 10 4 11 8 6 3
0 0 0 2796.6 1112.5 0 2188.5 0 1602.5 0 1120.4 4933.8 0 4818.0 1451.9
0 1
0 20323.0 0 0 0 0 0 0 0 0 0 0 0 0 0
0 7 9 2 12 5
0 0 10648.0 0 0 2993.0 0 1382.8 0 3503.2 0 0 1164.6 0 0
**********2024-01-15 21:44:35**********
140194.761 140195.234 0.0 14.916 14.917 
0 1
0 20323.0 0 0 0 0 0 0 0 0 0 0 0 0 0
0 3 13 14 7 9 4 11
0 0.0 0.0 2796.6 1112.5 0.0 0.0 1382.8 0.0 3503.2 0.0 4933.8 0.0 4818.0 1451.9
0 8 2 12 6 5 10
0 0.0 10648.0 0.0 0.0 2993.0 2188.5 0.0 1602.5 0.0 1120.4 0.0 1164.6 0.0 0.0
**********2024-01-15 21:48:13**********
140194.761 140195.48 0.001 16.19 16.191 
0 1
0 20323.0 0 0 0 0 0 0 0 0 0 0 0 0 0
0 8 9 11 13 14 12 3
0 0.0 0.0 2796.6 0.0 0.0 0.0 0.0 1602.5 3503.2 0.0 4933.8 1164.6 4818.0 1451.9
0 7 6 5 10 4 2
0 0.0 10648.0 0.0 1112.5 2993.0 2188.5 1382.8 0.0 0.0 1120.4 -0.0 0.0 0.0 0.0
**********2024-01-15 21:49:18**********
140194.761 140194.765 0.0 18.414 18.414 
0 1
0 20323.0 0 0 0 0 0 0 0 0 0 0 0 0 0
0 3 5 10 13 6 7 11
0 0.0 0.0 2796.6 0.0 2993.0 2188.5 1382.8 0.0 0.0 1120.4 4933.8 0.0 4818.0 0.0
0 8 9 12 14 4 2
0 0.0 10648.0 0.0 1112.5 0.0 0.0 0.0 1602.5 3503.2 0.0 0.0 1164.6 0.0 1451.9
**********2024-01-15 22:01:50**********
140194.761 140195.187 0.0 11.619 11.619 
0 1
0 20323.0 0.0 -0.0 0.0 0.0 0.0 0.0 0.0 0.0 0.0 0.0 0.0 0.0 0.0
0 8 2 7 6 12 3
0 0.0 10648.0 2796.6 0.0 0.0 2188.5 1382.8 1602.5 0.0 0.0 0.0 1164.6 0.0 0.0
0 4 9 10 5 14 13 11
0 0.0 0.0 0.0 1112.5 2993.0 0.0 0.0 0.0 3503.2 1120.4 4933.8 0.0 4818.0 1451.9
**********2024-01-15 22:04:57**********
140194.761 140194.765 0.0 12.453 12.453 
0 1
0 20323.0 0 0 0 0 0 0 0 0 0 0 0 0 0
0 3 5 10 13 6 7 11
0 0.0 0.0 2796.6 0.0 2993.0 2188.5 1382.8 0.0 0.0 1120.4 4933.8 0.0 4818.0 0.0
0 8 9 12 14 4 2
0 0.0 10648.0 0.0 1112.5 0.0 0.0 0.0 1602.5 3503.2 0.0 0.0 1164.6 0.0 1451.9
**********2024-01-15 22:06:09**********
140194.761 140194.765 0.0 10.934 10.934 
0 1
0 20323.0 0 0 0 0 0 0 0 0 0 0 0 0 0
0 3 5 10 13 6 7 11
0 0.0 0.0 2796.6 0.0 2993.0 2188.5 1382.8 0.0 0.0 1120.4 4933.8 0.0 4818.0 0.0
0 8 9 12 14 4 2
0 0.0 10648.0 0.0 1112.5 0.0 0.0 0.0 1602.5 3503.2 0.0 0.0 1164.6 0.0 1451.9
**********2024-01-15 22:06:31**********
140194.761 140196.426 0.001 11.533 11.533 
0 1
0 20323.0 0 0 0 0 0 0 0 0 0 0 0 0 0
0 5 14 13 6 9 11
0 0.0 0.0 0.0 0.0 2993.0 2188.5 0.0 0.0 3503.2 0.0 4933.8 0.0 4818.0 1451.9
0 8 2 4 10 7 3 12
0 0.0 10648.0 2796.6 1112.5 0.0 0.0 1382.8 1602.5 0.0 1120.4 0.0 1164.6 0.0 0.0
**********2024-01-15 22:07:11**********
140194.761 140195.48 0.001 12.778 12.778 
0 1
0 20323.0 0 0 0 0 0 0 0 0 0 0 0 0 0
0 7 6 5 10 4 2
0 0.0 10648.0 0.0 1112.5 2993.0 2188.5 1382.8 0.0 0.0 1120.4 0.0 0.0 0.0 0.0
0 8 9 11 13 14 12 3
0 0.0 0.0 2796.6 0.0 0.0 0.0 0.0 1602.5 3503.2 0.0 4933.8 1164.6 4818.0 1451.9
**********2024-01-15 22:08:47**********
140194.761 140196.008 0.001 14.137 14.137 
0 1
0 20323.0 0 0 0 0 0 0 0 0 0 0 0 0 0
0 8 2 7 14 13
0 0.0 10648.0 0.0 0.0 0.0 0.0 1382.8 1602.5 0.0 0.0 0.0 0.0 4818.0 1451.9
0 11 4 9 6 5 10 12 3
0 0.0 0.0 2796.6 1112.5 2993.0 2188.5 0.0 0.0 3503.2 1120.4 4933.8 1164.6 0.0 0.0
**********2024-01-27 23:13:36**********
140194.761 140198.528 0.003 19.744 19.744 
0 1
0 20323.0 0 0 0 0 0 0 0 0 0 0 0 0 0
0 4 6 12 7 9 5 3 11
0 0.0 0.0 2796.6 1112.5 2993.0 2188.5 1382.8 0.0 3503.2 0.0 4933.8 1164.6 0.0 0.0
0 8 2 14 13 10
0 0.0 10648.0 0.0 0.0 0.0 0.0 0.0 1602.5 0.0 1120.4 0.0 0.0 4818.0 1451.9
**********2024-01-27 23:14:43**********
140194.761 140194.765 0.0 14.443 14.443 
0 1
0 20323.0 0.0 -0.0 0.0 0.0 0.0 0.0 0.0 0.0 0.0 0.0 0.0 0.0 0.0
0 3 5 10 13 6 7 11
0 0.0 0.0 2796.6 0.0 2993.0 2188.5 1382.8 0.0 0.0 1120.4 4933.8 0.0 4818.0 -0.0
0 8 9 12 14 4 2
0 0.0 10648.0 0.0 1112.5 0.0 0.0 0.0 1602.5 3503.2 0.0 0.0 1164.6 0.0 1451.9
**********2024-01-27 23:15:11**********
140194.761 140196.008 0.001 15.07 15.07 
0 1
0 20323.0 0 0 0 0 0 0 0 0 0 0 0 0 0
0 8 2 7 14 13
0 0.0 10648.0 0.0 0.0 0.0 0.0 1382.8 1602.5 0.0 0.0 0.0 0.0 4818.0 1451.9
0 11 4 9 6 12 10 5 3
0 0.0 0.0 2796.6 1112.5 2993.0 2188.5 0.0 0.0 3503.2 1120.4 4933.8 1164.6 0.0 0.0
**********2024-01-27 23:16:02**********
140194.761 140194.767 0.0 17.643 17.659 
0 1
0 20323.0 0 0 0 0 0 0 0 0 0 0 0 0 0
0 8 9 3 12 10 13 11
0 0.0 0.0 2796.6 0.0 0.0 0.0 0.0 1602.5 3503.2 1120.4 4933.8 1164.6 4818.0 0.0
0 7 6 5 14 4 2
0 0.0 10648.0 0.0 1112.5 2993.0 2188.5 1382.8 0.0 0.0 0.0 0.0 0.0 0.0 1451.9
**********2024-01-27 23:18:33**********
140194.761 140194.765 0.0 20.886 20.887 
0 1
0 20323.0 0 0 0 0 0 0 0 0 0 0 0 0 0
0 3 5 10 13 6 7 11
0 0.0 0.0 2796.6 0.0 2993.0 2188.5 1382.8 0.0 0.0 1120.4 4933.8 0.0 4818.0 0.0
0 8 9 12 14 4 2
0 0.0 10648.0 0.0 1112.5 0.0 0.0 0.0 1602.5 3503.2 0.0 0.0 1164.6 0.0 1451.9
