**********2022-06-01 16:50:09**********
132003.361 132010.004 0.005 406.281 406.281 
0 1
0 29983.0 0 0 0 0 0 0 0 0 0 0 0 0 0 0 0 0 0 0 0 0 0 0 0 0 0 0 0 0
0 8 29 11 4 14 2 13 28
0 0 7979.9 0 479.0 0 0 0 845.6 0 0 1467.8 0 1153.0 433.1 0 0 0 0 0 0 0 0 0 0 0 0 0 1186.4 462.7
0 24 23 27 10 20 16 12 22
0 0.0 0.0 0.0 0.0 0.0 0.0 0.0 0.0 0.0 1282.7 0.0 1729.5 0.0 0.0 0.0 2030.9 0.0 0.0 0.0 850.1 0.0 2440.2 940.7 378.6 0.0 0.0 854.8 0.0 0.0
0 9 15 5 17 6 18 3
0 0.0 0.0 2997.3 0.0 1225.7 468.8 0.0 0.0 675.9 0.0 0.0 0.0 0.0 0.0 1528.8 0.0 1187.6 454.0 0.0 0.0 0.0 0.0 0.0 0.0 0.0 0.0 0.0 0.0 0.0
0 21 25 26 7 19
0 0 0 0 0 0 0 2184.2 0 0 0 0 0 0 0 0 0 0 0 1150.0 0 1847.0 0 0 0 1042.2 1982.6 0 0 0
