165704.16 165673.768 0.018 1224.862 1224.864 
165718.463 165673.99 0.027 534.915 534.916 
165673.658 165695.919 0.013 1693.886 1693.887 
0 18 23 10 4 7 8 5 6 15 20
0 0 0 0 233.1661885532 567.8858226755 226.0992782022 1040.2053681585 381.8433592227 0 656.2911514765 0 0 0 0 718.8496815359 0 0 229.642866163 0 425.3320046244 0 0 459.684279388 0 0 0 0 0 0
0 1
0 4939.0 0 0 0 0 0 0 0 0 0 0 0 0 0 0 0 0 0 0 0 0 0 0 0 0 0 0 0 0
0 12 26 19 9 21 27 16
0 0 0 0 0 0 0 0 0 327.8127301234 0 0 920.9480239189 0 0 0 1157.9043346547 0 0 578.9737341443 0 838.6754226848 0 0 0 0 726.4496551644 388.2360993094 0 0
0 13 25 22 28 29 3 17
0 0 0 1299.1328006515 0 0 0 0 0 0 0 0 0 563.8055961745 0 0 0 695.847498361 0 0 0 0 1040.8138158024 0 0 527.530616173 0 0 581.0509010933 230.8187717443
0 11 2 14 24
0 0 3835.0970390781 0 0 0 0 0 0 0 0 730.1322844173 0 0 203.1578774181 0 0 0 0 0 0 0 0 0 170.6127990865 0 0 0 0 0
165673.647 165695.919 0.013 1693.886 2728.284 
0 18 23 10 4 7 8 5 6 15 20
0 0 0 0 233.1661885532 567.8858226755 226.0992782022 1040.2053681585 381.8433592227 0 656.2911514765 0 0 0 0 718.8496815359 0 0 229.642866163 0 425.3320046244 0 0 459.684279388 0 0 0 0 0 0
0 1
0 4939.0 0 0 0 0 0 0 0 0 0 0 0 0 0 0 0 0 0 0 0 0 0 0 0 0 0 0 0 0
0 12 26 19 9 21 27 16
0 0 0 0 0 0 0 0 0 327.8127301234 0 0 920.9480239189 0 0 0 1157.9043346547 0 0 578.9737341443 0 838.6754226848 0 0 0 0 726.4496551644 388.2360993094 0 0
0 13 25 22 28 29 3 17
0 0 0 1299.1328006515 0 0 0 0 0 0 0 0 0 563.8055961745 0 0 0 695.847498361 0 0 0 0 1040.8138158024 0 0 527.530616173 0 0 581.0509010933 230.8187717443
0 11 2 14 24
0 0 3835.0970390781 0 0 0 0 0 0 0 0 730.1322844173 0 0 203.1578774181 0 0 0 0 0 0 0 0 0 170.6127990865 0 0 0 0 0
165673.624 165695.919 0.013 1693.886 3687.274 
0 18 23 10 4 7 8 5 6 15 20
0 0 0 0 233.1661885532 567.8858226755 226.0992782022 1040.2053681585 381.8433592227 0 656.2911514765 0 0 0 0 718.8496815359 0 0 229.642866163 0 425.3320046244 0 0 459.684279388 0 0 0 0 0 0
0 1
0 4939.0 0 0 0 0 0 0 0 0 0 0 0 0 0 0 0 0 0 0 0 0 0 0 0 0 0 0 0 0
0 12 26 19 9 21 27 16
0 0 0 0 0 0 0 0 0 327.8127301234 0 0 920.9480239189 0 0 0 1157.9043346547 0 0 578.9737341443 0 838.6754226848 0 0 0 0 726.4496551644 388.2360993094 0 0
0 13 25 22 28 29 3 17
0 0 0 1299.1328006515 0 0 0 0 0 0 0 0 0 563.8055961745 0 0 0 695.847498361 0 0 0 0 1040.8138158024 0 0 527.530616173 0 0 581.0509010933 230.8187717443
0 11 2 14 24
0 0 3835.0970390781 0 0 0 0 0 0 0 0 730.1322844173 0 0 203.1578774181 0 0 0 0 0 0 0 0 0 170.6127990865 0 0 0 0 0
**********2022-05-21 17:24:27**********
165673.62 165704.199 0.018 984.406 984.407 
0 11 12 8 3 25 22
0 0 0 1310.0 0 0 0 0 380.2 0 0 739.8 927.6 0 0 0 0 0 0 0 0 0 1049.5 0 0 532.0 0 0 0 0
0 28 4 23 27 10 16 17 21
0 0 0 0 227.8 0 0 0 0 0 641.2 0 0 0 0 0 1144.5 688.6 0 0 0 829.0 0 449.1 0 0 0 383.7 575.0 0
0 29 2 20 14 24
0 0 3900.2 0 0 0 0 0 0 0 0 0 0 0 206.6 0 0 0 0 0 425.0 0 0 0 173.5 0 0 0 0 233.6
0 1
0 4939.0 0 0 0 0 0 0 0 0 0 0 0 0 0 0 0 0 0 0 0 0 0 0 0 0 0 0 0 0
0 19 18 15 6 7 5 13 26 9
0 0 0 0 0 560.3 223.1 1026.3 0 327.2 0 0 0 563.4 0 709.2 0 0 226.6 577.9 0 0 0 0 0 0 725.1 0 0 0
**********2022-05-21 17:40:23**********
165673.62 165693.967 0.012 1940.039 1940.039 
0 1
0 4939.0 0 0 0 0 0 0 0 0 0 0 0 0 0 0 0 0 0 0 0 0 0 0 0 0 0 0 0 0
0 21 13 22 23 26 19 11
0 0 0 0 0 0 0 0 0 0 0 734.4 0 564.4 0 0 0 0 0 578.9 0 838.6 1041.9 454.3 0 0 726.4 0 0 0
0 10 24 18 2
0 0 3884.5 0 0 0 0 0 0 0 653.2 0 0 0 0 0 0 0 228.6 0 0 0 0 0 172.8 0 0 0 0 0
0 8 28 17 4 29 6 5 3 27 9
0 0 0 1306.0 231.4 563.6 224.4 0 379.0 329.1 0 0 0 0 0 0 0 699.5 0 0 0 0 0 0 0 0 0 389.8 584.1 232.0
0 20 14 25 16 7 15 12
0 0 0 0 0 0 0 1021.7 0 0 0 0 915.1 0 203.1 706.0 1150.5 0 0 0 417.8 0 0 0 0 524.8 0 0 0 0
**********2022-05-21 18:01:00**********
165673.59 165693.967 0.012 1940.039 3177.187 
0 1
0 4939.0 0 0 0 0 0 0 0 0 0 0 0 0 0 0 0 0 0 0 0 0 0 0 0 0 0 0 0 0
0 21 13 22 23 26 19 11
0 0 0 0 0 0 0 0 0 0 0 734.4 0 564.4 0 0 0 0 0 578.9 0 838.6 1041.9 454.3 0 0 726.4 0 0 0
0 10 24 18 2
0 0 3884.5 0 0 0 0 0 0 0 653.2 0 0 0 0 0 0 0 228.6 0 0 0 0 0 172.8 0 0 0 0 0
0 8 28 17 4 29 6 5 3 27 9
0 0 0 1306.0 231.4 563.6 224.4 0 379.0 329.1 0 0 0 0 0 0 0 699.5 0 0 0 0 0 0 0 0 0 389.8 584.1 232.0
0 20 14 25 16 7 15 12
0 0 0 0 0 0 0 1021.7 0 0 0 0 915.1 0 203.1 706.0 1150.5 0 0 0 417.8 0 0 0 0 524.8 0 0 0 0
