**********2022-05-21 08:05:58**********
175748.506 175764.832 0.009 410.05 410.051 
0 2
0 0 2864.0 0 0 0 0 0 0 0 0 0 0 0 0 0 0 0 0 0 0 0 0 0 0 0 0 0 0 0 0 0 0 0 0 0 0 0 0 0 0 0 0 0 0 0 0 0 0 0 0 0 0 0 0 0 0 0 0 0
0 7 4 43 38 33 10 29
0 0 0 0 647.0 0 0 166.1 0 0 262.8 0 0 0 0 0 0 0 0 0 0 0 0 0 0 0 0 0 0 180.1 0 0 0 734.5 0 0 0 0 711.6 0 0 0 0 161.8 0 0 0 0 0 0 0 0 0 0 0 0 0 0 0 0
0 1
0 2864.0 0 0 0 0 0 0 0 0 0 0 0 0 0 0 0 0 0 0 0 0 0 0 0 0 0 0 0 0 0 0 0 0 0 0 0 0 0 0 0 0 0 0 0 0 0 0 0 0 0 0 0 0 0 0 0 0 0 0
0 35 58 45 13 17 39 53 16 25 55 14
0 0 0 0 0 0 0 0 0 0 0 0 0 194.9 292.9 0 116.2 255.5 0 0 0 0 0 0 0 120.2 0 0 0 0 0 0 0 0 0 680.4 0 0 0 289.2 0 0 0 0 0 236.3 0 0 0 0 0 0 0 88.1 0 269.0 0 0 321.3 0
0 27 23 31 34 40 47 18 12 57
0 0 0 0 0 0 0 0 0 0 0 0 226.0 0 0 0 0 0 293.5 0 0 0 0 161.6 0 0 0 626.8 0 0 0 244.5 0 0 537.8 0 0 0 0 0 276.8 0 0 0 0 0 0 266.3 0 0 0 0 0 0 0 0 0 230.7 0 0
0 9 41 37 24 8 44 22
0 0 0 0 0 0 0 0 214.0 539.6 0 0 0 0 0 0 0 0 0 0 0 0 345.8 0 284.0 0 0 0 0 0 0 0 0 0 0 0 0 119.5 0 0 0 734.9 0 0 626.2 0 0 0 0 0 0 0 0 0 0 0 0 0 0 0
0 32 21 19 28 42 26 52 3
0 0 0 849.1 0 0 0 0 0 0 0 0 0 0 0 0 0 0 0 170.6 0 94.8 0 0 0 0 111.6 0 635.7 0 0 0 259.7 0 0 0 0 0 0 0 0 0 420.3 0 0 0 0 0 0 0 0 0 322.2 0 0 0 0 0 0 0
0 59 5 50 30 15
0 0 0 0 0 266.1 0 0 0 0 0 0 0 0 0 1133.5 0 0 0 0 0 0 0 0 0 0 0 0 0 0 505.5 0 0 0 0 0 0 0 0 0 0 0 0 0 0 0 0 0 0 0 652.2 0 0 0 0 0 0 0 0 306.7
0 56 46 49 36 20 51 11 48 54 6
0 0 0 0 0 0 225.5 0 0 0 0 73.3 0 0 0 0 0 0 0 0 224.4 0 0 0 0 0 0 0 0 0 0 0 0 0 0 0 274.0 0 0 0 0 0 0 0 0 0 167.9 0 516.3 493.4 0 382.8 0 0 219.3 0 287.0 0 0 0
**********2022-05-21 08:17:18**********
175747.39 175764.832 0.01 410.05 1089.576 
0 2
0 0 2864.0 0 0 0 0 0 0 0 0 0 0 0 0 0 0 0 0 0 0 0 0 0 0 0 0 0 0 0 0 0 0 0 0 0 0 0 0 0 0 0 0 0 0 0 0 0 0 0 0 0 0 0 0 0 0 0 0 0
0 7 4 43 38 33 10 29
0 0 0 0 647.0 0 0 166.1 0 0 262.8 0 0 0 0 0 0 0 0 0 0 0 0 0 0 0 0 0 0 180.1 0 0 0 734.5 0 0 0 0 711.6 0 0 0 0 161.8 0 0 0 0 0 0 0 0 0 0 0 0 0 0 0 0
0 1
0 2864.0 0 0 0 0 0 0 0 0 0 0 0 0 0 0 0 0 0 0 0 0 0 0 0 0 0 0 0 0 0 0 0 0 0 0 0 0 0 0 0 0 0 0 0 0 0 0 0 0 0 0 0 0 0 0 0 0 0 0
0 35 58 45 13 17 39 53 16 25 55 14
0 0 0 0 0 0 0 0 0 0 0 0 0 194.9 292.9 0 116.2 255.5 0 0 0 0 0 0 0 120.2 0 0 0 0 0 0 0 0 0 680.4 0 0 0 289.2 0 0 0 0 0 236.3 0 0 0 0 0 0 0 88.1 0 269.0 0 0 321.3 0
0 27 23 31 34 40 47 18 12 57
0 0 0 0 0 0 0 0 0 0 0 0 226.0 0 0 0 0 0 293.5 0 0 0 0 161.6 0 0 0 626.8 0 0 0 244.5 0 0 537.8 0 0 0 0 0 276.8 0 0 0 0 0 0 266.3 0 0 0 0 0 0 0 0 0 230.7 0 0
0 9 41 37 24 8 44 22
0 0 0 0 0 0 0 0 214.0 539.6 0 0 0 0 0 0 0 0 0 0 0 0 345.8 0 284.0 0 0 0 0 0 0 0 0 0 0 0 0 119.5 0 0 0 734.9 0 0 626.2 0 0 0 0 0 0 0 0 0 0 0 0 0 0 0
0 32 21 19 28 42 26 52 3
0 0 0 849.1 0 0 0 0 0 0 0 0 0 0 0 0 0 0 0 170.6 0 94.8 0 0 0 0 111.6 0 635.7 0 0 0 259.7 0 0 0 0 0 0 0 0 0 420.3 0 0 0 0 0 0 0 0 0 322.2 0 0 0 0 0 0 0
0 59 5 50 30 15
0 0 0 0 0 266.1 0 0 0 0 0 0 0 0 0 1133.5 0 0 0 0 0 0 0 0 0 0 0 0 0 0 505.5 0 0 0 0 0 0 0 0 0 0 0 0 0 0 0 0 0 0 0 652.2 0 0 0 0 0 0 0 0 306.7
0 56 46 49 36 20 51 11 48 54 6
0 0 0 0 0 0 225.5 0 0 0 0 73.3 0 0 0 0 0 0 0 0 224.4 0 0 0 0 0 0 0 0 0 0 0 0 0 0 0 274.0 0 0 0 0 0 0 0 0 0 167.9 0 516.3 493.4 0 382.8 0 0 219.3 0 287.0 0 0 0
**********2022-05-21 08:33:48**********
175745.911 175764.832 0.011 410.05 2079.34 
0 2
0 0 2864.0 0 0 0 0 0 0 0 0 0 0 0 0 0 0 0 0 0 0 0 0 0 0 0 0 0 0 0 0 0 0 0 0 0 0 0 0 0 0 0 0 0 0 0 0 0 0 0 0 0 0 0 0 0 0 0 0 0
0 7 4 43 38 33 10 29
0 0 0 0 647.0 0 0 166.1 0 0 262.8 0 0 0 0 0 0 0 0 0 0 0 0 0 0 0 0 0 0 180.1 0 0 0 734.5 0 0 0 0 711.6 0 0 0 0 161.8 0 0 0 0 0 0 0 0 0 0 0 0 0 0 0 0
0 1
0 2864.0 0 0 0 0 0 0 0 0 0 0 0 0 0 0 0 0 0 0 0 0 0 0 0 0 0 0 0 0 0 0 0 0 0 0 0 0 0 0 0 0 0 0 0 0 0 0 0 0 0 0 0 0 0 0 0 0 0 0
0 35 58 45 13 17 39 53 16 25 55 14
0 0 0 0 0 0 0 0 0 0 0 0 0 194.9 292.9 0 116.2 255.5 0 0 0 0 0 0 0 120.2 0 0 0 0 0 0 0 0 0 680.4 0 0 0 289.2 0 0 0 0 0 236.3 0 0 0 0 0 0 0 88.1 0 269.0 0 0 321.3 0
0 27 23 31 34 40 47 18 12 57
0 0 0 0 0 0 0 0 0 0 0 0 226.0 0 0 0 0 0 293.5 0 0 0 0 161.6 0 0 0 626.8 0 0 0 244.5 0 0 537.8 0 0 0 0 0 276.8 0 0 0 0 0 0 266.3 0 0 0 0 0 0 0 0 0 230.7 0 0
0 9 41 37 24 8 44 22
0 0 0 0 0 0 0 0 214.0 539.6 0 0 0 0 0 0 0 0 0 0 0 0 345.8 0 284.0 0 0 0 0 0 0 0 0 0 0 0 0 119.5 0 0 0 734.9 0 0 626.2 0 0 0 0 0 0 0 0 0 0 0 0 0 0 0
0 32 21 19 28 42 26 52 3
0 0 0 849.1 0 0 0 0 0 0 0 0 0 0 0 0 0 0 0 170.6 0 94.8 0 0 0 0 111.6 0 635.7 0 0 0 259.7 0 0 0 0 0 0 0 0 0 420.3 0 0 0 0 0 0 0 0 0 322.2 0 0 0 0 0 0 0
0 59 5 50 30 15
0 0 0 0 0 266.1 0 0 0 0 0 0 0 0 0 1133.5 0 0 0 0 0 0 0 0 0 0 0 0 0 0 505.5 0 0 0 0 0 0 0 0 0 0 0 0 0 0 0 0 0 0 0 652.2 0 0 0 0 0 0 0 0 306.7
0 56 46 49 36 20 51 11 48 54 6
0 0 0 0 0 0 225.5 0 0 0 0 73.3 0 0 0 0 0 0 0 0 224.4 0 0 0 0 0 0 0 0 0 0 0 0 0 0 0 274.0 0 0 0 0 0 0 0 0 0 167.9 0 516.3 493.4 0 382.8 0 0 219.3 0 287.0 0 0 0
**********2022-05-21 08:47:20**********
175745.913 175764.71 0.011 2891.63 2891.63 
0 1
0 2864.0 0 0 0 0 0 0 0 0 0 0 0 0 0 0 0 0 0 0 0 0 0 0 0 0 0 0 0 0 0 0 0 0 0 0 0 0 0 0 0 0 0 0 0 0 0 0 0 0 0 0 0 0 0 0 0 0 0 0
0 6 8 19 43 22 10 52 15
0 0 0 0 0 0 229.0 0 213.8 0 269.1 0 0 0 0 1138.7 0 0 0 173.9 0 0 345.6 0 0 0 0 0 0 0 0 0 0 0 0 0 0 0 0 0 0 0 0 165.7 0 0 0 0 0 0 0 0 328.3 0 0 0 0 0 0 0
0 36 29 20 50 55 14 23 18 48
0 0 0 0 0 0 0 0 0 0 0 0 0 0 293.3 0 0 0 295.8 0 224.6 0 0 162.9 0 0 0 0 0 181.7 0 0 0 0 0 0 274.2 0 0 0 0 0 0 0 0 0 0 0 516.7 0 645.6 0 0 0 0 269.4 0 0 0 0
0 54 44 40 30 26 12 4 5
0 0 0 0 651.1 262.7 0 0 0 0 0 0 227.1 0 0 0 0 0 0 0 0 0 0 0 0 0 111.8 0 0 0 499.1 0 0 0 0 0 0 0 0 0 278.2 0 0 0 615.0 0 0 0 0 0 0 0 0 0 218.9 0 0 0 0 0
0 2
0 0 2864.0 0 0 0 0 0 0 0 0 0 0 0 0 0 0 0 0 0 0 0 0 0 0 0 0 0 0 0 0 0 0 0 0 0 0 0 0 0 0 0 0 0 0 0 0 0 0 0 0 0 0 0 0 0 0 0 0 0
0 56 45 38 7 47 17 46 16 27
0 0 0 0 0 0 0 168.5 0 0 0 0 0 0 0 0 117.0 257.2 0 0 0 0 0 0 0 0 0 634.8 0 0 0 0 0 0 0 0 0 0 721.6 0 0 0 0 0 0 237.8 168.9 269.7 0 0 0 0 0 0 0 0 288.7 0 0 0
0 59 49 24 28 53 39 31 9
0 0 0 0 0 0 0 0 0 530.1 0 0 0 0 0 0 0 0 0 0 0 0 0 0 279.0 0 0 0 636.8 0 0 245.7 0 0 0 0 0 0 0 288.9 0 0 0 0 0 0 0 0 0 492.6 0 0 0 88.0 0 0 0 0 0 302.9
0 41 11 13 33 37 35 58
0 0 0 0 0 0 0 0 0 0 0 73.6 0 195.8 0 0 0 0 0 0 0 0 0 0 0 0 0 0 0 0 0 0 0 743.7 0 683.7 0 118.1 0 0 0 726.2 0 0 0 0 0 0 0 0 0 0 0 0 0 0 0 0 322.9 0
0 32 51 25 3 34 57 21 42
0 0 0 839.5 0 0 0 0 0 0 0 0 0 0 0 0 0 0 0 0 0 93.8 0 0 0 118.5 0 0 0 0 0 0 256.8 0 533.6 0 0 0 0 0 0 0 415.6 0 0 0 0 0 0 0 0 377.2 0 0 0 0 0 228.9 0 0
**********2022-05-21 09:01:48**********
175745.91 175764.142 0.01 3760.173 3760.174 
0 1
0 2864.0 0 0 0 0 0 0 0 0 0 0 0 0 0 0 0 0 0 0 0 0 0 0 0 0 0 0 0 0 0 0 0 0 0 0 0 0 0 0 0 0 0 0 0 0 0 0 0 0 0 0 0 0 0 0 0 0 0 0
0 23 33 46 22 21 10 15
0 0 0 0 0 0 0 0 0 0 262.3 0 0 0 0 1110.1 0 0 0 0 0 94.2 336.9 161.1 0 0 0 0 0 0 0 0 0 733.2 0 0 0 0 0 0 0 0 0 0 0 0 166.2 0 0 0 0 0 0 0 0 0 0 0 0 0
0 36 18 50 45 58 41 25 55
0 0 0 0 0 0 0 0 0 0 0 0 0 0 0 0 0 0 293.4 0 0 0 0 0 0 119.4 0 0 0 0 0 0 0 0 0 0 272.0 0 0 0 0 717.8 0 0 0 234.7 0 0 0 0 640.4 0 0 0 0 267.2 0 0 319.1 0
0 44 29 6 48 32 26 13 12 30
0 0 0 0 0 0 227.9 0 0 0 0 0 229.9 197.0 0 0 0 0 0 0 0 0 0 0 0 0 113.1 0 0 183.4 505.2 0 263.3 0 0 0 0 0 0 0 0 0 0 0 622.5 0 0 0 521.7 0 0 0 0 0 0 0 0 0 0 0
0 9 56 43 4 5 34 52 37
0 0 0 0 648.9 261.8 0 0 0 528.2 0 0 0 0 0 0 0 0 0 0 0 0 0 0 0 0 0 0 0 0 0 0 0 0 538.7 0 0 117.0 0 0 0 0 0 162.3 0 0 0 0 0 0 0 0 321.6 0 0 0 285.5 0 0 0
0 2
0 0 2864.0 0 0 0 0 0 0 0 0 0 0 0 0 0 0 0 0 0 0 0 0 0 0 0 0 0 0 0 0 0 0 0 0 0 0 0 0 0 0 0 0 0 0 0 0 0 0 0 0 0 0 0 0 0 0 0 0 0
0 47 28 49 57 38 20 24
0 0 0 0 0 0 0 0 0 0 0 0 0 0 0 0 0 0 0 0 225.3 0 0 0 280.6 0 0 0 640.3 0 0 0 0 0 0 0 0 0 720.2 0 0 0 0 0 0 0 0 269.1 0 495.4 0 0 0 0 0 0 0 233.2 0 0
0 51 40 42 53 19 54 31 14 27 16
0 0 0 0 0 0 0 0 0 0 0 0 0 0 294.7 0 116.9 0 0 172.1 0 0 0 0 0 0 0 634.6 0 0 0 247.5 0 0 0 0 0 0 0 0 280.2 0 424.1 0 0 0 0 0 0 0 0 384.9 0 88.6 220.5 0 0 0 0 0
0 17 7 39 8 3 35 11 59
0 0 0 861.4 0 0 0 169.3 212.9 0 0 74.1 0 0 0 0 0 258.5 0 0 0 0 0 0 0 0 0 0 0 0 0 0 0 0 0 688.4 0 0 0 292.6 0 0 0 0 0 0 0 0 0 0 0 0 0 0 0 0 0 0 0 306.7
**********2022-05-21 09:14:17**********
175745.91 175764.142 0.01 3760.173 4508.556 
0 1
0 2864.0 0 0 0 0 0 0 0 0 0 0 0 0 0 0 0 0 0 0 0 0 0 0 0 0 0 0 0 0 0 0 0 0 0 0 0 0 0 0 0 0 0 0 0 0 0 0 0 0 0 0 0 0 0 0 0 0 0 0
0 23 33 46 22 21 10 15
0 0 0 0 0 0 0 0 0 0 262.3 0 0 0 0 1110.1 0 0 0 0 0 94.2 336.9 161.1 0 0 0 0 0 0 0 0 0 733.2 0 0 0 0 0 0 0 0 0 0 0 0 166.2 0 0 0 0 0 0 0 0 0 0 0 0 0
0 36 18 50 45 58 41 25 55
0 0 0 0 0 0 0 0 0 0 0 0 0 0 0 0 0 0 293.4 0 0 0 0 0 0 119.4 0 0 0 0 0 0 0 0 0 0 272.0 0 0 0 0 717.8 0 0 0 234.7 0 0 0 0 640.4 0 0 0 0 267.2 0 0 319.1 0
0 44 29 6 48 32 26 13 12 30
0 0 0 0 0 0 227.9 0 0 0 0 0 229.9 197.0 0 0 0 0 0 0 0 0 0 0 0 0 113.1 0 0 183.4 505.2 0 263.3 0 0 0 0 0 0 0 0 0 0 0 622.5 0 0 0 521.7 0 0 0 0 0 0 0 0 0 0 0
0 9 56 43 4 5 34 52 37
0 0 0 0 648.9 261.8 0 0 0 528.2 0 0 0 0 0 0 0 0 0 0 0 0 0 0 0 0 0 0 0 0 0 0 0 0 538.7 0 0 117.0 0 0 0 0 0 162.3 0 0 0 0 0 0 0 0 321.6 0 0 0 285.5 0 0 0
0 2
0 0 2864.0 0 0 0 0 0 0 0 0 0 0 0 0 0 0 0 0 0 0 0 0 0 0 0 0 0 0 0 0 0 0 0 0 0 0 0 0 0 0 0 0 0 0 0 0 0 0 0 0 0 0 0 0 0 0 0 0 0
0 47 28 49 57 38 20 24
0 0 0 0 0 0 0 0 0 0 0 0 0 0 0 0 0 0 0 0 225.3 0 0 0 280.6 0 0 0 640.3 0 0 0 0 0 0 0 0 0 720.2 0 0 0 0 0 0 0 0 269.1 0 495.4 0 0 0 0 0 0 0 233.2 0 0
0 51 40 42 53 19 54 31 14 27 16
0 0 0 0 0 0 0 0 0 0 0 0 0 0 294.7 0 116.9 0 0 172.1 0 0 0 0 0 0 0 634.6 0 0 0 247.5 0 0 0 0 0 0 0 0 280.2 0 424.1 0 0 0 0 0 0 0 0 384.9 0 88.6 220.5 0 0 0 0 0
0 17 7 39 8 3 35 11 59
0 0 0 861.4 0 0 0 169.3 212.9 0 0 74.1 0 0 0 0 0 258.5 0 0 0 0 0 0 0 0 0 0 0 0 0 0 0 0 0 688.4 0 0 0 292.6 0 0 0 0 0 0 0 0 0 0 0 0 0 0 0 0 0 0 0 306.7
**********2022-06-15 13:33:53**********
175745.932 175772.517 0.015 751.03 751.031 
0 1
0 2864.0 0 0 0 0 0 0 0 0 0 0 0 0 0 0 0 0 0 0 0 0 0 0 0 0 0 0 0 0 0 0 0 0 0 0 0 0 0 0 0 0 0 0 0 0 0 0 0 0 0 0 0 0 0 0 0 0 0 0
0 2
0 0 2864.0 0 0 0 0 0 0 0 0 0 0 0 0 0 0 0 0 0 0 0 0 0 0 0 0 0 0 0 0 0 0 0 0 0 0 0 0 0 0 0 0 0 0 0 0 0 0 0 0 0 0 0 0 0 0 0 0 0
0 52 58 38 51 6 23 22 57 7
0 0 0 0 0 0 224.8 167.0 0 0 0 0 0 0 0 0 0 0 0 0 0 0 339.1 162.2 0 0 0 0 0 0 0 0 0 0 0 0 0 0 715.1 0 0 0 0 0 0 0 0 0 0 0 0 381.6 322.3 0 0 0 0 231.5 320.5 0
0 43 47 31 54 34 30 35 36
0 0 0 0 0 0 0 0 0 0 0 0 0 0 0 0 0 0 0 0 0 0 0 0 0 0 0 0 0 0 495.0 243.7 0 0 536.1 674.0 271.3 0 0 0 0 0 0 161.5 0 0 0 265.4 0 0 0 0 0 0 217.1 0 0 0 0 0
0 13 12 49 42 24 29 33 14
0 0 0 0 0 0 0 0 0 0 0 0 230.1 197.2 296.4 0 0 0 0 0 0 0 0 0 282.6 0 0 0 0 183.6 0 0 0 748.8 0 0 0 0 0 0 0 0 426.5 0 0 0 0 0 0 498.9 0 0 0 0 0 0 0 0 0 0
0 17 5 19 56 44 11 48 28
0 0 0 0 0 267.3 0 0 0 0 0 74.4 0 0 0 0 0 259.6 0 173.8 0 0 0 0 0 0 0 0 647.6 0 0 0 0 0 0 0 0 0 0 0 0 0 0 0 625.6 0 0 0 524.2 0 0 0 0 0 0 0 291.4 0 0 0
0 46 4 50 16 41 55 25 37
0 0 0 0 664.4 0 0 0 0 0 0 0 0 0 0 0 118.5 0 0 0 0 0 0 0 0 122.5 0 0 0 0 0 0 0 0 0 0 0 119.8 0 0 0 736.5 0 0 0 0 171.0 0 0 0 657.1 0 0 0 0 274.2 0 0 0 0
0 27 20 10 32 21 9 26 40 39 8
0 0 0 0 0 0 0 0 208.1 524.8 261.8 0 0 0 0 0 0 0 0 0 221.8 94.1 0 0 0 0 110.7 623.8 0 0 0 0 257.5 0 0 0 0 0 0 286.0 275.5 0 0 0 0 0 0 0 0 0 0 0 0 0 0 0 0 0 0 0
0 59 45 3 53 18 15
0 0 0 842.4 0 0 0 0 0 0 0 0 0 0 0 1108.5 0 0 292.2 0 0 0 0 0 0 0 0 0 0 0 0 0 0 0 0 0 0 0 0 0 0 0 0 0 0 233.7 0 0 0 0 0 0 0 87.1 0 0 0 0 0 300.0
**********2022-06-15 13:52:22**********
175745.939 175768.559 0.013 1860.586 1860.587 
0 1
0 2864.0 0 0 0 0 0 0 0 0 0 0 0 0 0 0 0 0 0 0 0 0 0 0 0 0 0 0 0 0 0 0 0 0 0 0 0 0 0 0 0 0 0 0 0 0 0 0 0 0 0 0 0 0 0 0 0 0 0 0
0 2
0 0 2864.0 0 0 0 0 0 0 0 0 0 0 0 0 0 0 0 0 0 0 0 0 0 0 0 0 0 0 0 0 0 0 0 0 0 0 0 0 0 0 0 0 0 0 0 0 0 0 0 0 0 0 0 0 0 0 0 0 0
0 55 58 26 7 4 47 30 34
0 0 0 0 659.6 0 0 169.4 0 0 0 0 0 0 0 0 0 0 0 0 0 0 0 0 0 0 113.2 0 0 0 505.6 0 0 0 547.7 0 0 0 0 0 0 0 0 0 0 0 0 271.1 0 0 0 0 0 0 0 272.3 0 0 325.1 0
0 24 19 33 16 51 13 40 35
0 0 0 0 0 0 0 0 0 0 0 0 0 196.3 0 0 117.1 0 0 172.3 0 0 0 0 281.3 0 0 0 0 0 0 0 0 745.5 0 685.4 0 0 0 0 280.6 0 0 0 0 0 0 0 0 0 0 385.4 0 0 0 0 0 0 0 0
0 42 5 3 25 6 59 27
0 0 0 866.1 0 267.6 229.3 0 0 0 0 0 0 0 0 0 0 0 0 0 0 0 0 0 0 122.3 0 641.6 0 0 0 0 0 0 0 0 0 0 0 0 0 0 428.8 0 0 0 0 0 0 0 0 0 0 0 0 0 0 0 0 308.4
0 38 41 18 43 57 46 52 39
0 0 0 0 0 0 0 0 0 0 0 0 0 0 0 0 0 0 290.7 0 0 0 0 0 0 0 0 0 0 0 0 0 0 0 0 0 0 0 705.6 284.6 0 711.2 0 160.4 0 0 165.1 0 0 0 0 0 318.0 0 0 0 0 228.4 0 0
0 15 20 14 37 12 22 56 32
0 0 0 0 0 0 0 0 0 0 0 0 227.0 0 292.3 1118.2 0 0 0 0 223.8 0 339.3 0 0 0 0 0 0 0 0 0 259.9 0 0 0 0 117.3 0 0 0 0 0 0 0 0 0 0 0 0 0 0 0 0 0 0 286.2 0 0 0
0 23 31 50 54 29 11 8 28 49
0 0 0 0 0 0 0 0 210.1 0 0 73.2 0 0 0 0 0 0 0 0 0 0 0 162.4 0 0 0 0 636.5 181.2 0 245.6 0 0 0 0 0 0 0 0 0 0 0 0 0 0 0 0 0 492.4 643.8 0 0 0 218.8 0 0 0 0 0
0 44 53 48 17 36 9 21 45 10
0 0 0 0 0 0 0 0 0 528.4 263.6 0 0 0 0 0 0 254.5 0 0 0 94.7 0 0 0 0 0 0 0 0 0 0 0 0 0 0 272.7 0 0 0 0 0 0 0 613.2 235.3 0 0 513.8 0 0 0 0 87.7 0 0 0 0 0 0
**********2022-06-15 14:11:27**********
175745.939 175768.559 0.013 1860.586 3005.566 
0 1
0 2864.0 0 0 0 0 0 0 0 0 0 0 0 0 0 0 0 0 0 0 0 0 0 0 0 0 0 0 0 0 0 0 0 0 0 0 0 0 0 0 0 0 0 0 0 0 0 0 0 0 0 0 0 0 0 0 0 0 0 0
0 2
0 0 2864.0 0 0 0 0 0 0 0 0 0 0 0 0 0 0 0 0 0 0 0 0 0 0 0 0 0 0 0 0 0 0 0 0 0 0 0 0 0 0 0 0 0 0 0 0 0 0 0 0 0 0 0 0 0 0 0 0 0
0 55 58 26 7 4 47 30 34
0 0 0 0 659.6 0 0 169.4 0 0 0 0 0 0 0 0 0 0 0 0 0 0 0 0 0 0 113.2 0 0 0 505.6 0 0 0 547.7 0 0 0 0 0 0 0 0 0 0 0 0 271.1 0 0 0 0 0 0 0 272.3 0 0 325.1 0
0 24 19 33 16 51 13 40 35
0 0 0 0 0 0 0 0 0 0 0 0 0 196.3 0 0 117.1 0 0 172.3 0 0 0 0 281.3 0 0 0 0 0 0 0 0 745.5 0 685.4 0 0 0 0 280.6 0 0 0 0 0 0 0 0 0 0 385.4 0 0 0 0 0 0 0 0
0 42 5 3 25 6 59 27
0 0 0 866.1 0 267.6 229.3 0 0 0 0 0 0 0 0 0 0 0 0 0 0 0 0 0 0 122.3 0 641.6 0 0 0 0 0 0 0 0 0 0 0 0 0 0 428.8 0 0 0 0 0 0 0 0 0 0 0 0 0 0 0 0 308.4
0 38 41 18 43 57 46 52 39
0 0 0 0 0 0 0 0 0 0 0 0 0 0 0 0 0 0 290.7 0 0 0 0 0 0 0 0 0 0 0 0 0 0 0 0 0 0 0 705.6 284.6 0 711.2 0 160.4 0 0 165.1 0 0 0 0 0 318.0 0 0 0 0 228.4 0 0
0 15 20 14 37 12 22 56 32
0 0 0 0 0 0 0 0 0 0 0 0 227.0 0 292.3 1118.2 0 0 0 0 223.8 0 339.3 0 0 0 0 0 0 0 0 0 259.9 0 0 0 0 117.3 0 0 0 0 0 0 0 0 0 0 0 0 0 0 0 0 0 0 286.2 0 0 0
0 23 31 50 54 29 11 8 28 49
0 0 0 0 0 0 0 0 210.1 0 0 73.2 0 0 0 0 0 0 0 0 0 0 0 162.4 0 0 0 0 636.5 181.2 0 245.6 0 0 0 0 0 0 0 0 0 0 0 0 0 0 0 0 0 492.4 643.8 0 0 0 218.8 0 0 0 0 0
0 44 53 48 17 36 9 21 45 10
0 0 0 0 0 0 0 0 0 528.4 263.6 0 0 0 0 0 0 254.5 0 0 0 94.7 0 0 0 0 0 0 0 0 0 0 0 0 0 0 272.7 0 0 0 0 0 0 0 613.2 235.3 0 0 513.8 0 0 0 0 87.7 0 0 0 0 0 0
**********2022-06-15 14:30:34**********
175745.93 175768.38 0.013 4152.104 4152.105 
0 1
0 2864.0 0 0 0 0 0 0 0 0 0 0 0 0 0 0 0 0 0 0 0 0 0 0 0 0 0 0 0 0 0 0 0 0 0 0 0 0 0 0 0 0 0 0 0 0 0 0 0 0 0 0 0 0 0 0 0 0 0 0
0 44 27 35 41 29
0 0 0 0 0 0 0 0 0 0 0 0 0 0 0 0 0 0 0 0 0 0 0 0 0 0 0 638.1 0 183.5 0 0 0 0 0 688.3 0 0 0 0 0 731.0 0 0 623.0 0 0 0 0 0 0 0 0 0 0 0 0 0 0 0
0 2
0 0 2864.0 0 0 0 0 0 0 0 0 0 0 0 0 0 0 0 0 0 0 0 0 0 0 0 0 0 0 0 0 0 0 0 0 0 0 0 0 0 0 0 0 0 0 0 0 0 0 0 0 0 0 0 0 0 0 0 0 0
0 9 56 58 21 32 23 45 51 31 54 16
0 0 0 0 0 0 0 0 0 531.9 0 0 0 0 0 0 116.5 0 0 0 0 95.3 0 163.0 0 0 0 0 0 0 0 246.6 261.0 0 0 0 0 0 0 0 0 0 0 0 0 236.8 0 0 0 0 0 383.5 0 0 219.7 0 287.5 0 322.1 0
0 52 26 15 10 14 33
0 0 0 0 0 0 0 0 0 0 265.8 0 0 0 294.0 1124.7 0 0 0 0 0 0 0 0 0 0 112.3 0 0 0 0 0 0 742.9 0 0 0 0 0 0 0 0 0 0 0 0 0 0 0 0 0 0 324.3 0 0 0 0 0 0 0
0 59 20 43 47 5 30 18 46 4
0 0 0 0 658.3 265.6 0 0 0 0 0 0 0 0 0 0 0 0 298.3 0 226.5 0 0 0 0 0 0 0 0 0 504.6 0 0 0 0 0 0 0 0 0 0 0 0 164.6 0 0 169.4 270.6 0 0 0 0 0 0 0 0 0 0 0 306.2
0 13 38 17 57 7 49 42 19 8
0 0 0 0 0 0 0 167.4 210.5 0 0 0 0 194.9 0 0 0 255.6 0 171.1 0 0 0 0 0 0 0 0 0 0 0 0 0 0 0 0 0 0 717.2 0 0 0 421.7 0 0 0 0 0 0 493.3 0 0 0 0 0 0 0 232.2 0 0
0 11 22 36 40 48 34 39 24 55
0 0 0 0 0 0 0 0 0 0 0 73.4 0 0 0 0 0 0 0 0 0 0 340.4 0 279.6 0 0 0 0 0 0 0 0 0 541.9 0 274.2 0 0 289.6 278.9 0 0 0 0 0 0 0 516.6 0 0 0 0 0 0 269.4 0 0 0 0
0 25 37 6 3 50 53 28 12
0 0 0 837.4 0 0 221.6 0 0 0 0 0 223.7 0 0 0 0 0 0 0 0 0 0 0 0 118.2 0 0 626.9 0 0 0 0 0 0 0 0 115.6 0 0 0 0 0 0 0 0 0 0 0 0 634.1 0 0 86.6 0 0 0 0 0 0
**********2022-06-15 14:49:08**********
175745.911 175768.38 0.013 4152.104 5266.619 
0 1
0 2864.0 0 0 0 0 0 0 0 0 0 0 0 0 0 0 0 0 0 0 0 0 0 0 0 0 0 0 0 0 0 0 0 0 0 0 0 0 0 0 0 0 0 0 0 0 0 0 0 0 0 0 0 0 0 0 0 0 0 0
0 44 27 35 41 29
0 0 0 0 0 0 0 0 0 0 0 0 0 0 0 0 0 0 0 0 0 0 0 0 0 0 0 638.1 0 183.5 0 0 0 0 0 688.3 0 0 0 0 0 731.0 0 0 623.0 0 0 0 0 0 0 0 0 0 0 0 0 0 0 0
0 2
0 0 2864.0 0 0 0 0 0 0 0 0 0 0 0 0 0 0 0 0 0 0 0 0 0 0 0 0 0 0 0 0 0 0 0 0 0 0 0 0 0 0 0 0 0 0 0 0 0 0 0 0 0 0 0 0 0 0 0 0 0
0 9 56 58 21 32 23 45 51 31 54 16
0 0 0 0 0 0 0 0 0 531.9 0 0 0 0 0 0 116.5 0 0 0 0 95.3 0 163.0 0 0 0 0 0 0 0 246.6 261.0 0 0 0 0 0 0 0 0 0 0 0 0 236.8 0 0 0 0 0 383.5 0 0 219.7 0 287.5 0 322.1 0
0 52 26 15 10 14 33
0 0 0 0 0 0 0 0 0 0 265.8 0 0 0 294.0 1124.7 0 0 0 0 0 0 0 0 0 0 112.3 0 0 0 0 0 0 742.9 0 0 0 0 0 0 0 0 0 0 0 0 0 0 0 0 0 0 324.3 0 0 0 0 0 0 0
0 59 20 43 47 5 30 18 46 4
0 0 0 0 658.3 265.6 0 0 0 0 0 0 0 0 0 0 0 0 298.3 0 226.5 0 0 0 0 0 0 0 0 0 504.6 0 0 0 0 0 0 0 0 0 0 0 0 164.6 0 0 169.4 270.6 0 0 0 0 0 0 0 0 0 0 0 306.2
0 13 38 17 57 7 49 42 19 8
0 0 0 0 0 0 0 167.4 210.5 0 0 0 0 194.9 0 0 0 255.6 0 171.1 0 0 0 0 0 0 0 0 0 0 0 0 0 0 0 0 0 0 717.2 0 0 0 421.7 0 0 0 0 0 0 493.3 0 0 0 0 0 0 0 232.2 0 0
0 11 22 36 40 48 34 39 24 55
0 0 0 0 0 0 0 0 0 0 0 73.4 0 0 0 0 0 0 0 0 0 0 340.4 0 279.6 0 0 0 0 0 0 0 0 0 541.9 0 274.2 0 0 289.6 278.9 0 0 0 0 0 0 0 516.6 0 0 0 0 0 0 269.4 0 0 0 0
0 25 37 6 3 50 53 28 12
0 0 0 837.4 0 0 221.6 0 0 0 0 0 223.7 0 0 0 0 0 0 0 0 0 0 0 0 118.2 0 0 626.9 0 0 0 0 0 0 0 0 115.6 0 0 0 0 0 0 0 0 0 0 0 0 634.1 0 0 86.6 0 0 0 0 0 0
**********2022-06-15 15:07:20**********
175745.904 175768.38 0.013 4152.104 6358.21 
0 1
0 2864.0 0 0 0 0 0 0 0 0 0 0 0 0 0 0 0 0 0 0 0 0 0 0 0 0 0 0 0 0 0 0 0 0 0 0 0 0 0 0 0 0 0 0 0 0 0 0 0 0 0 0 0 0 0 0 0 0 0 0
0 44 27 35 41 29
0 0 0 0 0 0 0 0 0 0 0 0 0 0 0 0 0 0 0 0 0 0 0 0 0 0 0 638.1 0 183.5 0 0 0 0 0 688.3 0 0 0 0 0 731.0 0 0 623.0 0 0 0 0 0 0 0 0 0 0 0 0 0 0 0
0 2
0 0 2864.0 0 0 0 0 0 0 0 0 0 0 0 0 0 0 0 0 0 0 0 0 0 0 0 0 0 0 0 0 0 0 0 0 0 0 0 0 0 0 0 0 0 0 0 0 0 0 0 0 0 0 0 0 0 0 0 0 0
0 9 56 58 21 32 23 45 51 31 54 16
0 0 0 0 0 0 0 0 0 531.9 0 0 0 0 0 0 116.5 0 0 0 0 95.3 0 163.0 0 0 0 0 0 0 0 246.6 261.0 0 0 0 0 0 0 0 0 0 0 0 0 236.8 0 0 0 0 0 383.5 0 0 219.7 0 287.5 0 322.1 0
0 52 26 15 10 14 33
0 0 0 0 0 0 0 0 0 0 265.8 0 0 0 294.0 1124.7 0 0 0 0 0 0 0 0 0 0 112.3 0 0 0 0 0 0 742.9 0 0 0 0 0 0 0 0 0 0 0 0 0 0 0 0 0 0 324.3 0 0 0 0 0 0 0
0 59 20 43 47 5 30 18 46 4
0 0 0 0 658.3 265.6 0 0 0 0 0 0 0 0 0 0 0 0 298.3 0 226.5 0 0 0 0 0 0 0 0 0 504.6 0 0 0 0 0 0 0 0 0 0 0 0 164.6 0 0 169.4 270.6 0 0 0 0 0 0 0 0 0 0 0 306.2
0 13 38 17 57 7 49 42 19 8
0 0 0 0 0 0 0 167.4 210.5 0 0 0 0 194.9 0 0 0 255.6 0 171.1 0 0 0 0 0 0 0 0 0 0 0 0 0 0 0 0 0 0 717.2 0 0 0 421.7 0 0 0 0 0 0 493.3 0 0 0 0 0 0 0 232.2 0 0
0 11 22 36 40 48 34 39 24 55
0 0 0 0 0 0 0 0 0 0 0 73.4 0 0 0 0 0 0 0 0 0 0 340.4 0 279.6 0 0 0 0 0 0 0 0 0 541.9 0 274.2 0 0 289.6 278.9 0 0 0 0 0 0 0 516.6 0 0 0 0 0 0 269.4 0 0 0 0
0 25 37 6 3 50 53 28 12
0 0 0 837.4 0 0 221.6 0 0 0 0 0 223.7 0 0 0 0 0 0 0 0 0 0 0 0 118.2 0 0 626.9 0 0 0 0 0 0 0 0 115.6 0 0 0 0 0 0 0 0 0 0 0 0 634.1 0 0 86.6 0 0 0 0 0 0
**********2022-06-15 15:24:19**********
175745.899 175768.38 0.013 4152.104 7377.49 
0 1
0 2864.0 0 0 0 0 0 0 0 0 0 0 0 0 0 0 0 0 0 0 0 0 0 0 0 0 0 0 0 0 0 0 0 0 0 0 0 0 0 0 0 0 0 0 0 0 0 0 0 0 0 0 0 0 0 0 0 0 0 0
0 44 27 35 41 29
0 0 0 0 0 0 0 0 0 0 0 0 0 0 0 0 0 0 0 0 0 0 0 0 0 0 0 638.1 0 183.5 0 0 0 0 0 688.3 0 0 0 0 0 731.0 0 0 623.0 0 0 0 0 0 0 0 0 0 0 0 0 0 0 0
0 2
0 0 2864.0 0 0 0 0 0 0 0 0 0 0 0 0 0 0 0 0 0 0 0 0 0 0 0 0 0 0 0 0 0 0 0 0 0 0 0 0 0 0 0 0 0 0 0 0 0 0 0 0 0 0 0 0 0 0 0 0 0
0 9 56 58 21 32 23 45 51 31 54 16
0 0 0 0 0 0 0 0 0 531.9 0 0 0 0 0 0 116.5 0 0 0 0 95.3 0 163.0 0 0 0 0 0 0 0 246.6 261.0 0 0 0 0 0 0 0 0 0 0 0 0 236.8 0 0 0 0 0 383.5 0 0 219.7 0 287.5 0 322.1 0
0 52 26 15 10 14 33
0 0 0 0 0 0 0 0 0 0 265.8 0 0 0 294.0 1124.7 0 0 0 0 0 0 0 0 0 0 112.3 0 0 0 0 0 0 742.9 0 0 0 0 0 0 0 0 0 0 0 0 0 0 0 0 0 0 324.3 0 0 0 0 0 0 0
0 59 20 43 47 5 30 18 46 4
0 0 0 0 658.3 265.6 0 0 0 0 0 0 0 0 0 0 0 0 298.3 0 226.5 0 0 0 0 0 0 0 0 0 504.6 0 0 0 0 0 0 0 0 0 0 0 0 164.6 0 0 169.4 270.6 0 0 0 0 0 0 0 0 0 0 0 306.2
0 13 38 17 57 7 49 42 19 8
0 0 0 0 0 0 0 167.4 210.5 0 0 0 0 194.9 0 0 0 255.6 0 171.1 0 0 0 0 0 0 0 0 0 0 0 0 0 0 0 0 0 0 717.2 0 0 0 421.7 0 0 0 0 0 0 493.3 0 0 0 0 0 0 0 232.2 0 0
0 11 22 36 40 48 34 39 24 55
0 0 0 0 0 0 0 0 0 0 0 73.4 0 0 0 0 0 0 0 0 0 0 340.4 0 279.6 0 0 0 0 0 0 0 0 0 541.9 0 274.2 0 0 289.6 278.9 0 0 0 0 0 0 0 516.6 0 0 0 0 0 0 269.4 0 0 0 0
0 25 37 6 3 50 53 28 12
0 0 0 837.4 0 0 221.6 0 0 0 0 0 223.7 0 0 0 0 0 0 0 0 0 0 0 0 118.2 0 0 626.9 0 0 0 0 0 0 0 0 115.6 0 0 0 0 0 0 0 0 0 0 0 0 634.1 0 0 86.6 0 0 0 0 0 0
**********2022-06-15 15:37:27**********
175745.899 175768.38 0.013 4152.104 8165.162 
0 1
0 2864.0 0 0 0 0 0 0 0 0 0 0 0 0 0 0 0 0 0 0 0 0 0 0 0 0 0 0 0 0 0 0 0 0 0 0 0 0 0 0 0 0 0 0 0 0 0 0 0 0 0 0 0 0 0 0 0 0 0 0
0 44 27 35 41 29
0 0 0 0 0 0 0 0 0 0 0 0 0 0 0 0 0 0 0 0 0 0 0 0 0 0 0 638.1 0 183.5 0 0 0 0 0 688.3 0 0 0 0 0 731.0 0 0 623.0 0 0 0 0 0 0 0 0 0 0 0 0 0 0 0
0 2
0 0 2864.0 0 0 0 0 0 0 0 0 0 0 0 0 0 0 0 0 0 0 0 0 0 0 0 0 0 0 0 0 0 0 0 0 0 0 0 0 0 0 0 0 0 0 0 0 0 0 0 0 0 0 0 0 0 0 0 0 0
0 9 56 58 21 32 23 45 51 31 54 16
0 0 0 0 0 0 0 0 0 531.9 0 0 0 0 0 0 116.5 0 0 0 0 95.3 0 163.0 0 0 0 0 0 0 0 246.6 261.0 0 0 0 0 0 0 0 0 0 0 0 0 236.8 0 0 0 0 0 383.5 0 0 219.7 0 287.5 0 322.1 0
0 52 26 15 10 14 33
0 0 0 0 0 0 0 0 0 0 265.8 0 0 0 294.0 1124.7 0 0 0 0 0 0 0 0 0 0 112.3 0 0 0 0 0 0 742.9 0 0 0 0 0 0 0 0 0 0 0 0 0 0 0 0 0 0 324.3 0 0 0 0 0 0 0
0 59 20 43 47 5 30 18 46 4
0 0 0 0 658.3 265.6 0 0 0 0 0 0 0 0 0 0 0 0 298.3 0 226.5 0 0 0 0 0 0 0 0 0 504.6 0 0 0 0 0 0 0 0 0 0 0 0 164.6 0 0 169.4 270.6 0 0 0 0 0 0 0 0 0 0 0 306.2
0 13 38 17 57 7 49 42 19 8
0 0 0 0 0 0 0 167.4 210.5 0 0 0 0 194.9 0 0 0 255.6 0 171.1 0 0 0 0 0 0 0 0 0 0 0 0 0 0 0 0 0 0 717.2 0 0 0 421.7 0 0 0 0 0 0 493.3 0 0 0 0 0 0 0 232.2 0 0
0 11 22 36 40 48 34 39 24 55
0 0 0 0 0 0 0 0 0 0 0 73.4 0 0 0 0 0 0 0 0 0 0 340.4 0 279.6 0 0 0 0 0 0 0 0 0 541.9 0 274.2 0 0 289.6 278.9 0 0 0 0 0 0 0 516.6 0 0 0 0 0 0 269.4 0 0 0 0
0 25 37 6 3 50 53 28 12
0 0 0 837.4 0 0 221.6 0 0 0 0 0 223.7 0 0 0 0 0 0 0 0 0 0 0 0 118.2 0 0 626.9 0 0 0 0 0 0 0 0 115.6 0 0 0 0 0 0 0 0 0 0 0 0 634.1 0 0 86.6 0 0 0 0 0 0
**********2024-01-21 03:50:02**********
175744.604 175779.529 0.02 1410.67 1410.672 
0 2
0 0 2864.0 0 0 0 0 0 0 0 0 0 0 0 0 0 0 0 0 0 0 0 0 0 0 0 0 0 0 0 0 0 0 0 0 0 0 0 0 0 0 0 0 0 0 0 0 0 0 0 0 0 0 0 0 0 0 0 0 0
0 1
0 2864.0 0 0 0 0 0 0 0 0 0 0 0 0 0 0 0 0 0 0 0 0 0 0 0 0 0 0 0 0 0 0 0 0 0 0 0 0 0 0 0 0 0 0 0 0 0 0 0 0 0 0 0 0 0 0 0 0 0 0
0 44 27 35 29 33
0 0 0 0 0 0 0 0 0 0 0 0 0 0 0 0 0 0 0 0 0 0 0 0 0 0 0 634.2 0 182.4 0 0 0 744.1 0 684.1 0 0 0 0 0 0 0 0 619.2 0 0 0 0 0 0 0 0 0 0 0 0 0 0 0
0 56 58 45 41 4 49 53
0 0 0 0 666.8 0 0 0 0 0 0 0 0 0 0 0 0 0 0 0 0 0 0 0 0 0 0 0 0 0 0 0 0 0 0 0 0 0 0 0 0 739.1 0 0 0 241.7 0 0 0 504.4 0 0 0 90.1 0 0 293.4 0 328.6 0
0 59 43 47 19 28 12 5 18 46 7 54
0 0 0 0 0 261.3 0 166.3 0 0 0 0 225.9 0 0 0 0 0 293.4 170.0 0 0 0 0 0 0 0 0 633.3 0 0 0 0 0 0 0 0 0 0 0 0 0 0 162.0 0 0 166.7 266.2 0 0 0 0 0 0 217.7 0 0 0 0 301.2
0 23 51 36 40 48 16 34 39 24
0 0 0 0 0 0 0 0 0 0 0 0 0 0 0 0 117.2 0 0 0 0 0 0 164.1 281.7 0 0 0 0 0 0 0 0 0 545.9 0 276.2 0 0 291.7 280.9 0 0 0 0 0 0 0 520.4 0 0 385.9 0 0 0 0 0 0 0 0
0 21 52 13 26 38 17 57 42 8 10
0 0 0 0 0 0 0 0 213.2 0 268.3 0 0 197.5 0 0 0 258.9 0 0 0 96.4 0 0 0 0 113.4 0 0 0 0 0 0 0 0 0 0 0 726.5 0 0 0 427.2 0 0 0 0 0 0 0 0 0 327.4 0 0 0 0 235.2 0 0
0 22 11 32 55 14 3 20 31 6 37
0 0 0 840.8 0 0 222.6 0 0 0 0 72.4 0 0 289.3 0 0 0 0 0 221.5 0 335.8 0 0 0 0 0 0 0 0 242.9 257.2 0 0 0 0 116.0 0 0 0 0 0 0 0 0 0 0 0 0 0 0 0 0 0 265.7 0 0 0 0
0 9 15 25 50 30
0 0 0 0 0 0 0 0 0 521.2 0 0 0 0 0 1100.6 0 0 0 0 0 0 0 0 0 118.1 0 0 0 0 490.8 0 0 0 0 0 0 0 0 0 0 0 0 0 0 0 0 0 0 0 633.3 0 0 0 0 0 0 0 0 0
**********2024-01-21 04:21:54**********
175744.604 175779.087 0.02 3323.184 3323.184 
0 2
0 0 2864.0 0 0 0 0 0 0 0 0 0 0 0 0 0 0 0 0 0 0 0 0 0 0 0 0 0 0 0 0 0 0 0 0 0 0 0 0 0 0 0 0 0 0 0 0 0 0 0 0 0 0 0 0 0 0 0 0 0
0 1
0 2864.0 0 0 0 0 0 0 0 0 0 0 0 0 0 0 0 0 0 0 0 0 0 0 0 0 0 0 0 0 0 0 0 0 0 0 0 0 0 0 0 0 0 0 0 0 0 0 0 0 0 0 0 0 0 0 0 0 0 0
0 41 32 42 50 33 37
0 0 0 0 0 0 0 0 0 0 0 0 0 0 0 0 0 0 0 0 0 0 0 0 0 0 0 0 0 0 0 0 256.6 729.1 0 0 0 115.8 0 0 0 712.0 415.3 0 0 0 0 0 0 0 635.2 0 0 0 0 0 0 0 0 0
0 23 55 6 27 30 49 4
0 0 0 0 636.6 0 220.1 0 0 0 0 0 0 0 0 0 0 0 0 0 0 0 0 158.9 0 0 0 616.0 0 0 488.0 0 0 0 0 0 0 0 0 0 0 0 0 0 0 0 0 0 0 481.6 0 0 0 0 0 262.8 0 0 0 0
0 38 47 43 26 14 3 54 29
0 0 0 869.4 0 0 0 0 0 0 0 0 0 0 299.1 0 0 0 0 0 0 0 0 0 0 0 114.3 0 0 185.3 0 0 0 0 0 0 0 0 732.1 0 0 0 0 166.5 0 0 0 273.6 0 0 0 0 0 0 223.8 0 0 0 0 0
0 9 16 19 24 28 18 5 57 22
0 0 0 0 0 262.9 0 0 0 530.4 0 0 0 0 0 0 116.2 0 295.2 171.0 0 0 339.9 0 279.2 0 0 0 637.2 0 0 0 0 0 0 0 0 0 0 0 0 0 0 0 0 0 0 0 0 0 0 0 0 0 0 0 0 232.0 0 0
0 59 52 13 36 48 8 51 44
0 0 0 0 0 0 0 0 213.7 0 0 0 0 197.9 0 0 0 0 0 0 0 0 0 0 0 0 0 0 0 0 0 0 0 0 0 0 278.1 0 0 0 0 0 0 0 625.4 0 0 0 524.1 0 0 388.6 328.2 0 0 0 0 0 0 308.0
0 20 25 31 35 39 17 46 53 12 34
0 0 0 0 0 0 0 0 0 0 0 0 229.3 0 0 0 0 257.7 0 0 226.2 0 0 0 0 121.2 0 0 0 0 0 248.1 0 0 545.8 686.1 0 0 0 291.6 0 0 0 0 0 0 169.2 0 0 0 0 0 0 88.8 0 0 0 0 0 0
0 40 7 11 58 45 10 15 56 21
0 0 0 0 0 0 0 168.6 0 0 266.6 73.8 0 0 0 1128.4 0 0 0 0 0 95.8 0 0 0 0 0 0 0 0 0 0 0 0 0 0 0 0 0 0 280.5 0 0 0 0 237.9 0 0 0 0 0 0 0 0 0 0 288.8 0 323.6 0
**********2024-01-21 04:54:55**********
175744.604 175774.735 0.017 5303.762 5303.762 
0 2
0 0 2864.0 0 0 0 0 0 0 0 0 0 0 0 0 0 0 0 0 0 0 0 0 0 0 0 0 0 0 0 0 0 0 0 0 0 0 0 0 0 0 0 0 0 0 0 0 0 0 0 0 0 0 0 0 0 0 0 0 0
0 1
0 2864.0 0 0 0 0 0 0 0 0 0 0 0 0 0 0 0 0 0 0 0 0 0 0 0 0 0 0 0 0 0 0 0 0 0 0 0 0 0 0 0 0 0 0 0 0 0 0 0 0 0 0 0 0 0 0 0 0 0 0
0 36 26 41 38 57 30 5
0 0 0 0 0 267.1 0 0 0 0 0 0 0 0 0 0 0 0 0 0 0 0 0 0 0 0 113.6 0 0 0 507.4 0 0 0 0 0 278.1 0 728.1 0 0 733.9 0 0 0 0 0 0 0 0 0 0 0 0 0 0 0 235.7 0 0
0 56 35 13 18 43 8 31 33
0 0 0 0 0 0 0 0 213.9 0 0 0 0 198.1 0 0 0 0 300.3 0 0 0 0 0 0 0 0 0 0 0 0 250.1 0 752.4 0 691.8 0 0 0 0 0 0 0 165.7 0 0 0 0 0 0 0 0 0 0 0 0 291.6 0 0 0
0 59 22 12 21 23 27 15
0 0 0 0 0 0 0 0 0 0 0 0 226.2 0 0 1114.4 0 0 0 0 0 94.6 338.2 161.8 0 0 0 627.3 0 0 0 0 0 0 0 0 0 0 0 0 0 0 0 0 0 0 0 0 0 0 0 0 0 0 0 0 0 0 0 301.6
0 58 45 3 19 4 44
0 0 0 856.3 655.6 0 0 0 0 0 0 0 0 0 0 0 0 0 0 172.0 0 0 0 0 0 0 0 0 0 0 0 0 0 0 0 0 0 0 0 0 0 0 0 0 619.3 237.6 0 0 0 0 0 0 0 0 0 0 0 0 323.1 0
0 40 48 47 9 11 24 28 32
0 0 0 0 0 0 0 0 0 534.5 0 73.8 0 0 0 0 0 0 0 0 0 0 0 0 281.3 0 0 0 642.0 0 0 0 262.3 0 0 0 0 0 0 0 280.5 0 0 0 0 0 0 269.9 519.7 0 0 0 0 0 0 0 0 0 0 0
0 49 42 34 16 6 37 14 25 46 53 39
0 0 0 0 0 0 224.7 0 0 0 0 0 0 0 292.0 0 115.9 0 0 0 0 0 0 0 0 119.8 0 0 0 0 0 0 0 0 539.5 0 0 117.1 0 288.3 0 0 420.2 0 0 0 167.3 0 0 491.6 0 0 0 87.8 0 0 0 0 0 0
0 20 10 55 29 51 7 17 52 54 50
0 0 0 0 0 0 0 163.5 0 0 258.6 0 0 0 0 0 0 249.6 0 0 219.1 0 0 0 0 0 0 0 0 177.2 0 0 0 0 0 0 0 0 0 0 0 0 0 0 0 0 0 0 0 0 629.8 373.7 315.6 0 214.1 262.8 0 0 0 0
**********2024-01-21 05:23:57**********
175744.604 175773.435 0.016 7046.386 7046.386 
0 1
0 2864.0 0 0 0 0 0 0 0 0 0 0 0 0 0 0 0 0 0 0 0 0 0 0 0 0 0 0 0 0 0 0 0 0 0 0 0 0 0 0 0 0 0 0 0 0 0 0 0 0 0 0 0 0 0 0 0 0 0 0
0 2
0 0 2864.0 0 0 0 0 0 0 0 0 0 0 0 0 0 0 0 0 0 0 0 0 0 0 0 0 0 0 0 0 0 0 0 0 0 0 0 0 0 0 0 0 0 0 0 0 0 0 0 0 0 0 0 0 0 0 0 0 0
0 8 40 43 3 29 36 47 28
0 0 0 851.4 0 0 0 0 210.4 0 0 0 0 0 0 0 0 0 0 0 0 0 0 0 0 0 0 0 637.4 181.4 0 0 0 0 0 0 273.8 0 0 0 278.5 0 0 163.0 0 0 0 267.9 0 0 0 0 0 0 0 0 0 0 0 0
0 57 30 13 27 21 34 50
0 0 0 0 0 0 0 0 0 0 0 0 0 196.6 0 0 0 0 0 0 0 96.0 0 0 0 0 0 636.4 0 0 504.2 0 0 0 546.1 0 0 0 0 0 0 0 0 0 0 0 0 0 0 0 650.5 0 0 0 0 0 0 234.2 0 0
0 35 17 18 52 41 6 16 10
0 0 0 0 0 0 223.9 0 0 0 263.0 0 0 0 0 0 115.5 253.8 293.4 0 0 0 0 0 0 0 0 0 0 0 0 0 0 0 0 675.8 0 0 0 0 0 717.8 0 0 0 0 0 0 0 0 0 0 320.9 0 0 0 0 0 0 0
0 51 31 58 15 54 24 12
0 0 0 0 0 0 0 0 0 0 0 0 232.9 0 0 1147.6 0 0 0 0 0 0 0 0 286.1 0 0 0 0 0 0 252.0 0 0 0 0 0 0 0 0 0 0 0 0 0 0 0 0 0 0 0 391.9 0 0 224.5 0 0 0 329.1 0
0 59 33 42 19 48 22 25 55
0 0 0 0 0 0 0 0 0 0 0 0 0 0 0 0 0 0 0 170.1 0 0 338.0 0 0 119.5 0 0 0 0 0 0 0 735.6 0 0 0 0 0 0 0 0 419.0 0 0 0 0 0 512.9 0 0 0 0 0 0 267.5 0 0 0 301.4
0 9 26 11 44 45 14 32 38
0 0 0 0 0 0 0 0 0 535.5 0 73.9 0 0 295.6 0 0 0 0 0 0 0 0 0 0 0 112.9 0 0 0 0 0 262.8 0 0 0 0 0 723.5 0 0 0 0 0 621.4 238.4 0 0 0 0 0 0 0 0 0 0 0 0 0 0
0 56 23 20 37 4 7 49 5 46 53 39
0 0 0 0 641.2 258.7 0 164.6 0 0 0 0 0 0 0 0 0 0 0 0 220.6 0 0 160.0 0 0 0 0 0 0 0 0 0 0 0 0 0 115.6 0 284.5 0 0 0 0 0 0 165.0 0 0 485.0 0 0 0 86.6 0 0 282.1 0 0 0
**********2024-01-21 05:49:25**********
175744.604 175773.435 0.016 7046.386 8574.295 
0 1
0 2864.0 0 0 0 0 0 0 0 0 0 0 0 0 0 0 0 0 0 0 0 0 0 0 0 0 0 0 0 0 0 0 0 0 0 0 0 0 0 0 0 0 0 0 0 0 0 0 0 0 0 0 0 0 0 0 0 0 0 0
0 2
0 0 2864.0 0 0 0 0 0 0 0 0 0 0 0 0 0 0 0 0 0 0 0 0 0 0 0 0 0 0 0 0 0 0 0 0 0 0 0 0 0 0 0 0 0 0 0 0 0 0 0 0 0 0 0 0 0 0 0 0 0
0 8 40 43 3 29 36 47 28
0 0 0 851.4 0 0 0 0 210.4 0 0 0 0 0 0 0 0 0 0 0 0 0 0 0 0 0 0 0 637.4 181.4 0 0 0 0 0 0 273.8 0 0 0 278.5 0 0 163.0 0 0 0 267.9 0 0 0 0 0 0 0 0 0 0 0 0
0 57 30 13 27 21 34 50
0 0 0 0 0 0 0 0 0 0 0 0 0 196.6 0 0 0 0 0 0 0 96.0 0 0 0 0 0 636.4 0 0 504.2 0 0 0 546.1 0 0 0 0 0 0 0 0 0 0 0 0 0 0 0 650.5 0 0 0 0 0 0 234.2 0 0
0 35 17 18 52 41 6 16 10
0 0 0 0 0 0 223.9 0 0 0 263.0 0 0 0 0 0 115.5 253.8 293.4 0 0 0 0 0 0 0 0 0 0 0 0 0 0 0 0 675.8 0 0 0 0 0 717.8 0 0 0 0 0 0 0 0 0 0 320.9 0 0 0 0 0 0 0
0 51 31 58 15 54 24 12
0 0 0 0 0 0 0 0 0 0 0 0 232.9 0 0 1147.6 0 0 0 0 0 0 0 0 286.1 0 0 0 0 0 0 252.0 0 0 0 0 0 0 0 0 0 0 0 0 0 0 0 0 0 0 0 391.9 0 0 224.5 0 0 0 329.1 0
0 59 33 42 19 48 22 25 55
0 0 0 0 0 0 0 0 0 0 0 0 0 0 0 0 0 0 0 170.1 0 0 338.0 0 0 119.5 0 0 0 0 0 0 0 735.6 0 0 0 0 0 0 0 0 419.0 0 0 0 0 0 512.9 0 0 0 0 0 0 267.5 0 0 0 301.4
0 9 26 11 44 45 14 32 38
0 0 0 0 0 0 0 0 0 535.5 0 73.9 0 0 295.6 0 0 0 0 0 0 0 0 0 0 0 112.9 0 0 0 0 0 262.8 0 0 0 0 0 723.5 0 0 0 0 0 621.4 238.4 0 0 0 0 0 0 0 0 0 0 0 0 0 0
0 56 23 20 37 4 7 49 5 46 53 39
0 0 0 0 641.2 258.7 0 164.6 0 0 0 0 0 0 0 0 0 0 0 0 220.6 0 0 160.0 0 0 0 0 0 0 0 0 0 0 0 0 0 115.6 0 284.5 0 0 0 0 0 0 165.0 0 0 485.0 0 0 0 86.6 0 0 282.1 0 0 0
**********2024-01-21 06:11:22**********
175744.604 175773.435 0.016 7046.386 9890.856 
0 1
0 2864.0 0 0 0 0 0 0 0 0 0 0 0 0 0 0 0 0 0 0 0 0 0 0 0 0 0 0 0 0 0 0 0 0 0 0 0 0 0 0 0 0 0 0 0 0 0 0 0 0 0 0 0 0 0 0 0 0 0 0
0 2
0 0 2864.0 0 0 0 0 0 0 0 0 0 0 0 0 0 0 0 0 0 0 0 0 0 0 0 0 0 0 0 0 0 0 0 0 0 0 0 0 0 0 0 0 0 0 0 0 0 0 0 0 0 0 0 0 0 0 0 0 0
0 8 40 43 3 29 36 47 28
0 0 0 851.4 0 0 0 0 210.4 0 0 0 0 0 0 0 0 0 0 0 0 0 0 0 0 0 0 0 637.4 181.4 0 0 0 0 0 0 273.8 0 0 0 278.5 0 0 163.0 0 0 0 267.9 0 0 0 0 0 0 0 0 0 0 0 0
0 57 30 13 27 21 34 50
0 0 0 0 0 0 0 0 0 0 0 0 0 196.6 0 0 0 0 0 0 0 96.0 0 0 0 0 0 636.4 0 0 504.2 0 0 0 546.1 0 0 0 0 0 0 0 0 0 0 0 0 0 0 0 650.5 0 0 0 0 0 0 234.2 0 0
0 35 17 18 52 41 6 16 10
0 0 0 0 0 0 223.9 0 0 0 263.0 0 0 0 0 0 115.5 253.8 293.4 0 0 0 0 0 0 0 0 0 0 0 0 0 0 0 0 675.8 0 0 0 0 0 717.8 0 0 0 0 0 0 0 0 0 0 320.9 0 0 0 0 0 0 0
0 51 31 58 15 54 24 12
0 0 0 0 0 0 0 0 0 0 0 0 232.9 0 0 1147.6 0 0 0 0 0 0 0 0 286.1 0 0 0 0 0 0 252.0 0 0 0 0 0 0 0 0 0 0 0 0 0 0 0 0 0 0 0 391.9 0 0 224.5 0 0 0 329.1 0
0 59 33 42 19 48 22 25 55
0 0 0 0 0 0 0 0 0 0 0 0 0 0 0 0 0 0 0 170.1 0 0 338.0 0 0 119.5 0 0 0 0 0 0 0 735.6 0 0 0 0 0 0 0 0 419.0 0 0 0 0 0 512.9 0 0 0 0 0 0 267.5 0 0 0 301.4
0 9 26 11 44 45 14 32 38
0 0 0 0 0 0 0 0 0 535.5 0 73.9 0 0 295.6 0 0 0 0 0 0 0 0 0 0 0 112.9 0 0 0 0 0 262.8 0 0 0 0 0 723.5 0 0 0 0 0 621.4 238.4 0 0 0 0 0 0 0 0 0 0 0 0 0 0
0 56 23 20 37 4 7 49 5 46 53 39
0 0 0 0 641.2 258.7 0 164.6 0 0 0 0 0 0 0 0 0 0 0 0 220.6 0 0 160.0 0 0 0 0 0 0 0 0 0 0 0 0 0 115.6 0 284.5 0 0 0 0 0 0 165.0 0 0 485.0 0 0 0 86.6 0 0 282.1 0 0 0
