**********2022-06-01 11:56:00**********
141777.943 141788.852 0.008 3644.576 3644.577 
0 1
0 16025.0 0 0 0 0 0 0 0 0 0 0 0 0 0 0 0 0 0 0 0 0 0 0 0 0 0 0 0 0 0 0 0 0 0 0 0 0 0 0 0 0 0 0 0 0 0 0 0 0 0 0 0 0 0 0 0 0 0 0
0 45 6 46 53 12 3
0 0 0 1398.9 0 0 395.8 0 0 0 0 0 449.4 0 0 0 0 0 0 0 0 0 0 0 0 0 0 0 0 0 0 0 0 0 0 0 0 0 0 0 0 0 0 0 0 402.3 277.8 0 0 0 0 0 0 143.2 0 0 0 0 0 0
0 37 59 5 39 7 2
0 0 7886.6 0 0 464.0 0 303.5 0 0 0 0 0 0 0 0 0 0 0 0 0 0 0 0 0 0 0 0 0 0 0 0 0 0 0 0 0 195.7 0 441.8 0 0 0 0 0 0 0 0 0 0 0 0 0 0 0 0 0 0 0 553.9
0 14 17 34 30 21 44
0 0 0 0 0 0 0 0 0 0 0 0 0 0 478.9 0 0 416.2 0 0 0 162.5 0 0 0 0 0 0 0 0 840.4 0 0 0 741.3 0 0 0 0 0 0 0 0 0 943.8 0 0 0 0 0 0 0 0 0 0 0 0 0 0 0
0 47 28 57 23 13 15 10
0 0.0 0.0 0.0 0.0 0.0 0.0 0.0 0.0 0.0 424.0 0.0 0.0 328.5 0.0 1971.9 0.0 0.0 0.0 0.0 0.0 0.0 0.0 277.4 0.0 0.0 0.0 0.0 1133.5 0.0 0.0 0.0 0.0 0.0 0.0 0.0 0.0 0.0 0.0 0.0 0.0 0.0 0.0 0.0 0.0 0.0 0.0 410.8 0.0 0.0 0.0 0.0 0.0 0.0 0.0 0.0 0.0 369.4 0.0 0.0
0 42 43 4 26 56 50 9 25 27
0 0 0 0 1308.4 0 0 0 0 887.8 0 0 0 0 0 0 0 0 0 0 0 0 0 0 0 183.0 179.1 1036.8 0 0 0 0 0 0 0 0 0 0 0 0 0 0 774.7 264.7 0 0 0 0 0 0 949.9 0 0 0 0 0 542.8 0 0 0
0 29 49 8 52 48 31 11 41
0 0 0 0 0 0 0 0 337.9 0 0 130.1 0 0 0 0 0 0 0 0 0 0 0 0 0 0 0 0 0 301.2 0 374.4 0 0 0 0 0 0 0 0 0 1199.0 0 0 0 0 0 0 939.0 814.9 0 0 428.9 0 0 0 0 0 0 0
0 36 33 24 35 20 51
0 0.0 0.0 0.0 0.0 0.0 0.0 0.0 0.0 0.0 0.0 0.0 0.0 0.0 0.0 0.0 0.0 0.0 0.0 0.0 381.3 0.0 0.0 0.0 465.2 0.0 0.0 0.0 0.0 0.0 0.0 0.0 0.0 1516.6 0.0 944.8 470.1 0.0 0.0 0.0 0.0 0.0 0.0 0.0 0.0 0.0 0.0 0.0 0.0 0.0 0.0 638.5 0.0 0.0 0.0 0.0 0.0 0.0 0.0 0.0
0 55 16 38 58 18 19 22 32 40 54
0 0 0 0 0 0 0 0 0 0 0 0 0 0 0 0 211.2 0 473.6 276.6 0 0 572.7 0 0 0 0 0 0 0 0 0 430.3 0 0 0 0 0 1134.5 0 473.6 0 0 0 0 0 0 0 0 0 0 0 0 0 353.7 458.6 0 0 566.1 0
