**********2022-05-23 10:00:15**********
163204.919 163216.248 0.007 39.561 39.561 
0 1
0 8250.0 0 0 0 0 0 0 0 0 0 0 0 0 0
0 2 3 5 9
0 0 4280.1 1255.5 0 1208.8 0 0 0 1505.6 0 0 0 0 0
0 10 14 8 4 11 13 12 6 7
0 0 0 0 506.7 0 983.8 570.4 666.3 0 515.3 1934.1 522.9 1908.5 641.9
**********2024-01-27 23:28:17**********
163204.919 163225.003 0.012 122.873 122.875 
0 1
0 8250.0 0 0 0 0 0 0 0 0 0 0 0 0 0
0 9 2 11 4
0 0 4292.7 0 508.1 0 0 0 0 1510.0 0 1939.3 0 0 0
0 6 5 12 7 14 10 3 8 13
0 0 0 1252.2 0 1205.5 981.0 568.8 664.4 0 513.8 0 521.4 1902.9 640.1
**********2024-01-27 23:29:15**********
163204.919 163225.003 0.012 122.873 181.225 
0 1
0 8250.0 0 0 0 0 0 0 0 0 0 0 0 0 0
0 9 2 11 4
0 0 4292.7 0 508.1 0 0 0 0 1510.0 0 1939.3 0 0 0
0 6 5 12 7 14 10 3 8 13
0 0 0 1252.2 0 1205.5 981.0 568.8 664.4 0 513.8 0 521.4 1902.9 640.1
**********2024-01-27 23:30:02**********
163204.92 163222.608 0.011 228.863 228.863 
0 12 14 5 13 9 7 11
0 0 0 0 0 1202.8 0 567.5 0 1498.1 0 1924.1 520.2 1898.6 638.6
0 1
0 8250.0 0 0 0 0 0 0 0 0 0 0 0 0 0
0 8 3 6 10 4 2
0 0 4302.5 1262.1 509.2 0 988.7 0 669.6 0 517.9 0 0 0 0
**********2024-01-27 23:30:55**********
163204.92 163222.608 0.011 228.863 281.73 
0 12 14 5 13 9 7 11
0 0 0 0 0 1202.8 0 567.5 0 1498.1 0 1924.1 520.2 1898.6 638.6
0 1
0 8250.0 0 0 0 0 0 0 0 0 0 0 0 0 0
0 8 3 6 10 4 2
0 0 4302.5 1262.1 509.2 0 988.7 0 669.6 0 517.9 0 0 0 0
**********2024-01-27 23:31:55**********
163204.92 163222.608 0.011 228.863 341.014 
0 12 14 5 13 9 7 11
0 0 0 0 0 1202.8 0 567.5 0 1498.1 0 1924.1 520.2 1898.6 638.6
0 1
0 8250.0 0 0 0 0 0 0 0 0 0 0 0 0 0
0 8 3 6 10 4 2
0 0 4302.5 1262.1 509.2 0 988.7 0 669.6 0 517.9 0 0 0 0
**********2024-01-28 00:02:53**********
163204.953 163222.608 0.011 228.863 2199.258 
0 12 14 5 13 9 7 11
0 0 0 0 0 1202.8 0 567.5 0 1498.1 0 1924.1 520.2 1898.6 638.6
0 1
0 8250.0 0 0 0 0 0 0 0 0 0 0 0 0 0
0 8 3 6 10 4 2
0 0 4302.5 1262.1 509.2 0 988.7 0 669.6 0 517.9 0 0 0 0
**********2024-01-28 00:03:09**********
163204.953 163216.007 0.007 2214.978 2214.978 
0 1
0 8250.0 0.0 0.0 -0.0 0.0 0.0 0.0 0.0 0.0 0.0 0.0 0.0 0.0 0.0
0 14 7 5 6 12 2
0 0.0 4302.3 0.0 0.0 1215.1 988.7 573.3 0.0 0.0 0.0 0.0 525.5 0.0 645.1
0 3 13 10 4 9 8 11
0 0.0 0.0 1249.4 504.1 0.0 0.0 0.0 662.9 1498.2 512.6 1924.1 0.0 1898.7 0.0
