145085.89 145080.307 0.004 505.991 505.991 
145087.421 145080.3 0.005 319.943 319.944 
145080.309 145088.041 0.005 430.992 430.993 
0 1
0 11924.0 0 0 0 0 0 0 0 0 0 0 0 0 0 0 0 0 0 0 0 0 0 0 0 0 0 0 0 0
0 2 6 4 9 5
0 0 8656.5671413347 0 464.4470769525 1152.4796302472 480.4254245807 0 0 638.9399131117 0 0 0 0 0 0 0 0 0 0 0 0 0 0 0 0 0 0 0 0
0 13 18 22 27 19 7 11 24 25
0 0 0 0 0 0 0 2152.6861660538 0 0 0 1457.7930139065 0 1198.0925504004 0 0 0 0 479.0422860861 1194.339727928 0 0 2193.0251824668 0 398.0577780067 1057.6835669693 0 756.3524071994 0 0
0 15 28 3 26 20
0 0 0 2741.9098308212 0 0 0 0 0 0 0 0 0 0 0 1462.7002225193 0 0 0 0 933.1190023239 0 0 0 0 0 1554.7209181962 0 1208.822584276 0
0 17 12 21 29 14 16 10 8 23
0 0 0 0 0 0 0 0 798.5840676419 0 1355.7326796633 0 1833.5889141612 0 436.7760248065 0 2727.6206376381 1469.3417623448 0 0 0 1856.1147051622 0 960.3949924379 0 0 0 0 0 445.8184724796
