**********2022-05-30 23:25:10**********
144145.348 144161.003 0.011 1802.925 1802.925 
0 1
0 16284.0 0 0 0 0 0 0 0 0 0 0 0 0 0 0 0 0 0 0 0 0 0 0 0 0 0 0 0 0 0 0 0 0 0 0 0 0 0 0 0 0 0 0 0 0 0 0 0 0 0 0 0 0 0 0 0 0 0 0
0 47 6 29 34 56 8 37 26 25
0 0 0 0 0 0 370.9 0 359.9 0 0 0 0 0 0 0 0 0 0 0 0 0 0 0 0 202.9 187.5 0 0 283.7 0 0 0 0 811.3 0 0 190.9 0 0 0 0 0 0 0 0 0 403.9 0 0 0 0 0 0 0 0 448.5 0 0 0
0 54 32 15 16 45 17 39
0 0 0 0 0 0 0 0 0 0 0 0 0 0 0 1815.8 210.0 435.1 0 0 0 0 0 0 0 0 0 0 0 0 0 0 428.5 0 0 0 0 0 0 444.7 0 0 0 0 0 381.6 0 0 0 0 0 0 0 0 376.3 0 0 0 0 0
0 5 53 59 57 42 9 20
0 0 0 0 0 450.5 0 0 0 957.0 0 0 0 0 0 0 0 0 0 0 399.7 0 0 0 0 0 0 0 0 0 0 0 0 0 0 0 0 0 0 0 0 0 737.0 0 0 0 0 0 0 0 0 0 0 142.2 0 0 0 377.9 0 530.4
0 41 55 13 28 7 27 3 21
0 0 0 1426.7 0 0 0 295.1 0 0 0 0 0 337.2 0 0 0 0 0 0 0 160.6 0 0 0 0 0 951.8 1129.6 0 0 0 0 0 0 0 0 0 0 0 0 1160.1 0 0 0 0 0 0 0 0 0 0 0 0 0 485.2 0 0 0 0
0 49 30 36 10 2 48
0 0.0 8427.1 0.0 0.0 0.0 0.0 0.0 0.0 0.0 423.8 0.0 0.0 0.0 0.0 0.0 0.0 0.0 0.0 0.0 0.0 0.0 0.0 0.0 0.0 0.0 0.0 0.0 0.0 0.0 1014.5 0.0 0.0 0.0 0.0 0.0 460.5 0.0 0.0 0.0 0.0 0.0 0.0 0.0 0.0 0.0 0.0 0.0 909.8 817.4 0.0 0.0 0.0 0.0 0.0 0.0 0.0 0.0 0.0 0.0
0 22 51 24 43 38
0 0 0 0 0 0 0 0 0 0 0 0 0 0 0 0 0 0 0 0 0 0 542.0 0 414.7 0 0 0 0 0 0 0 0 0 0 0 0 0 1203.4 0 0 0 0 258.6 0 0 0 0 0 0 0 665.2 0 0 0 0 0 0 0 0
0 58 11 50 40 46 14 18
0 0 0 0 0 0 0 0 0 0 0 124.6 0 0 501.3 0 0 0 450.4 0 0 0 0 0 0 0 0 0 0 0 0 0 0 0 0 0 0 0 0 0 479.2 0 0 0 0 0 282.8 0 0 0 1090.5 0 0 0 0 0 0 0 569.9 0
0 23 52 19 12 4 33 44 31 35
0 0 0 0 1295.6 0 0 0 0 0 0 0 450.4 0 0 0 0 0 0 273.9 0 0 0 286.8 0 0 0 0 0 0 0 378.6 0 1460.7 0 874.3 0 0 0 0 0 0 0 0 1003.1 0 0 0 0 0 0 0 422.9 0 0 0 0 0 0 0
**********2022-05-30 23:46:54**********
144145.348 144158.886 0.009 3106.949 3106.949 
0 1
0 16284.0 0 0 0 0 0 0 0 0 0 0 0 0 0 0 0 0 0 0 0 0 0 0 0 0 0 0 0 0 0 0 0 0 0 0 0 0 0 0 0 0 0 0 0 0 0 0 0 0 0 0 0 0 0 0 0 0 0 0
0 38 39 3 12 21 40 32
0 0 0 1426.7 0 0 0 0 0 0 0 0 450.4 0 0 0 0 0 0 0 0 160.6 0 0 0 0 0 0 0 0 0 0 428.5 0 0 0 0 0 1203.4 444.7 479.2 0 0 0 0 0 0 0 0 0 0 0 0 0 0 0 0 0 0 0
0 13 55 30 17 6 5
0 0 0 0 0 450.5 370.9 0 0 0 0 0 0 337.2 0 0 0 435.1 0 0 0 0 0 0 0 0 0 0 0 0 1014.5 0 0 0 0 0 0 0 0 0 0 0 0 0 0 0 0 0 0 0 0 0 0 0 0 485.2 0 0 0 0
0 52 58 33 7 43 10
0 0 0 0 0 0 0 295.1 0 0 423.8 0 0 0 0 0 0 0 0 0 0 0 0 0 0 0 0 0 0 0 0 0 0 1460.7 0 0 0 0 0 0 0 0 0 258.6 0 0 0 0 0 0 0 0 422.9 0 0 0 0 0 569.9 0
0 47 23 24 11 53 4 51 42 14
0 0 0 0 1295.6 0 0 0 0 0 0 124.6 0 0 501.3 0 0 0 0 0 0 0 0 286.8 414.7 0 0 0 0 0 0 0 0 0 0 0 0 0 0 0 0 0 737.0 0 0 0 0 403.9 0 0 0 665.2 0 142.2 0 0 0 0 0 0
0 41 20 34 46 44 26 54 9
0 0 0 0 0 0 0 0 0 957.0 0 0 0 0 0 0 0 0 0 0 399.7 0 0 0 0 0 187.5 0 0 0 0 0 0 0 811.3 0 0 0 0 0 0 1160.1 0 0 1003.1 0 282.8 0 0 0 0 0 0 0 376.3 0 0 0 0 0
0 28 16 57 56 29 59 37
0 0 0 0 0 0 0 0 0 0 0 0 0 0 0 0 210.0 0 0 0 0 0 0 0 0 0 0 0 1129.6 283.7 0 0 0 0 0 0 0 190.9 0 0 0 0 0 0 0 0 0 0 0 0 0 0 0 0 0 0 448.5 377.9 0 530.4
0 45 18 15 36 8 31 35
0 0 0 0 0 0 0 0 359.9 0 0 0 0 0 0 1815.8 0 0 450.4 0 0 0 0 0 0 0 0 0 0 0 0 378.6 0 0 0 874.3 460.5 0 0 0 0 0 0 0 0 381.6 0 0 0 0 0 0 0 0 0 0 0 0 0 0
0 48 49 22 2 27 25 19 50
0 0 8427.1 0 0 0 0 0 0 0 0 0 0 0 0 0 0 0 0 273.9 0 0 542.0 0 0 202.9 0 951.8 0 0 0 0 0 0 0 0 0 0 0 0 0 0 0 0 0 0 0 0 909.8 817.4 1090.5 0 0 0 0 0 0 0 0 0
