173358.888 173378.996 0.012 7308.636 7308.639 
0 1
0 2826.0 0 0 0 0 0 0 0 0 0 0 0 0 0 0 0 0 0 0 0 0 0 0 0 0 0 0 0 0 0 0 0 0 0 0 0 0 0 0 0 0 0 0 0 0 0 0 0 0 0 0 0 0 0 0 0 0 0 0
0 56 47 24 58 51 11 15
0 0 0 0 0 0 0 0 0 0 0 78.1621053334 0 0 0 1196.5910324919 0 0 0 0 0 0 0 0 238.7668226014 0 0 0 0 0 0 0 0 0 0 0 0 0 0 0 0 0 0 0 0 0 0 269.042028524 0 0 0 417.0247531885 0 0 0 0 299.7714329085 0 326.6418249522 0
0 52 8 26 7 57 36 38 22 21 42
0 0 0 0 0 0 0 171.2292424807 193.9153205809 0 0 0 0 0 0 0 0 0 0 0 0 99.5694072075 344.0548551334 0 0 0 110.8741901575 0 0 0 0 0 0 0 0 0 267.8282666959 0 700.0476665825 0 0 0 461.8103829164 0 0 0 0 0 0 0 0 0 244.4839879124 0 0 0 0 232.1866803327 0 0
0 6 27 33 37 54 39 4
0 0 0 0 628.0039950888 0 244.9079295656 0 0 0 0 0 0 0 0 0 0 0 0 0 0 0 0 0 0 0 0 610.8147750405 0 0 0 0 0 739.9010498736 0 0 0 108.0781809086 0 284.8151198125 0 0 0 0 0 0 0 0 0 0 0 0 0 0 209.4789497104 0 0 0 0 0
0 2
0 0 2826.0 0 0 0 0 0 0 0 0 0 0 0 0 0 0 0 0 0 0 0 0 0 0 0 0 0 0 0 0 0 0 0 0 0 0 0 0 0 0 0 0 0 0 0 0 0 0 0 0 0 0 0 0 0 0 0 0 0
0 20 9 5 31 46 43 45 16 3
0 0 0 885.6204953121 0 288.139846798 0 0 0 531.1855943901 0 0 0 0 0 0 125.7124297455 0 0 0 212.143694425 0 0 0 0 0 0 0 0 0 0 231.6291442896 0 0 0 0 0 0 0 0 0 0 0 160.5594993225 0 217.9383487113 173.0709470058 0 0 0 0 0 0 0 0 0 0 0 0 0
0 10 55 35 18 17 44 34
0 0 0 0 0 0 0 0 0 0 243.9453126936 0 0 0 0 0 0 243.5595782812 292.7896362371 0 0 0 0 0 0 0 0 0 0 0 0 0 0 0 547.8068890855 626.2672608972 0 0 0 0 0 0 0 0 615.0748020042 0 0 0 0 0 0 0 0 0 0 256.5565208011 0 0 0 0
0 49 30 41 32 59 48 53
0 0 0 0 0 0 0 0 0 0 0 0 0 0 0 0 0 0 0 0 0 0 0 0 0 0 0 0 0 0 533.4765741901 0 250.9269346268 0 0 0 0 0 0 0 0 690.7377067282 0 0 0 0 0 0 509.1937852254 467.4471986491 0 0 0 79.3928450559 0 0 0 0 0 294.8249555246
0 13 25 14 12 29 50 19 23 40 28
0 0 0 0 0 0 0 0 0 0 0 0 242.4783732075 196.1060557359 270.4994742765 0 0 0 0 176.2267999959 0 0 0 182.1393257348 0 106.868911293 0 0 633.0892381926 174.1664069095 0 0 0 0 0 0 0 0 0 0 266.7169318724 0 0 0 0 0 0 0 0 0 577.7084827819 0 0 0 0 0 0 0 0 0
173358.718 173378.996 0.012 7308.636 42648.632 
0 1
0 2826.0 0 0 0 0 0 0 0 0 0 0 0 0 0 0 0 0 0 0 0 0 0 0 0 0 0 0 0 0 0 0 0 0 0 0 0 0 0 0 0 0 0 0 0 0 0 0 0 0 0 0 0 0 0 0 0 0 0 0
0 56 47 24 58 51 11 15
0 0 0 0 0 0 0 0 0 0 0 78.1621053334 0 0 0 1196.5910324919 0 0 0 0 0 0 0 0 238.7668226014 0 0 0 0 0 0 0 0 0 0 0 0 0 0 0 0 0 0 0 0 0 0 269.042028524 0 0 0 417.0247531885 0 0 0 0 299.7714329085 0 326.6418249522 0
0 52 8 26 7 57 36 38 22 21 42
0 0 0 0 0 0 0 171.2292424807 193.9153205809 0 0 0 0 0 0 0 0 0 0 0 0 99.5694072075 344.0548551334 0 0 0 110.8741901575 0 0 0 0 0 0 0 0 0 267.8282666959 0 700.0476665825 0 0 0 461.8103829164 0 0 0 0 0 0 0 0 0 244.4839879124 0 0 0 0 232.1866803327 0 0
0 6 27 33 37 54 39 4
0 0 0 0 628.0039950888 0 244.9079295656 0 0 0 0 0 0 0 0 0 0 0 0 0 0 0 0 0 0 0 0 610.8147750405 0 0 0 0 0 739.9010498736 0 0 0 108.0781809086 0 284.8151198125 0 0 0 0 0 0 0 0 0 0 0 0 0 0 209.4789497104 0 0 0 0 0
0 2
0 0 2826.0 0 0 0 0 0 0 0 0 0 0 0 0 0 0 0 0 0 0 0 0 0 0 0 0 0 0 0 0 0 0 0 0 0 0 0 0 0 0 0 0 0 0 0 0 0 0 0 0 0 0 0 0 0 0 0 0 0
0 20 9 5 31 46 43 45 16 3
0 0 0 885.6204953121 0 288.139846798 0 0 0 531.1855943901 0 0 0 0 0 0 125.7124297455 0 0 0 212.143694425 0 0 0 0 0 0 0 0 0 0 231.6291442896 0 0 0 0 0 0 0 0 0 0 0 160.5594993225 0 217.9383487113 173.0709470058 0 0 0 0 0 0 0 0 0 0 0 0 0
0 10 55 35 18 17 44 34
0 0 0 0 0 0 0 0 0 0 243.9453126936 0 0 0 0 0 0 243.5595782812 292.7896362371 0 0 0 0 0 0 0 0 0 0 0 0 0 0 0 547.8068890855 626.2672608972 0 0 0 0 0 0 0 0 615.0748020042 0 0 0 0 0 0 0 0 0 0 256.5565208011 0 0 0 0
0 49 30 41 32 59 48 53
0 0 0 0 0 0 0 0 0 0 0 0 0 0 0 0 0 0 0 0 0 0 0 0 0 0 0 0 0 0 533.4765741901 0 250.9269346268 0 0 0 0 0 0 0 0 690.7377067282 0 0 0 0 0 0 509.1937852254 467.4471986491 0 0 0 79.3928450559 0 0 0 0 0 294.8249555246
0 13 25 14 12 29 50 19 23 40 28
0 0 0 0 0 0 0 0 0 0 0 0 242.4783732075 196.1060557359 270.4994742765 0 0 0 0 176.2267999959 0 0 0 182.1393257348 0 106.868911293 0 0 633.0892381926 174.1664069095 0 0 0 0 0 0 0 0 0 0 266.7169318724 0 0 0 0 0 0 0 0 0 577.7084827819 0 0 0 0 0 0 0 0 0
**********2022-05-20 21:21:08**********
173357.032 173388.397 0.018 11678.358 11678.361 
0 1
0 2826.0 0 0 0 0 0 0 0 0 0 0 0 0 0 0 0 0 0 0 0 0 0 0 0 0 0 0 0 0 0 0 0 0 0 0 0 0 0 0 0 0 0 0 0 0 0 0 0 0 0 0 0 0 0 0 0 0 0 0
0 52 7 23 44 53 19 12 10 54 18 58
0 0 0 0 0 0 0 173.4 0 0 247.3 0 247.6 0 0 0 0 0 296.8 180.0 0 0 0 186.0 0 0 0 0 0 0 0 0 0 0 0 0 0 0 0 0 0 0 0 0 623.5 0 0 0 0 0 0 0 247.5 81.2 209.7 0 0 0 333.1 0
0 57 16 24 43 56 32 15 6
0 0 0 0 0 0 248.0 0 0 0 0 0 0 0 0 1234.4 127.7 0 0 0 0 0 0 0 246.3 0 0 0 0 0 0 0 259.5 0 0 0 0 0 0 0 0 0 0 163.1 0 0 0 0 0 0 0 0 0 0 0 0 309.2 237.8 0 0
0 2
0 0 2826.0 0 0 0 0 0 0 0 0 0 0 0 0 0 0 0 0 0 0 0 0 0 0 0 0 0 0 0 0 0 0 0 0 0 0 0 0 0 0 0 0 0 0 0 0 0 0 0 0 0 0 0 0 0 0 0 0 0
0 35 29 20 9 40 34 45 14
0 0 0 0 0 0 0 0 0 523.1 0 0 0 0 270.9 0 0 0 0 0 208.9 0 0 0 0 0 0 0 0 174.4 0 0 0 0 544.5 622.5 0 0 0 0 267.1 0 0 0 0 214.6 0 0 0 0 0 0 0 0 0 0 0 0 0 0
0 46 25 47 30 13 51 48 4
0 0 0 0 617.4 0 0 0 0 0 0 0 0 196.7 0 0 0 0 0 0 0 0 0 0 0 107.2 0 0 0 0 535.6 0 0 0 0 0 0 0 0 0 0 0 0 0 0 0 170.7 269.5 511.2 0 0 417.7 0 0 0 0 0 0 0 0
0 21 3 22 17 42 39 5 55
0 0 0 870.5 0 283.2 0 0 0 0 0 0 0 0 0 0 0 241.6 0 0 0 98.7 340.9 0 0 0 0 0 0 0 0 0 0 0 0 0 0 0 0 279.0 0 0 457.6 0 0 0 0 0 0 0 0 0 0 0 0 254.5 0 0 0 0
0 11 41 31 28 33 49
0 0 0 0 0 0 0 0 0 0 0 78.1 0 0 0 0 0 0 0 0 0 0 0 0 0 0 0 0 633.7 0 0 228.0 0 725.9 0 0 0 0 0 0 0 692.0 0 0 0 0 0 0 0 468.3 0 0 0 0 0 0 0 0 0 0
0 59 37 50 38 36 26 27 8
0 0 0 0 0 0 0 0 191.3 0 0 0 0 0 0 0 0 0 0 0 0 0 0 0 0 0 109.4 596.0 0 0 0 0 0 0 0 0 264.3 105.4 690.8 0 0 0 0 0 0 0 0 0 0 0 575.0 0 0 0 0 0 0 0 0 293.7
**********2022-05-20 22:09:42**********
173356.951 173385.118 0.016 14591.799 14591.802 
0 12 23 5 4 49 47 24 8 56
0 0 0 0 623.5 287.0 0 0 194.7 0 0 0 245.6 0 0 0 0 0 0 0 0 0 0 184.5 241.5 0 0 0 0 0 0 0 0 0 0 0 0 0 0 0 0 0 0 0 0 0 0 272.1 0 473.9 0 0 0 0 0 0 303.2 0 0 0
0 21 27 41 7 15
0 0 0 0 0 0 0 174.2 0 0 0 0 0 0 0 1226.4 0 0 0 0 0 101.3 0 0 0 0 0 614.5 0 0 0 0 0 0 0 0 0 0 0 0 0 709.6 0 0 0 0 0 0 0 0 0 0 0 0 0 0 0 0 0 0
0 58 10 20 51 16 33 17 48
0 0 0 0 0 0 0 0 0 0 244.9 0 0 0 0 0 125.1 244.6 0 0 211.0 0 0 0 0 0 0 0 0 0 0 0 0 733.7 0 0 0 0 0 0 0 0 0 0 0 0 0 0 515.6 0 0 421.2 0 0 0 0 0 0 329.9 0
0 13 42 37 6 29 59 34 11 19 30
0 0 0 0 0 0 242.2 0 0 0 0 78.7 0 197.8 0 0 0 0 0 177.8 0 0 0 0 0 0 0 0 0 175.7 538.7 0 0 0 548.6 0 0 106.9 0 0 0 0 461.9 0 0 0 0 0 0 0 0 0 0 0 0 0 0 0 0 297.7
0 1
0 2826.0 0 0 0 0 0 0 0 0 0 0 0 0 0 0 0 0 0 0 0 0 0 0 0 0 0 0 0 0 0 0 0 0 0 0 0 0 0 0 0 0 0 0 0 0 0 0 0 0 0 0 0 0 0 0 0 0 0 0
0 50 57 46 32 25 55 45 38 22
0 0 0 0 0 0 0 0 0 0 0 0 0 0 0 0 0 0 0 0 0 0 339.4 0 0 106.3 0 0 0 0 0 0 249.9 0 0 0 0 0 690.5 0 0 0 0 0 0 213.3 169.4 0 0 0 574.8 0 0 0 0 253.4 0 229.0 0 0
0 14 9 35 26 43 39 40 44
0 0 0 0 0 0 0 0 0 520.1 0 0 0 0 269.3 0 0 0 0 0 0 0 0 0 0 0 109.4 0 0 0 0 0 0 0 0 618.8 0 0 0 277.9 265.5 0 0 157.2 607.8 0 0 0 0 0 0 0 0 0 0 0 0 0 0 0
0 2
0 0 2826.0 0 0 0 0 0 0 0 0 0 0 0 0 0 0 0 0 0 0 0 0 0 0 0 0 0 0 0 0 0 0 0 0 0 0 0 0 0 0 0 0 0 0 0 0 0 0 0 0 0 0 0 0 0 0 0 0 0
0 54 53 28 18 31 36 52 3
0 0 0 874.3 0 0 0 0 0 0 0 0 0 0 0 0 0 0 291.7 0 0 0 0 0 0 0 0 0 635.5 0 0 228.7 0 0 0 0 266.5 0 0 0 0 0 0 0 0 0 0 0 0 0 0 0 243.3 79.8 206.1 0 0 0 0 0
**********2024-02-12 01:33:32**********
173363.868 173386.97 0.013 1893.965 1893.98 1 1229.0 
0 1
0 2826.0 0 0 0 0 0 0 0 0 0 0 0 0 0 0 0 0 0 0 0 0 0 0 0 0 0 0 0 0 0 0 0 0 0 0 0 0 0 0 0 0 0 0 0 0 0 0 0 0 0 0 0 0 0 0 0 0 0 0
0 2
0 0 2826.0 0 0 0 0 0 0 0 0 0 0 0 0 0 0 0 0 0 0 0 0 0 0 0 0 0 0 0 0 0 0 0 0 0 0 0 0 0 0 0 0 0 0 0 0 0 0 0 0 0 0 0 0 0 0 0 0 0
0 44 33 55 58 23 47 18 29
0 0 0 0 0 0 0 0 0 0 0 0 0 0 0 0 0 0 290.0 0 0 0 0 181.7 0 0 0 0 0 173.8 0 0 0 723.7 0 0 0 0 0 0 0 0 0 0 609.2 0 0 268.1 0 0 0 0 0 0 0 254.1 0 0 325.5 0
0 4 7 14 38 46 3
0 0 0 881.9 623.3 0 0 171.9 0 0 0 0 0 0 273.9 0 0 0 0 0 0 0 0 0 0 0 0 0 0 0 0 0 0 0 0 0 0 0 702.7 0 0 0 0 0 0 0 172.3 0 0 0 0 0 0 0 0 0 0 0 0 0
0 59 50 40 36 10 15
0 0 0 0 0 0 0 0 0 0 240.8 0 0 0 0 1188.1 0 0 0 0 0 0 0 0 0 0 0 0 0 0 0 0 0 0 0 0 264.0 0 0 0 265.2 0 0 0 0 0 0 0 0 0 574.5 0 0 0 0 0 0 0 0 293.4
0 21 6 45 24 12 20 27 31 41
0 0 0 0 0 0 245.8 0 0 0 0 0 248.2 0 0 0 0 0 0 0 213.6 101.0 0 0 244.1 0 0 612.9 0 0 0 233.2 0 0 0 0 0 0 0 0 0 707.8 0 0 0 219.4 0 0 0 0 0 0 0 0 0 0 0 0 0 0
0 9 22 42 35 5 30
0 0 0 0 0 290.1 0 0 0 534.8 0 0 0 0 0 0 0 0 0 0 0 0 349.2 0 0 0 0 0 0 0 546.7 0 0 0 0 636.4 0 0 0 0 0 0 468.7 0 0 0 0 0 0 0 0 0 0 0 0 0 0 0 0 0
0 43 49 34 51 32 8 19 56 54 25
0 0 0 0 0 0 0 0 192.8 0 0 0 0 0 0 0 0 0 0 176.8 0 0 0 0 0 107.2 0 0 0 0 0 0 251.9 0 545.5 0 0 0 0 0 0 0 0 158.4 0 0 0 0 0 469.4 0 417.7 0 0 206.0 0 300.3 0 0 0
0 48 53 13 17 16 57 52 39 26 11 37 28
0 0 0 0 0 0 0 0 0 0 0 78.0 0 195.9 0 0 123.5 241.5 0 0 0 0 0 0 0 0 109.8 0 632.3 0 0 0 0 0 0 0 0 105.8 0 278.8 0 0 0 0 0 0 0 0 509.1 0 0 0 242.1 79.4 0 0 0 229.9 0 0
**********2024-02-12 03:12:18**********
173359.53 173385.342 0.015 7820.256 7820.256 3 1229.0 
0 1
0 2826.0 0 0 0 0 0 0 0 0 0 0 0 0 0 0 0 0 0 0 0 0 0 0 0 0 0 0 0 0 0 0 0 0 0 0 0 0 0 0 0 0 0 0 0 0 0 0 0 0 0 0 0 0 0 0 0 0 0 0
0 2
0 0 2826.0 0 0 0 0 0 0 0 0 0 0 0 0 0 0 0 0 0 0 0 0 0 0 0 0 0 0 0 0 0 0 0 0 0 0 0 0 0 0 0 0 0 0 0 0 0 0 0 0 0 0 0 0 0 0 0 0 0
0 28 23 45 15 24 20 25
0 0 0 0 0 0 0 0 0 0 0 0 0 0 0 1215.3 0 0 0 0 212.2 0 0 185.3 242.5 108.7 0 0 644.0 0 0 0 0 0 0 0 0 0 0 0 0 0 0 0 0 218.0 0 0 0 0 0 0 0 0 0 0 0 0 0 0
0 37 50 51 29 44 36 56 46 43
0 0 0 0 0 0 0 0 0 0 0 0 0 0 0 0 0 0 0 0 0 0 0 0 0 0 0 0 0 177.2 0 0 0 0 0 0 270.1 107.8 0 0 0 0 0 160.6 621.1 0 173.2 0 0 0 587.8 423.7 0 0 0 0 304.5 0 0 0
0 49 41 47 34 3
0 0 0 865.9 0 0 0 0 0 0 0 0 0 0 0 0 0 0 0 0 0 0 0 0 0 0 0 0 0 0 0 0 0 0 540.6 0 0 0 0 0 0 687.3 0 0 0 0 0 267.1 0 465.1 0 0 0 0 0 0 0 0 0 0
0 55 14 57 59 27 8 39 21 58 32
0 0 0 0 0 0 0 0 194.3 0 0 0 0 0 273.3 0 0 0 0 0 0 99.7 0 0 0 0 0 605.0 0 0 0 0 253.8 0 0 0 0 0 0 282.1 0 0 0 0 0 0 0 0 0 0 0 0 0 0 0 257.3 0 232.6 329.6 298.2
0 33 19 5 48 40 17 22 31
0 0 0 0 0 288.9 0 0 0 0 0 0 0 0 0 0 0 246.5 0 179.7 0 0 347.7 0 0 0 0 0 0 0 0 232.2 0 739.4 0 0 0 0 0 0 271.9 0 0 0 0 0 0 0 519.6 0 0 0 0 0 0 0 0 0 0 0
0 9 35 12 30 53 10 26 13 18
0 0 0 0 0 0 0 0 0 520.1 241.1 0 241.4 195.2 0 0 0 0 289.3 0 0 0 0 0 0 0 109.4 0 0 0 531.6 0 0 0 0 618.8 0 0 0 0 0 0 0 0 0 0 0 0 0 0 0 0 0 79.1 0 0 0 0 0 0
0 7 54 11 52 42 16 6 38 4
0 0 0 0 615.5 0 240.0 169.7 0 0 0 78.0 0 0 0 0 123.6 0 0 0 0 0 0 0 0 0 0 0 0 0 0 0 0 0 0 0 0 0 693.9 0 0 0 457.7 0 0 0 0 0 0 0 0 0 242.3 0 205.3 0 0 0 0 0
**********2024-02-12 04:11:14**********
173359.53 173385.342 0.015 7820.256 11356.11 5 2175.667 
0 1
0 2826.0 0 0 0 0 0 0 0 0 0 0 0 0 0 0 0 0 0 0 0 0 0 0 0 0 0 0 0 0 0 0 0 0 0 0 0 0 0 0 0 0 0 0 0 0 0 0 0 0 0 0 0 0 0 0 0 0 0 0
0 2
0 0 2826.0 0 0 0 0 0 0 0 0 0 0 0 0 0 0 0 0 0 0 0 0 0 0 0 0 0 0 0 0 0 0 0 0 0 0 0 0 0 0 0 0 0 0 0 0 0 0 0 0 0 0 0 0 0 0 0 0 0
0 28 23 45 15 24 20 25
0 0 0 0 0 0 0 0 0 0 0 0 0 0 0 1215.3 0 0 0 0 212.2 0 0 185.3 242.5 108.7 0 0 644.0 0 0 0 0 0 0 0 0 0 0 0 0 0 0 0 0 218.0 0 0 0 0 0 0 0 0 0 0 0 0 0 0
0 37 50 51 29 44 36 56 46 43
0 0 0 0 0 0 0 0 0 0 0 0 0 0 0 0 0 0 0 0 0 0 0 0 0 0 0 0 0 177.2 0 0 0 0 0 0 270.1 107.8 0 0 0 0 0 160.6 621.1 0 173.2 0 0 0 587.8 423.7 0 0 0 0 304.5 0 0 0
0 49 41 47 34 3
0 0 0 865.9 0 0 0 0 0 0 0 0 0 0 0 0 0 0 0 0 0 0 0 0 0 0 0 0 0 0 0 0 0 0 540.6 0 0 0 0 0 0 687.3 0 0 0 0 0 267.1 0 465.1 0 0 0 0 0 0 0 0 0 0
0 55 14 57 59 27 8 39 21 58 32
0 0 0 0 0 0 0 0 194.3 0 0 0 0 0 273.3 0 0 0 0 0 0 99.7 0 0 0 0 0 605.0 0 0 0 0 253.8 0 0 0 0 0 0 282.1 0 0 0 0 0 0 0 0 0 0 0 0 0 0 0 257.3 0 232.6 329.6 298.2
0 33 19 5 48 40 17 22 31
0 0 0 0 0 288.9 0 0 0 0 0 0 0 0 0 0 0 246.5 0 179.7 0 0 347.7 0 0 0 0 0 0 0 0 232.2 0 739.4 0 0 0 0 0 0 271.9 0 0 0 0 0 0 0 519.6 0 0 0 0 0 0 0 0 0 0 0
0 9 35 12 30 53 10 26 13 18
0 0 0 0 0 0 0 0 0 520.1 241.1 0 241.4 195.2 0 0 0 0 289.3 0 0 0 0 0 0 0 109.4 0 0 0 531.6 0 0 0 0 618.8 0 0 0 0 0 0 0 0 0 0 0 0 0 0 0 0 0 79.1 0 0 0 0 0 0
0 7 54 11 52 42 16 6 38 4
0 0 0 0 615.5 0 240.0 169.7 0 0 0 78.0 0 0 0 0 123.6 0 0 0 0 0 0 0 0 0 0 0 0 0 0 0 0 0 0 0 0 0 693.9 0 0 0 457.7 0 0 0 0 0 0 0 0 0 242.3 0 205.3 0 0 0 0 0
