**********2022-05-23 10:03:01**********
168459.101 168472.769 0.008 32.376 32.376 
0 13 5 12 7 4 11 9
0 0 0 0 507.7 1249.2 0 593.4 0 1660.2 0 1998.3 490.2 2008.9 0
0 1
0 8508.0 0 0 0 0 0 0 0 0 0 0 0 0 0
0 10 6 14 2 3 8
0 0 4398.9 1328.9 0 0 982.7 0 645.4 0 521.9 0 0 0 630.2
**********2024-01-16 22:41:15**********
168459.102 168546.84 0.052 48.777 48.777 
0 1
0 8508.0 0.0 0.0 0.0 0.0 0.0 0.0 0.0 0.0 0.0 0.0 0.0 0.0 0.0
0 11 13 12 8 3 14 6
0 0.0 0.0 1388.7 0.0 0.0 1027.0 0.0 674.5 0.0 0.0 2114.7 518.8 2125.9 658.6
0 2 9 7 4 5 10
0 0.0 4166.8 0.0 487.0 1198.3 0.0 569.2 0.0 1592.4 494.3 0.0 0.0 0.0 0.0
**********2024-01-16 22:42:15**********
168459.094 168481.201 0.013 109.096 109.096 
0 1
0 8508.0 0.0 0.0 0.0 0.0 0.0 0.0 0.0 0.0 0.0 0.0 0.0 0.0 0.0
0 11 10 9 13 12 5 8
0 0.0 0.0 0.0 0.0 1241.7 0.0 0.0 633.5 1650.1 512.3 1986.3 487.3 1996.8 0.0
0 7 4 2 14 6 3
0 0.0 4426.1 1337.1 517.3 0.0 988.8 604.6 0.0 0.0 0.0 0.0 0.0 0.0 634.1
**********2024-01-16 22:42:42**********
168459.094 168481.201 0.013 109.096 135.468 
0 1
0 8508.0 0.0 0.0 0.0 0.0 0.0 0.0 0.0 0.0 0.0 0.0 0.0 0.0 0.0
0 11 10 9 13 12 5 8
0 0.0 0.0 0.0 0.0 1241.7 0.0 0.0 633.5 1650.1 512.3 1986.3 487.3 1996.8 0.0
0 7 4 2 14 6 3
0 0.0 4426.1 1337.1 517.3 0.0 988.8 604.6 0.0 0.0 0.0 0.0 0.0 0.0 634.1
**********2024-01-16 22:43:05**********
168459.094 168481.201 0.013 109.096 158.844 
0 1
0 8508.0 0.0 0.0 0.0 0.0 0.0 0.0 0.0 0.0 0.0 0.0 0.0 0.0 0.0
0 11 10 9 13 12 5 8
0 0.0 0.0 0.0 0.0 1241.7 0.0 0.0 633.5 1650.1 512.3 1986.3 487.3 1996.8 0.0
0 7 4 2 14 6 3
0 0.0 4426.1 1337.1 517.3 0.0 988.8 604.6 0.0 0.0 0.0 0.0 0.0 0.0 634.1
**********2024-01-16 22:43:33**********
168459.094 168481.201 0.013 109.096 186.858 
0 1
0 8508.0 0.0 0.0 0.0 0.0 0.0 0.0 0.0 0.0 0.0 0.0 0.0 0.0 0.0
0 11 10 9 13 12 5 8
0 0.0 0.0 0.0 0.0 1241.7 0.0 0.0 633.5 1650.1 512.3 1986.3 487.3 1996.8 0.0
0 7 4 2 14 6 3
0 0.0 4426.1 1337.1 517.3 0.0 988.8 604.6 0.0 0.0 0.0 0.0 0.0 0.0 634.1
**********2024-01-16 22:44:11**********
168459.095 168481.201 0.013 109.096 224.579 
0 1
0 8508.0 0.0 0.0 0.0 0.0 0.0 0.0 0.0 0.0 0.0 0.0 0.0 0.0 0.0
0 11 10 9 13 12 5 8
0 0.0 0.0 0.0 0.0 1241.7 0.0 0.0 633.5 1650.1 512.3 1986.3 487.3 1996.8 0.0
0 7 4 2 14 6 3
0 0.0 4426.1 1337.1 517.3 0.0 988.8 604.6 0.0 0.0 0.0 0.0 0.0 0.0 634.1
**********2024-01-16 22:44:31**********
168459.1 168481.201 0.013 245.01 245.01 
0 1
0 8508.0 0.0 0.0 0.0 0.0 0.0 0.0 0.0 0.0 0.0 0.0 0.0 0.0 0.0
0 11 10 9 13 12 5 8
0 0.0 0.0 0.0 0.0 1241.7 0.0 0.0 633.5 1650.1 512.3 1986.3 487.3 1996.8 0.0
0 7 4 2 14 6 3
0 0.0 4426.1 1337.1 517.3 0.0 988.8 604.6 0.0 0.0 0.0 0.0 0.0 0.0 634.1
**********2024-01-16 22:45:08**********
168459.097 168481.201 0.013 245.01 281.65 
0 1
0 8508.0 0.0 0.0 0.0 0.0 0.0 0.0 0.0 0.0 0.0 0.0 0.0 0.0 0.0
0 11 10 9 13 12 5 8
0 0.0 0.0 0.0 0.0 1241.7 0.0 0.0 633.5 1650.1 512.3 1986.3 487.3 1996.8 0.0
0 7 4 2 14 6 3
0 0.0 4426.1 1337.1 517.3 0.0 988.8 604.6 0.0 0.0 0.0 0.0 0.0 0.0 634.1
**********2024-01-16 22:45:31**********
168459.097 168481.201 0.013 245.01 304.716 
0 1
0 8508.0 0.0 0.0 0.0 0.0 0.0 0.0 0.0 0.0 0.0 0.0 0.0 0.0 0.0
0 11 10 9 13 12 5 8
0 0.0 0.0 0.0 0.0 1241.7 0.0 0.0 633.5 1650.1 512.3 1986.3 487.3 1996.8 0.0
0 7 4 2 14 6 3
0 0.0 4426.1 1337.1 517.3 0.0 988.8 604.6 0.0 0.0 0.0 0.0 0.0 0.0 634.1
**********2024-02-20 00:51:33**********
168459.105 168700.348 0.143 43.137 43.137 
0 2 14 7 4 5
0 0.0 5051.3 0.0 590.3 1452.6 0.0 690.0 0.0 0.0 0.0 0.0 0.0 0.0 723.7
0 1
0 8508.0 0.0 0.0 0.0 0.0 0.0 0.0 0.0 0.0 0.0 0.0 0.0 0.0 0.0
0 9 10 6 3 11 13 12 8
0 0.0 0.0 1163.9 0.0 0.0 860.7 0.0 565.3 1472.4 457.1 1772.3 434.8 1781.7 0.0
**********2024-02-20 00:52:41**********
168459.099 168481.208 0.013 111.136 111.144 
0 1
0 8508.0 0.0 0.0 0.0 0.0 0.0 0.0 0.0 0.0 0.0 0.0 0.0 0.0 0.0
0 11 10 9 13 12 5 8
0 0.0 0.0 0.0 0.0 1241.7 0.0 0.0 633.5 1650.1 512.3 1986.3 487.3 1996.8 0.0
0 4 7 2 14 6 3
0 0.0 4426.1 1337.1 517.3 0.0 988.8 604.6 0.0 0.0 0.0 0.0 0.0 0.0 634.1
**********2024-02-20 00:53:53**********
168459.09 168481.208 0.013 111.136 183.54 
0 1
0 8508.0 0.0 0.0 0.0 0.0 0.0 0.0 0.0 0.0 0.0 0.0 0.0 0.0 0.0
0 11 10 9 13 12 5 8
0 0.0 0.0 0.0 0.0 1241.7 0.0 0.0 633.5 1650.1 512.3 1986.3 487.3 1996.8 0.0
0 4 7 2 14 6 3
0 0.0 4426.1 1337.1 517.3 0.0 988.8 604.6 0.0 0.0 0.0 0.0 0.0 0.0 634.1
**********2024-02-20 00:54:52**********
168459.09 168481.208 0.013 111.136 242.077 
0 1
0 8508.0 0.0 0.0 0.0 0.0 0.0 0.0 0.0 0.0 0.0 0.0 0.0 0.0 0.0
0 11 10 9 13 12 5 8
0 0.0 0.0 0.0 0.0 1241.7 0.0 0.0 633.5 1650.1 512.3 1986.3 487.3 1996.8 0.0
0 4 7 2 14 6 3
0 0.0 4426.1 1337.1 517.3 0.0 988.8 604.6 0.0 0.0 0.0 0.0 0.0 0.0 634.1
**********2024-02-20 00:55:22**********
168459.09 168481.208 0.013 111.136 272.288 
0 1
0 8508.0 0.0 0.0 0.0 0.0 0.0 0.0 0.0 0.0 0.0 0.0 0.0 0.0 0.0
0 11 10 9 13 12 5 8
0 0.0 0.0 0.0 0.0 1241.7 0.0 0.0 633.5 1650.1 512.3 1986.3 487.3 1996.8 0.0
0 4 7 2 14 6 3
0 0.0 4426.1 1337.1 517.3 0.0 988.8 604.6 0.0 0.0 0.0 0.0 0.0 0.0 634.1
**********2024-02-20 00:56:16**********
168459.09 168481.208 0.013 111.136 326.125 
0 1
0 8508.0 0.0 0.0 0.0 0.0 0.0 0.0 0.0 0.0 0.0 0.0 0.0 0.0 0.0
0 11 10 9 13 12 5 8
0 0.0 0.0 0.0 0.0 1241.7 0.0 0.0 633.5 1650.1 512.3 1986.3 487.3 1996.8 0.0
0 4 7 2 14 6 3
0 0.0 4426.1 1337.1 517.3 0.0 988.8 604.6 0.0 0.0 0.0 0.0 0.0 0.0 634.1
**********2024-02-20 00:56:56**********
168459.09 168478.675 0.012 366.336 366.336 
0 1
0 8508.0 0.0 0.0 0.0 0.0 0.0 0.0 0.0 0.0 0.0 0.0 0.0 0.0 0.0
0 11 4 12 5 13 10 6 14
0 0.0 0.0 0.0 516.5 1271.0 987.4 0.0 0.0 0.0 524.3 2033.1 498.8 2043.8 633.2
0 9 2 8 3 7
0 0.0 4324.1 1306.3 0.0 0.0 0.0 590.7 634.4 1652.5 0.0 0.0 0.0 0.0 0.0
**********2024-02-20 00:57:31**********
168459.09 168478.675 0.012 366.336 402.019 
0 1
0 8508.0 0.0 0.0 0.0 0.0 0.0 0.0 0.0 0.0 0.0 0.0 0.0 0.0 0.0
0 11 4 12 5 13 10 6 14
0 0.0 0.0 0.0 516.5 1271.0 987.4 0.0 0.0 0.0 524.3 2033.1 498.8 2043.8 633.2
0 9 2 8 3 7
0 0.0 4324.1 1306.3 0.0 0.0 0.0 590.7 634.4 1652.5 0.0 0.0 0.0 0.0 0.0
**********2024-02-20 00:59:00**********
168459.093 168478.675 0.012 366.336 490.943 
0 1
0 8508.0 0.0 0.0 0.0 0.0 0.0 0.0 0.0 0.0 0.0 0.0 0.0 0.0 0.0
0 11 4 12 5 13 10 6 14
0 0.0 0.0 0.0 516.5 1271.0 987.4 0.0 0.0 0.0 524.3 2033.1 498.8 2043.8 633.2
0 9 2 8 3 7
0 0.0 4324.1 1306.3 0.0 0.0 0.0 590.7 634.4 1652.5 0.0 0.0 0.0 0.0 0.0
**********2024-02-20 01:00:31**********
168459.093 168478.675 0.012 366.336 581.969 
0 1
0 8508.0 0.0 0.0 0.0 0.0 0.0 0.0 0.0 0.0 0.0 0.0 0.0 0.0 0.0
0 11 4 12 5 13 10 6 14
0 0.0 0.0 0.0 516.5 1271.0 987.4 0.0 0.0 0.0 524.3 2033.1 498.8 2043.8 633.2
0 9 2 8 3 7
0 0.0 4324.1 1306.3 0.0 0.0 0.0 590.7 634.4 1652.5 0.0 0.0 0.0 0.0 0.0
**********2024-02-20 01:01:15**********
168459.093 168478.675 0.012 366.336 625.551 
0 1
0 8508.0 0.0 0.0 0.0 0.0 0.0 0.0 0.0 0.0 0.0 0.0 0.0 0.0 0.0
0 11 4 12 5 13 10 6 14
0 0.0 0.0 0.0 516.5 1271.0 987.4 0.0 0.0 0.0 524.3 2033.1 498.8 2043.8 633.2
0 9 2 8 3 7
0 0.0 4324.1 1306.3 0.0 0.0 0.0 590.7 634.4 1652.5 0.0 0.0 0.0 0.0 0.0
**********2024-02-20 01:01:50**********
168459.093 168478.675 0.012 366.336 660.093 
0 1
0 8508.0 0.0 0.0 0.0 0.0 0.0 0.0 0.0 0.0 0.0 0.0 0.0 0.0 0.0
0 11 4 12 5 13 10 6 14
0 0.0 0.0 0.0 516.5 1271.0 987.4 0.0 0.0 0.0 524.3 2033.1 498.8 2043.8 633.2
0 9 2 8 3 7
0 0.0 4324.1 1306.3 0.0 0.0 0.0 590.7 634.4 1652.5 0.0 0.0 0.0 0.0 0.0
**********2024-02-20 01:02:13**********
168459.093 168478.675 0.012 366.336 683.808 
0 1
0 8508.0 0.0 0.0 0.0 0.0 0.0 0.0 0.0 0.0 0.0 0.0 0.0 0.0 0.0
0 11 4 12 5 13 10 6 14
0 0.0 0.0 0.0 516.5 1271.0 987.4 0.0 0.0 0.0 524.3 2033.1 498.8 2043.8 633.2
0 9 2 8 3 7
0 0.0 4324.1 1306.3 0.0 0.0 0.0 590.7 634.4 1652.5 0.0 0.0 0.0 0.0 0.0
**********2024-02-20 01:02:45**********
168459.093 168478.675 0.012 366.336 715.756 
0 1
0 8508.0 0.0 0.0 0.0 0.0 0.0 0.0 0.0 0.0 0.0 0.0 0.0 0.0 0.0
0 11 4 12 5 13 10 6 14
0 0.0 0.0 0.0 516.5 1271.0 987.4 0.0 0.0 0.0 524.3 2033.1 498.8 2043.8 633.2
0 9 2 8 3 7
0 0.0 4324.1 1306.3 0.0 0.0 0.0 590.7 634.4 1652.5 0.0 0.0 0.0 0.0 0.0
**********2024-02-20 01:03:33**********
168459.094 168478.675 0.012 366.336 763.891 
0 1
0 8508.0 0.0 0.0 0.0 0.0 0.0 0.0 0.0 0.0 0.0 0.0 0.0 0.0 0.0
0 11 4 12 5 13 10 6 14
0 0.0 0.0 0.0 516.5 1271.0 987.4 0.0 0.0 0.0 524.3 2033.1 498.8 2043.8 633.2
0 9 2 8 3 7
0 0.0 4324.1 1306.3 0.0 0.0 0.0 590.7 634.4 1652.5 0.0 0.0 0.0 0.0 0.0
**********2024-02-20 01:04:14**********
168459.096 168478.675 0.012 366.336 804.869 
0 1
0 8508.0 0.0 0.0 0.0 0.0 0.0 0.0 0.0 0.0 0.0 0.0 0.0 0.0 0.0
0 11 4 12 5 13 10 6 14
0 0.0 0.0 0.0 516.5 1271.0 987.4 0.0 0.0 0.0 524.3 2033.1 498.8 2043.8 633.2
0 9 2 8 3 7
0 0.0 4324.1 1306.3 0.0 0.0 0.0 590.7 634.4 1652.5 0.0 0.0 0.0 0.0 0.0
**********2024-02-20 01:05:16**********
168459.097 168478.675 0.012 366.336 866.502 
0 1
0 8508.0 0.0 0.0 0.0 0.0 0.0 0.0 0.0 0.0 0.0 0.0 0.0 0.0 0.0
0 11 4 12 5 13 10 6 14
0 0.0 0.0 0.0 516.5 1271.0 987.4 0.0 0.0 0.0 524.3 2033.1 498.8 2043.8 633.2
0 9 2 8 3 7
0 0.0 4324.1 1306.3 0.0 0.0 0.0 590.7 634.4 1652.5 0.0 0.0 0.0 0.0 0.0
**********2024-02-20 01:05:40**********
168459.097 168478.675 0.012 366.336 890.97 
0 1
0 8508.0 0.0 0.0 0.0 0.0 0.0 0.0 0.0 0.0 0.0 0.0 0.0 0.0 0.0
0 11 4 12 5 13 10 6 14
0 0.0 0.0 0.0 516.5 1271.0 987.4 0.0 0.0 0.0 524.3 2033.1 498.8 2043.8 633.2
0 9 2 8 3 7
0 0.0 4324.1 1306.3 0.0 0.0 0.0 590.7 634.4 1652.5 0.0 0.0 0.0 0.0 0.0
**********2024-02-20 01:06:05**********
168459.097 168478.675 0.012 366.336 916.003 
0 1
0 8508.0 0.0 0.0 0.0 0.0 0.0 0.0 0.0 0.0 0.0 0.0 0.0 0.0 0.0
0 11 4 12 5 13 10 6 14
0 0.0 0.0 0.0 516.5 1271.0 987.4 0.0 0.0 0.0 524.3 2033.1 498.8 2043.8 633.2
0 9 2 8 3 7
0 0.0 4324.1 1306.3 0.0 0.0 0.0 590.7 634.4 1652.5 0.0 0.0 0.0 0.0 0.0
**********2024-02-20 01:06:29**********
168459.097 168465.364 0.004 939.071 939.071 
0 1
0 8508.0 0.0 0.0 0.0 0.0 0.0 0.0 0.0 0.0 0.0 0.0 0.0 0.0 0.0
0 2 9 8 5 7
0 0.0 4356.2 0.0 0.0 1252.7 0.0 595.1 639.1 1664.8 0.0 0.0 0.0 0.0 0.0
0 3 10 14 6 11 13 12 4
0 0.0 0.0 1325.2 512.6 0.0 980.0 0.0 0.0 0.0 520.4 2017.9 495.0 2028.5 628.4
