161777.474 161783.849 0.004 1614.366 1614.367 
0 2
0 0 6987.0 0 0 0 0 0 0 0 0 0 0 0 0 0 0 0 0 0 0 0 0 0 0 0 0 0 0 0 0 0 0 0 0 0 0 0 0 0 0 0 0 0 0 0 0 0 0 0 0 0 0 0 0 0 0 0 0 0
0 1
0 6987.0 0 0 0 0 0 0 0 0 0 0 0 0 0 0 0 0 0 0 0 0 0 0 0 0 0 0 0 0 0 0 0 0 0 0 0 0 0 0 0 0 0 0 0 0 0 0 0 0 0 0 0 0 0 0 0 0 0 0
0 9 22 53 41 10 18 3
0 0 0 1439.0399348846 0 0 0 0 0 929.4680309616 436.5480537081 0 0 0 0 0 0 0 489.1490925058 0 0 0 589.548654923 0 0 0 0 0 0 0 0 0 0 0 0 0 0 0 0 0 0 1225.1584606495 0 0 0 0 0 0 0 0 0 0 0 137.5508617647 0 0 0 0 0 0
0 11 28 52 54 59 39 50
0 0 0 0 0 0 0 0 0 0 0 132.4358665634 0 0 0 0 0 0 0 0 0 0 0 0 0 0 0 0 1173.4387568532 0 0 0 0 0 0 0 0 0 0 490.0600779173 0 0 0 0 0 0 0 0 0 0 1041.7014751456 0 461.0295355023 0 379.6383778424 0 0 0 0 479.9544478552
0 8 27 48 14 56 7 19
0 0 0 0 0 0 0 302.2159505645 354.0251673538 0 0 0 0 0 459.7709606867 0 0 0 0 305.6731838078 0 0 0 0 0 0 0 900.6572398565 0 0 0 0 0 0 0 0 0 0 0 0 0 0 0 0 0 0 0 0 950.3952079574 0 0 0 0 0 0 0 484.6141495969 0 0 0
0 5 51 47 45 49 24 16 31
0 0 0 0 0 498.6601009318 0 0 0 0 0 0 0 0 0 0 193.6006175458 0 0 0 0 0 0 0 456.6490178315 0 0 0 0 0 0 417.0691916142 0 0 0 0 0 0 0 0 0 0 0 0 0 381.4937053291 0 469.6824065489 0 776.7020249069 0 651.0054135753 0 0 0 0 0 0 0 0
0 57 13 42 25 20 30 32 35
0 0 0 0 0 0 0 0 0 0 0 0 0 318.3616414316 0 0 0 0 0 0 397.6208559905 0 0 0 0 190.1096605193 0 0 0 0 949.0413957912 0 427.1374887229 0 0 1060.3929372267 0 0 0 0 0 0 730.8861545603 0 0 0 0 0 0 0 0 0 0 0 0 0 0 371.1184680314 0 0
0 58 12 34 17 23 55 46 33 6 29 21 4
0 0 0 0 1071.6363803075 0 353.9015843081 0 0 0 0 0 426.2486470791 0 0 0 0 412.7530729952 0 0 0 161.2446787563 0 291.8300359579 0 0 0 0 0 301.5464998294 0 0 0 1391.7953237761 797.2871222045 0 0 0 0 0 0 0 0 0 0 0 270.5674226796 0 0 0 0 0 0 0 0 482.1243168323 0 0 596.3206676371 0
0 26 36 43 40 37 38 44 15
0 0 0 0 0 0 0 0 0 0 0 0 0 0 0 1900.2580592436 0 0 0 0 0 0 0 0 0 0 186.728227026 0 0 0 0 0 0 0 0 0 470.2287802441 199.6065886029 1147.9763629126 0 436.6443388507 0 0 277.3060929005 980.9796420056 0 0 0 0 0 0 0 0 0 0 0 0 0 0 0
