150143.519 150150.648 0.005 1832.241 1832.242 
0 1
0 6529.0 0 0 0 0 0 0 0 0 0 0 0 0 0 0 0 0 0 0 0 0 0 0 0 0 0 0 0 0 0 0 0 0 0 0 0 0 0 0 0 0 0 0 0 0 0 0 0 0 0 0 0 0 0 0 0 0 0 0
0 2
0 0 6529.0 0 0 0 0 0 0 0 0 0 0 0 0 0 0 0 0 0 0 0 0 0 0 0 0 0 0 0 0 0 0 0 0 0 0 0 0 0 0 0 0 0 0 0 0 0 0 0 0 0 0 0 0 0 0 0 0 0
0 35 49 52 53 54 26 25 47 16
0 0 0 0 0 0 0 0 0 0 0 0 0 0 0 0 204.9735444305 0 0 0 0 0 0 0 0 195.7811852291 181.0309023789 0 0 0 0 0 0 0 0 905.5898974832 0 0 0 0 0 0 0 0 0 0 0 402.6049277664 0 825.1520221016 0 0 554.5697112591 140.9993799531 355.6543457183 0 0 0 0 0
0 41 23 6 36 40 50 46
0 0 0 0 0 0 394.0723984606 0 0 0 0 0 0 0 0 0 0 0 0 0 0 0 0 285.4932657325 0 0 0 0 0 0 0 0 0 0 0 0 441.2935758973 0 0 0 480.8504588024 1163.2572301978 0 0 0 0 300.451670994 0 0 0 1064.8814848786 0 0 0 0 0 0 0 0 0
0 29 9 43 13 42 44 31
0 0 0 0 0 0 0 0 0 952.9235583197 0 0 0 303.4345824088 0 0 0 0 0 0 0 0 0 0 0 0 0 0 0 310.0088943429 0 377.7824056971 0 0 0 0 0 0 0 0 0 0 693.062106592 265.0062065116 967.6072517512 0 0 0 0 0 0 0 0 0 0 0 0 0 0 0
0 56 22 45 10 3 30 28
0 0 0 1465.9467185114 0 0 0 0 0 0 435.0297055551 0 0 0 0 0 0 0 0 0 0 0 543.2561882247 0 0 0 0 0 1155.1878342124 0 852.281612548 0 0 0 0 0 0 0 0 0 0 0 0 0 0 396.4491635328 0 0 0 0 0 0 0 0 0 0 455.9972345913 0 0 0
0 18 4 20 57 27 55 32 33 39
0 0 0 0 1090.9356514844 0 0 0 0 0 0 0 0 0 0 0 0 0 453.1597856621 0 437.5028194383 0 0 0 0 0 0 1073.8021571947 0 0 0 0 421.2797489231 1586.4717223348 0 0 0 0 0 465.5586211711 0 0 0 0 0 0 0 0 0 0 0 0 0 0 0 445.2476059251 0 376.1708281584 0 0
0 19 58 34 59 7 12 17 37
0 0 0 0 0 0 0 313.9530064773 0 0 0 0 474.7604825301 0 0 0 0 415.3573674929 0 289.244762926 0 0 0 0 0 0 0 0 0 0 0 0 0 0 752.5246410641 0 0 179.447441792 0 0 0 0 0 0 0 0 0 0 0 0 0 0 0 0 0 0 0 0 581.5132527232 564.119557628
0 5 24 14 51 15 21 11 38 8 48
0 0 0 0 0 450.553777238 0 0 362.1363384801 0 0 125.5382269151 0 0 498.818886606 1817.1394359211 0 0 0 0 0 163.0060658569 0 0 458.1724528464 0 0 0 0 0 0 0 0 0 0 0 0 0 1177.0140981301 0 0 0 0 0 0 0 0 0 896.8689984999 0 0 525.5979220668 0 0 0 0 0 0 0 0
