**********2022-06-01 16:36:41**********
134712.351 134717.753 0.004 596.72 596.72 
0 1
0 30513.0 0 0 0 0 0 0 0 0 0 0 0 0 0 0 0 0 0 0 0 0 0 0 0 0 0 0 0 0
0 14 5 17 29 13 16
0 0.0 0.0 0.0 0.0 1206.3 0.0 0.0 0.0 0.0 0.0 0.0 0.0 1102.1 417.2 0.0 2070.1 1433.6 0.0 0.0 0.0 0.0 0.0 0.0 0.0 0.0 0.0 0.0 0.0 476.6
0 7 12 6 2
0 0 8533.6 0 0 0 449.1 2227.7 0 0 0 0 1825.6 0 0 0 0 0 0 0 0 0 0 0 0 0 0 0 0 0
0 10 20 4 21 8 26 27 3
0 0 0 2688.3 467.3 0 0 0 797.0 0 1320.4 0 0 0 0 0 0 0 0 0 856.5 1733.7 0 0 0 0 1963.7 764.2 0 0
0 19 23 28 9 18 24 22 11 15 25
0 0 0 0 0 0 0 0 0 675.2 0 1618.6 0 0 0 1473.8 0 0 463.7 1222.6 0 0 1947.4 967.9 360.9 1056.4 0 0 1271.8 0
