157774.06 157808.682 0.022 1793.046 1793.047 
0 1
0 4713.0 0 0 0 0 0 0 0 0 0 0 0 0 0 0 0 0 0 0 0 0 0 0 0 0 0 0 0 0
0 24 21 25 20 9 16 22 23
0 0 0 0 0 0 0 0 0 303.4686651232 0 0 0 0 0 0 1122.0204350264 0 0 0 424.5223453792 782.2785943378 923.8947909455 480.2670097139 163.8342216805 512.7139377936 0 0 0 0
0 14 6 27 29 2
0 0 3737.1656361765 0 0 0 224.1733137766 0 0 0 0 0 0 0 195.9697588194 0 0 0 0 0 0 0 0 0 0 0 0 359.391951363 0 196.2993398645
0 26 13 15 10 8 28 7
0 0 0 0 0 0 0 1016.7306094023 361.0412416395 0 630.3144618235 0 0 542.4450090937 0 785.7014404665 0 0 0 0 0 0 0 0 0 0 888.4666209466 0 488.3006166278 0
0 17 19 11 4 18 5 12 3
0 0 0 1239.5265916096 221.2476316209 547.9534840689 0 0 0 0 0 713.9837675117 728.0374542649 0 0 0 0 536.2201902673 198.3132844039 527.7175962528 0 0 0 0 0 0 0 0 0 0
157774.06 157801.027 0.017 2522.332 2522.332 
0 22 10 4 17 18 20 27 19 13 8
0 0 0 0 223.2123623304 0 0 0 358.6495220588 0 626.1389403969 0 0 538.8515793132 0 0 0 540.9819509567 200.0743527467 532.4038519189 419.0712751292 0 912.0315393079 0 0 0 0 361.5846258414 0 0
0 21 16 9 11 15 7
0 0 0 0 0 0 0 1014.8975223431 0 301.0260253439 0 723.8203732134 0 0 0 784.284881223 1112.9892167731 0 0 0 0 775.9819811036 0 0 0 0 0 0 0 0
0 6 29 2 28
0 0 3796.1557187874 0 0 0 227.7118249335 0 0 0 0 0 0 0 0 0 0 0 0 0 0 0 0 0 0 0 0 0 489.7345879033 199.3978683758
0 1
0 4713.0 0 0 0 0 0 0 0 0 0 0 0 0 0 0 0 0 0 0 0 0 0 0 0 0 0 0 0 0
0 12 25 14 5 23 26 3 24
0 0 0 1238.2997558694 0 547.4111407882 0 0 0 0 0 0 727.3168707977 0 195.2364910935 0 0 0 0 0 0 0 0 469.4619730722 160.1482829576 501.1789108762 873.9465745453 0 0 0
157773.989 157801.027 0.017 2522.332 3652.505 
0 22 10 4 17 18 20 27 19 13 8
0 0 0 0 223.2123623304 0 0 0 358.6495220588 0 626.1389403969 0 0 538.8515793132 0 0 0 540.9819509567 200.0743527467 532.4038519189 419.0712751292 0 912.0315393079 0 0 0 0 361.5846258414 0 0
0 21 16 9 11 15 7
0 0 0 0 0 0 0 1014.8975223431 0 301.0260253439 0 723.8203732134 0 0 0 784.284881223 1112.9892167731 0 0 0 0 775.9819811036 0 0 0 0 0 0 0 0
0 6 29 2 28
0 0 3796.1557187874 0 0 0 227.7118249335 0 0 0 0 0 0 0 0 0 0 0 0 0 0 0 0 0 0 0 0 0 489.7345879033 199.3978683758
0 1
0 4713.0 0 0 0 0 0 0 0 0 0 0 0 0 0 0 0 0 0 0 0 0 0 0 0 0 0 0 0 0
0 12 25 14 5 23 26 3 24
0 0 0 1238.2997558694 0 547.4111407882 0 0 0 0 0 0 727.3168707977 0 195.2364910935 0 0 0 0 0 0 0 0 469.4619730722 160.1482829576 501.1789108762 873.9465745453 0 0 0
