**********2022-05-21 00:24:02**********
171234.176 171262.632 0.017 8060.236 8060.238 
0 57 55 6 36 46 32 23 28 47 58
0 0 0 0 0 0 215.8 0 0 0 0 0 0 0 0 0 0 0 0 0 0 0 0 163.3 0 0 0 0 674.4 0 0 0 248.3 0 0 0 261.0 0 0 0 0 0 0 0 0 0 170.0 230.9 0 0 0 0 0 0 0 266.1 0 211.6 350.7 0
0 1
0 2792.0 0 0 0 0 0 0 0 0 0 0 0 0 0 0 0 0 0 0 0 0 0 0 0 0 0 0 0 0 0 0 0 0 0 0 0 0 0 0 0 0 0 0 0 0 0 0 0 0 0 0 0 0 0 0 0 0 0 0
0 15 8 44 4 25
0 0 0 0 736.3 0 0 0 207.9 0 0 0 0 0 0 1149.3 0 0 0 0 0 0 0 0 0 108.5 0 0 0 0 0 0 0 0 0 0 0 0 0 0 0 0 0 0 589.9 0 0 0 0 0 0 0 0 0 0 0 0 0 0 0
0 12 11 27 29 16 13 42 45 18 17 56
0 0 0 0 0 0 0 0 0 0 0 74.0 269.1 195.4 0 0 122.4 228.5 279.4 0 0 0 0 0 0 0 0 530.6 0 164.3 0 0 0 0 0 0 0 0 0 0 0 0 430.8 0 0 232.2 0 0 0 0 0 0 0 0 0 0 265.4 0 0 0
0 2
0 0 2792.0 0 0 0 0 0 0 0 0 0 0 0 0 0 0 0 0 0 0 0 0 0 0 0 0 0 0 0 0 0 0 0 0 0 0 0 0 0 0 0 0 0 0 0 0 0 0 0 0 0 0 0 0 0 0 0 0 0
0 34 54 10 5 22 9 39 7 59
0 0 0 0 0 275.0 0 175.9 0 542.2 234.4 0 0 0 0 0 0 0 0 0 0 0 317.9 0 0 0 0 0 0 0 0 0 0 0 456.1 0 0 0 0 254.3 0 0 0 0 0 0 0 0 0 0 0 0 0 0 217.1 0 0 0 0 319.1
0 21 51 14 43 24 50 31 33
0 0 0 0 0 0 0 0 0 0 0 0 0 0 279.3 0 0 0 0 0 0 90.5 0 0 261.4 0 0 0 0 0 0 232.3 0 913.3 0 0 0 0 0 0 0 0 0 155.2 0 0 0 0 0 0 550.0 309.9 0 0 0 0 0 0 0 0
0 20 41 35 53 49 38
0 0 0 0 0 0 0 0 0 0 0 0 0 0 0 0 0 0 0 0 233.9 0 0 0 0 0 0 0 0 0 0 0 0 0 0 643.6 0 0 700.6 0 0 667.0 0 0 0 0 0 0 0 467.7 0 0 0 79.3 0 0 0 0 0 0
0 52 19 37 40 30 26 3 48
0 0 0 819.9 0 0 0 0 0 0 0 0 0 0 0 0 0 0 0 163.4 0 0 0 0 0 0 111.0 0 0 0 564.6 0 0 0 0 0 0 107.2 0 0 279.3 0 0 0 0 0 0 0 510.2 0 0 0 236.4 0 0 0 0 0 0 0
**********2022-05-21 01:15:11**********
171233.707 171252.969 0.011 11128.654 11128.656 
0 2
0 0 2792.0 0 0 0 0 0 0 0 0 0 0 0 0 0 0 0 0 0 0 0 0 0 0 0 0 0 0 0 0 0 0 0 0 0 0 0 0 0 0 0 0 0 0 0 0 0 0 0 0 0 0 0 0 0 0 0 0 0
0 40 46 22 59 20 54 31 7 52 44
0 0 0 0 0 0 0 178.7 0 0 0 0 0 0 0 0 0 0 0 0 233.0 0 323.0 0 0 0 0 0 0 0 0 233.8 0 0 0 0 0 0 0 0 284.1 0 0 0 581.4 0 172.8 0 0 0 0 0 240.4 0 220.6 0 0 0 0 324.2
0 1
0 2792.0 0 0 0 0 0 0 0 0 0 0 0 0 0 0 0 0 0 0 0 0 0 0 0 0 0 0 0 0 0 0 0 0 0 0 0 0 0 0 0 0 0 0 0 0 0 0 0 0 0 0 0 0 0 0 0 0 0 0
0 19 34 38 6 43 30 48
0 0 0 0 0 0 219.1 0 0 0 0 0 0 0 0 0 0 0 0 165.9 0 0 0 0 0 0 0 0 0 0 573.4 0 0 0 462.7 0 0 0 696.8 0 0 0 0 156.0 0 0 0 0 518.2 0 0 0 0 0 0 0 0 0 0 0
0 51 28 4 53 27 13 5
0 0 0 0 721.2 277.7 0 0 0 0 0 0 0 194.6 0 0 0 0 0 0 0 0 0 0 0 0 0 528.5 681.5 0 0 0 0 0 0 0 0 0 0 0 0 0 0 0 0 0 0 0 0 0 0 309.9 0 78.5 0 0 0 0 0 0
0 36 18 10 25 42 57 29 15
0 0 0 0 0 0 0 0 0 0 234.6 0 0 0 0 1115.7 0 0 275.8 0 0 0 0 0 0 105.4 0 0 0 162.1 0 0 0 0 0 0 261.3 0 0 0 0 0 425.2 0 0 0 0 0 0 0 0 0 0 0 0 0 0 211.9 0 0
0 11 32 35 45 39 26 9 47 49
0 0 0 0 0 0 0 0 0 544.8 0 73.3 0 0 0 0 0 0 0 0 0 0 0 0 0 0 111.7 0 0 0 0 0 249.7 0 0 634.0 0 0 0 255.5 0 0 0 0 0 230.1 0 232.2 0 460.7 0 0 0 0 0 0 0 0 0 0
0 50 56 14 55 12 17 33
0 0 0 0 0 0 0 0 0 0 0 0 270.0 0 281.3 0 0 229.2 0 0 0 0 0 0 0 0 0 0 0 0 0 0 0 920.1 0 0 0 0 0 0 0 0 0 0 0 0 0 0 0 0 554.1 0 0 0 0 270.9 266.3 0 0 0
0 37 41 8 58 23 21 24 16 3
0 0 0 828.2 0 0 0 0 203.5 0 0 0 0 0 0 0 121.8 0 0 0 0 90.4 0 164.9 261.2 0 0 0 0 0 0 0 0 0 0 0 0 108.3 0 0 0 659.8 0 0 0 0 0 0 0 0 0 0 0 0 0 0 0 0 354.0 0
**********2024-01-30 02:08:53**********
171244.375 171268.754 0.014 2017.029 2017.029 
0 48 7 38 31 28 50
0 0 0 0 0 0 0 173.9 0 0 0 0 0 0 0 0 0 0 0 0 0 0 0 0 0 0 0 0 667.3 0 0 227.5 0 0 0 0 0 0 679.3 0 0 0 0 0 0 0 0 0 505.2 0 538.7 0 0 0 0 0 0 0 0 0
0 1
0 2792.0 0 0 0 0 0 0 0 0 0 0 0 0 0 0 0 0 0 0 0 0 0 0 0 0 0 0 0 0 0 0 0 0 0 0 0 0 0 0 0 0 0 0 0 0 0 0 0 0 0 0 0 0 0 0 0 0 0 0
0 2
0 0 2792.0 0 0 0 0 0 0 0 0 0 0 0 0 0 0 0 0 0 0 0 0 0 0 0 0 0 0 0 0 0 0 0 0 0 0 0 0 0 0 0 0 0 0 0 0 0 0 0 0 0 0 0 0 0 0 0 0 0
0 51 32 55 5 33 18 52 40
0 0 0 0 0 274.9 0 0 0 0 0 0 0 0 0 0 0 0 275.5 0 0 0 0 0 0 0 0 0 0 0 0 0 248.4 904.2 0 0 0 0 0 0 279.5 0 0 0 0 0 0 0 0 0 0 306.8 236.6 0 0 266.2 0 0 0 0
0 54 14 15 57 49 39 6
0 0 0 0 0 0 219.3 0 0 0 0 0 0 0 280.9 1132.3 0 0 0 0 0 0 0 0 0 0 0 0 0 0 0 0 0 0 0 0 0 0 0 258.3 0 0 0 0 0 0 0 0 0 465.7 0 0 0 0 220.5 0 0 215.0 0 0
0 35 4 8 44 23 20 24
0 0 0 0 719.7 0 0 0 203.2 0 0 0 0 0 0 0 0 0 0 0 231.1 0 0 164.7 260.9 0 0 0 0 0 0 0 0 0 0 635.8 0 0 0 0 0 0 0 0 576.6 0 0 0 0 0 0 0 0 0 0 0 0 0 0 0
0 58 47 30 56 12 11 27 34
0 0 0 0 0 0 0 0 0 0 0 74.7 271.8 0 0 0 0 0 0 0 0 0 0 0 0 0 0 535.9 0 0 578.7 0 0 0 467.0 0 0 0 0 0 0 0 0 0 0 0 0 236.6 0 0 0 0 0 0 0 0 268.1 0 359.3 0
0 10 16 42 3 43 25 59 13 26 17
0 0 0 846.3 0 0 0 0 0 0 241.7 0 0 198.7 0 0 124.5 232.3 0 0 0 0 0 0 0 108.5 114.6 0 0 0 0 0 0 0 0 0 0 0 0 0 0 0 438.0 158.5 0 0 0 0 0 0 0 0 0 0 0 0 0 0 0 329.0
0 46 22 41 45 37 29 21 9 36 53 19
0 0 0 0 0 0 0 0 0 545.6 0 0 0 0 0 0 0 0 0 164.6 0 90.2 319.9 0 0 0 0 0 0 163.0 0 0 0 0 0 0 262.8 108.0 0 0 0 658.1 0 0 0 230.4 171.2 0 0 0 0 0 0 78.2 0 0 0 0 0 0
**********2024-01-30 02:32:07**********
171244.571 171257.275 0.007 3411.007 3411.007 
0 1
0 2792.0 0 0 0 0 0 0 0 0 0 0 0 0 0 0 0 0 0 0 0 0 0 0 0 0 0 0 0 0 0 0 0 0 0 0 0 0 0 0 0 0 0 0 0 0 0 0 0 0 0 0 0 0 0 0 0 0 0 0
0 2
0 0 2792.0 0 0 0 0 0 0 0 0 0 0 0 0 0 0 0 0 0 0 0 0 0 0 0 0 0 0 0 0 0 0 0 0 0 0 0 0 0 0 0 0 0 0 0 0 0 0 0 0 0 0 0 0 0 0 0 0 0
0 19 49 28 24 26 40 23 31 42
0 0 0 0 0 0 0 0 0 0 0 0 0 0 0 0 0 0 0 165.2 0 0 0 165.0 261.4 0 112.3 0 681.4 0 0 232.3 0 0 0 0 0 0 0 0 282.3 0 429.0 0 0 0 0 0 0 463.0 0 0 0 0 0 0 0 0 0 0
0 18 9 6 3 33
0 0 0 830.6 0 0 218.5 0 0 548.7 0 0 0 0 0 0 0 0 278.9 0 0 0 0 0 0 0 0 0 0 0 0 0 0 915.3 0 0 0 0 0 0 0 0 0 0 0 0 0 0 0 0 0 0 0 0 0 0 0 0 0 0
0 46 7 20 13 22 8 39 56 45 55 34
0 0 0 0 0 0 0 178.2 204.4 0 0 0 0 195.3 0 0 0 0 0 0 232.4 0 322.1 0 0 0 0 0 0 0 0 0 0 0 462.2 0 0 0 0 257.7 0 0 0 0 0 232.1 172.4 0 0 0 0 0 0 0 0 269.8 265.3 0 0 0
0 32 15 30 36 44
0 0 0 0 0 0 0 0 0 0 0 0 0 0 0 1127.0 0 0 0 0 0 0 0 0 0 0 0 0 0 0 571.4 0 251.2 0 0 0 264.0 0 0 0 0 0 0 0 578.5 0 0 0 0 0 0 0 0 0 0 0 0 0 0 0
0 11 58 53 48 50 51 41 10
0 0 0 0 0 0 0 0 0 0 237.8 74.0 0 0 0 0 0 0 0 0 0 0 0 0 0 0 0 0 0 0 0 0 0 0 0 0 0 0 0 0 0 663.3 0 0 0 0 0 0 518.2 0 552.6 311.3 0 78.9 0 0 0 0 355.9 0
0 35 27 43 16 37 5 38 52
0 0 0 0 0 280.8 0 0 0 0 0 0 0 0 0 0 123.3 0 0 0 0 0 0 0 0 0 0 534.3 0 0 0 0 0 0 0 644.2 0 109.6 701.3 0 0 0 0 157.0 0 0 0 0 0 0 0 0 241.6 0 0 0 0 0 0 0
0 17 54 21 59 57 47 12 4 29 25 14
0 0 0 0 707.7 0 0 0 0 0 0 0 263.0 0 274.1 0 0 223.3 0 0 0 88.8 0 0 0 104.3 0 0 0 160.5 0 0 0 0 0 0 0 0 0 0 0 0 0 0 0 0 0 229.0 0 0 0 0 0 0 215.1 0 0 209.8 0 316.2
