153802.52 153809.086 0.004 1502.45 1502.451 
0 2
0 0 6669.0 0 0 0 0 0 0 0 0 0 0 0 0 0 0 0 0 0 0 0 0 0 0 0 0 0 0 0 0 0 0 0 0 0 0 0 0 0 0 0 0 0 0 0 0 0 0 0 0 0 0 0 0 0 0 0 0 0
0 4 31 47 25 26 19 33 20 56
0 0 0 0 1230.7305604121 0 0 0 0 0 0 0 0 0 0 0 0 0 0 288.7804943839 413.4187189779 0 0 0 0 191.685007629 192.7464038484 0 0 0 0 421.7408358713 0 1236.9545401696 0 0 0 0 0 0 0 0 0 0 0 0 0 420.9366961369 0 0 0 0 0 0 0 0 500.5318353919 0 0 0
0 1
0 6669.0 0 0 0 0 0 0 0 0 0 0 0 0 0 0 0 0 0 0 0 0 0 0 0 0 0 0 0 0 0 0 0 0 0 0 0 0 0 0 0 0 0 0 0 0 0 0 0 0 0 0 0 0 0 0 0 0 0 0
0 41 12 51 42 27 30
0 0 0 0 0 0 0 0 0 0 0 0 475.6258478751 0 0 0 0 0 0 0 0 0 0 0 0 0 0 953.0979257682 0 0 899.1122576263 0 0 0 0 0 0 0 0 0 0 1171.7407530997 745.5184441535 0 0 0 0 0 0 0 0 545.8215179547 0 0 0 0 0 0 0 0
0 54 32 16 24 36 37 46
0 0 0 0 0 0 0 0 0 0 0 0 0 0 0 0 190.9585407389 0 0 0 0 0 0 0 462.5785069491 0 0 0 0 0 0 0 415.2035446134 0 0 0 483.7051844267 200.8946303203 0 0 0 0 0 0 0 0 294.0071970869 0 0 0 0 0 0 0 364.0553070527 0 0 0 0 0
0 7 10 29 43 50 53 17 9 45
0 0 0 0 0 0 0 279.9613071694 0 842.4826686046 404.019266081 0 0 0 0 0 0 436.5894398292 0 0 0 0 0 0 0 0 0 0 0 283.8416315892 0 0 0 0 0 0 0 0 0 0 0 0 0 261.0346565492 0 366.2376269397 0 0 0 0 952.3937763746 0 0 143.9519582683 0 0 0 0 0 0
0 18 38 23 59 11 35 55 28 40
0 0 0 0 0 0 0 0 0 0 0 129.4924302742 0 0 0 0 0 0 468.0583182245 0 0 0 0 273.0419371214 0 0 0 0 1093.8971541135 0 0 0 0 0 0 846.0703118471 0 0 1251.3669904556 0 490.9215973268 0 0 0 0 0 0 0 0 0 0 0 0 0 0 488.036050103 0 0 0 565.440705977
0 44 3 57 39 13 48 58
0 0 0 1377.8519596753 0 0 0 0 0 0 0 0 0 333.5610091762 0 0 0 0 0 0 0 0 0 0 0 0 0 0 0 0 0 0 0 0 0 0 0 0 0 464.2861098506 0 0 0 0 1052.2098969336 0 0 0 941.644209683 0 0 0 0 0 0 0 0 408.3309307765 578.1636936902 0
0 21 34 8 52 22 15 6 49 5 14
0 0 0 0 0 481.8668162671 384.8895730023 0 348.8050045602 0 0 0 0 0 473.3398911493 1877.8913661158 0 0 0 0 0 168.54170584 524.3003837551 0 0 0 0 0 0 0 0 0 0 0 885.0244287782 0 0 0 0 0 0 0 0 0 0 0 0 0 0 775.7805234004 0 0 506.7333720655 0 0 0 0 0 0 0
