**********2022-06-01 16:26:44**********
130564.893 130569.017 0.003 341.0 341.0 
0 5 15 10 18 20 28 6 7 22
0 0 0 0 0 1318.5 467.8 2051.6 0 0 1298.4 0 0 0 0 1463.0 0 0 465.6 0 861.2 0 2124.0 0 0 0 0 0 1104.8 0
0 8 17 25 24 9 13 23 26 11
0 0 0 0 0 0 0 0 803.6 638.3 0 1463.0 0 1115.3 0 0 0 1416.1 0 0 0 0 0 1011.6 402.4 1073.0 2034.5 0 0 0
0 1
0 29788.0 0 0 0 0 0 0 0 0 0 0 0 0 0 0 0 0 0 0 0 0 0 0 0 0 0 0 0 0
0 16 29 21 3 12
0 0 0 2841.8 0 0 0 0 0 0 0 0 1894.3 0 0 0 2471.4 0 0 0 0 1785.8 0 0 0 0 0 0 0 451.0
0 27 14 19 4 2
0 0.0 8508.8 0.0 450.4 0.0 0.0 0.0 0.0 0.0 0.0 0.0 0.0 0.0 414.0 0.0 0.0 0.0 0.0 1157.2 0.0 0.0 0.0 0.0 0.0 0.0 0.0 814.6 0.0 0.0
