**********2022-05-30 22:14:12**********
145093.063 145105.647 0.009 1979.132 1979.133 
0 47 56 34 29 40 11 21 7 44
0 0.0 0.0 0.0 0.0 0.0 0.0 293.5 0.0 0.0 0.0 130.7 0.0 0.0 0.0 0.0 0.0 0.0 0.0 0.0 0.0 160.7 0.0 0.0 0.0 0.0 0.0 0.0 0.0 293.1 0.0 0.0 0.0 0.0 910.9 0.0 0.0 0.0 0.0 0.0 487.3 0.0 0.0 0.0 1057.4 0.0 0.0 441.9 0.0 0.0 0.0 0.0 0.0 0.0 0.0 0.0 528.0 0.0 0.0 0.0
0 1
0 16373.0 0 0 0 0 0 0 0 0 0 0 0 0 0 0 0 0 0 0 0 0 0 0 0 0 0 0 0 0 0 0 0 0 0 0 0 0 0 0 0 0 0 0 0 0 0 0 0 0 0 0 0 0 0 0 0 0 0 0
0 33 18 14 46 13 25 8
0 0.0 0.0 0.0 0.0 0.0 0.0 0.0 348.1 0.0 0.0 0.0 0.0 335.5 457.1 0.0 0.0 0.0 466.8 0.0 0.0 0.0 0.0 0.0 0.0 198.3 0.0 0.0 0.0 0.0 0.0 0.0 0.0 1278.2 0.0 0.0 0.0 0.0 0.0 0.0 0.0 0.0 0.0 0.0 0.0 0.0 301.6 0.0 0.0 0.0 0.0 0.0 0.0 0.0 0.0 0.0 0.0 0.0 0.0 0.0
0 57 58 45 30 32 37 4 39
0 0.0 0.0 0.0 1218.9 0.0 0.0 0.0 0.0 0.0 0.0 0.0 0.0 0.0 0.0 0.0 0.0 0.0 0.0 0.0 0.0 0.0 0.0 0.0 0.0 0.0 0.0 0.0 0.0 0.0 940.3 0.0 433.3 0.0 0.0 0.0 0.0 187.2 0.0 470.2 0.0 0.0 0.0 0.0 0.0 375.3 0.0 0.0 0.0 0.0 0.0 0.0 0.0 0.0 0.0 0.0 0.0 352.8 656.9 0.0
0 27 48 26 6 19 23 52
0 0.0 0.0 0.0 0.0 0.0 424.4 0.0 0.0 0.0 0.0 0.0 0.0 0.0 0.0 0.0 0.0 0.0 0.0 294.7 0.0 0.0 0.0 318.2 0.0 0.0 183.8 1045.4 0.0 0.0 0.0 0.0 0.0 0.0 0.0 0.0 0.0 0.0 0.0 0.0 0.0 0.0 0.0 0.0 0.0 0.0 0.0 0.0 912.6 0.0 0.0 0.0 449.2 0.0 0.0 0.0 0.0 0.0 0.0 0.0
0 31 22 49 53 3
0 0.0 0.0 1507.5 0.0 0.0 0.0 0.0 0.0 0.0 0.0 0.0 0.0 0.0 0.0 0.0 0.0 0.0 0.0 0.0 0.0 0.0 581.1 0.0 0.0 0.0 0.0 0.0 0.0 0.0 0.0 388.4 0.0 0.0 0.0 0.0 0.0 0.0 0.0 0.0 0.0 0.0 0.0 0.0 0.0 0.0 0.0 0.0 0.0 850.3 0.0 0.0 0.0 138.4 0.0 0.0 0.0 0.0 0.0 0.0
0 10 42 17 43 15 59 35 36
0 0.0 0.0 0.0 0.0 0.0 0.0 0.0 0.0 0.0 401.1 0.0 0.0 0.0 0.0 1863.8 0.0 420.4 0.0 0.0 0.0 0.0 0.0 0.0 0.0 0.0 0.0 0.0 0.0 0.0 0.0 0.0 0.0 0.0 0.0 1068.0 433.7 0.0 0.0 0.0 0.0 0.0 769.5 265.9 0.0 0.0 0.0 0.0 0.0 0.0 0.0 0.0 0.0 0.0 0.0 0.0 0.0 0.0 0.0 493.5
0 9 28 50 5 55 12 41 51
0 0.0 0.0 0.0 0.0 497.9 0.0 0.0 0.0 812.7 0.0 0.0 463.7 0.0 0.0 0.0 0.0 0.0 0.0 0.0 0.0 0.0 0.0 0.0 0.0 0.0 0.0 0.0 1067.1 0.0 0.0 0.0 0.0 0.0 0.0 0.0 0.0 0.0 0.0 0.0 0.0 1195.6 0.0 0.0 0.0 0.0 0.0 0.0 0.0 0.0 973.3 715.4 0.0 0.0 0.0 435.8 0.0 0.0 0.0 0.0
0 24 16 38 54 20 2
0 0.0 7946.7 0.0 0.0 0.0 0.0 0.0 0.0 0.0 0.0 0.0 0.0 0.0 0.0 0.0 198.4 0.0 0.0 0.0 351.3 0.0 0.0 0.0 505.1 0.0 0.0 0.0 0.0 0.0 0.0 0.0 0.0 0.0 0.0 0.0 0.0 0.0 1247.4 0.0 0.0 0.0 0.0 0.0 0.0 0.0 0.0 0.0 0.0 0.0 0.0 0.0 0.0 0.0 381.4 0.0 0.0 0.0 0.0 0.0
