**********2022-05-21 05:51:11**********
168878.609 168907.596 0.017 7553.522 7553.525 
0 1
0 2755.0 0 0 0 0 0 0 0 0 0 0 0 0 0 0 0 0 0 0 0 0 0 0 0 0 0 0 0 0 0 0 0 0 0 0 0 0 0 0 0 0 0 0 0 0 0 0 0 0 0 0 0 0 0 0 0 0 0 0
0 18 40 39 24 42 19 8 28 6
0 0 0 0 0 0 239.2 0 203.9 0 0 0 0 0 0 0 0 0 276.5 166.9 0 0 0 0 270.8 0 0 0 625.1 0 0 0 0 0 0 0 0 0 0 261.8 271.5 0 439.4 0 0 0 0 0 0 0 0 0 0 0 0 0 0 0 0 0
0 9 10 3 22 4 53
0 0 0 861.1 711.1 0 0 0 0 526.3 250.8 0 0 0 0 0 0 0 0 0 0 0 324.5 0 0 0 0 0 0 0 0 0 0 0 0 0 0 0 0 0 0 0 0 0 0 0 0 0 0 0 0 0 0 81.1 0 0 0 0 0 0
0 35 15 41 16 36
0 0 0 0 0 0 0 0 0 0 0 0 0 0 0 1046.4 118.6 0 0 0 0 0 0 0 0 0 0 0 0 0 0 0 0 0 0 624.2 269.9 0 0 0 0 695.8 0 0 0 0 0 0 0 0 0 0 0 0 0 0 0 0 0 0
0 59 21 32 56 58 23 45 11 51 31 25 37 14
0 0 0 0 0 0 0 0 0 0 0 78.0 0 0 256.6 0 0 0 0 0 0 95.1 0 181.5 0 109.0 0 0 0 0 0 236.0 234.9 0 0 0 0 104.8 0 0 0 0 0 0 0 224.7 0 0 0 0 0 300.1 0 0 0 0 313.1 0 353.7 267.4
0 2
0 0 2755.0 0 0 0 0 0 0 0 0 0 0 0 0 0 0 0 0 0 0 0 0 0 0 0 0 0 0 0 0 0 0 0 0 0 0 0 0 0 0 0 0 0 0 0 0 0 0 0 0 0 0 0 0 0 0 0 0 0
0 20 52 13 30 49 48 47 46 7
0 0 0 0 0 0 0 180.6 0 0 0 0 0 189.7 0 0 0 0 0 0 233.6 0 0 0 0 0 0 0 0 0 529.6 0 0 0 0 0 0 0 0 0 0 0 0 0 0 0 171.5 229.2 510.3 448.6 0 0 261.9 0 0 0 0 0 0 0
0 27 12 5 43 34 17 57 50
0 0 0 0 0 271.4 0 0 0 0 0 0 249.2 0 0 0 0 245.6 0 0 0 0 0 0 0 0 0 559.7 0 0 0 0 0 0 521.4 0 0 0 0 0 0 0 0 158.2 0 0 0 0 0 0 564.3 0 0 0 0 0 0 185.3 0 0
0 26 44 29 38 33 54 55
0 0 0 0 0 0 0 0 0 0 0 0 0 0 0 0 0 0 0 0 0 0 0 0 0 0 108.1 0 0 172.6 0 0 0 843.3 0 0 0 0 626.9 0 0 0 0 0 527.4 0 0 0 0 0 0 0 0 0 217.3 259.4 0 0 0 0
**********2022-05-21 06:40:37**********
168878.273 168899.383 0.012 10520.067 10520.068 
0 42 30 51 56 20 47 10 59 45
0 0 0 0 0 0 0 0 0 0 246.8 0 0 0 0 0 0 0 0 0 231.1 0 0 0 0 0 0 0 0 0 524.1 0 0 0 0 0 0 0 0 0 0 0 433.8 0 0 222.1 0 226.8 0 0 0 296.5 0 0 0 0 309.4 0 0 264.2
0 2
0 0 2755.0 0 0 0 0 0 0 0 0 0 0 0 0 0 0 0 0 0 0 0 0 0 0 0 0 0 0 0 0 0 0 0 0 0 0 0 0 0 0 0 0 0 0 0 0 0 0 0 0 0 0 0 0 0 0 0 0 0
0 50 40 33 15
0 0 0 0 0 0 0 0 0 0 0 0 0 0 0 1057.9 0 0 0 0 0 0 0 0 0 0 0 0 0 0 0 0 0 862.9 0 0 0 0 0 0 270.3 0 0 0 0 0 0 0 0 0 564.0 0 0 0 0 0 0 0 0 0
0 1
0 2755.0 0 0 0 0 0 0 0 0 0 0 0 0 0 0 0 0 0 0 0 0 0 0 0 0 0 0 0 0 0 0 0 0 0 0 0 0 0 0 0 0 0 0 0 0 0 0 0 0 0 0 0 0 0 0 0 0 0 0
0 49 35 58 27 34 39
0 0 0 0 0 0 0 0 0 0 0 0 0 0 0 0 0 0 0 0 0 0 0 0 0 0 0 555.9 0 0 0 0 0 0 517.8 627.2 0 0 0 259.0 0 0 0 0 0 0 0 0 0 444.9 0 0 0 0 0 0 0 0 350.2 0
0 21 54 13 44 3 4 43
0 0 0 851.6 703.2 0 0 0 0 0 0 0 0 188.7 0 0 0 0 0 0 0 94.4 0 0 0 0 0 0 0 0 0 0 0 0 0 0 0 0 0 0 0 0 0 157.6 537.9 0 0 0 0 0 0 0 0 0 221.6 0 0 0 0 0
0 41 22 31 17 26 14 52 25 37 36 19
0 0 0 0 0 0 0 0 0 0 0 0 0 0 252.9 0 0 242.7 0 164.3 0 0 318.4 0 0 107.3 109.4 0 0 0 0 232.5 0 0 0 0 269.9 103.3 0 0 0 695.8 0 0 0 0 0 0 0 0 0 0 258.4 0 0 0 0 0 0 0
0 8 32 29 46 12 5 23 57 48 9
0 0 0 0 0 276.6 0 0 206.9 532.3 0 0 253.9 0 0 0 0 0 0 0 0 0 0 184.4 0 0 0 0 0 180.0 0 0 238.6 0 0 0 0 0 0 0 0 0 0 0 0 0 174.5 0 519.0 0 0 0 0 0 0 0 0 188.8 0 0
0 11 55 28 38 6 16 18 7 53 24
0 0 0 0 0 0 236.8 179.2 0 0 0 77.3 0 0 0 0 119.3 0 273.7 0 0 0 0 0 268.1 0 0 0 618.8 0 0 0 0 0 0 0 0 0 637.9 0 0 0 0 0 0 0 0 0 0 0 0 0 0 80.0 0 264.0 0 0 0 0
**********2024-01-23 12:45:49**********
168878.249 171847.237 1.728 6760.25 6760.25 
0 1 18 40 39 24 42 53 19 8 28
0 2666.0 0 0 0 0 0 0 7.0 0 0 0 0 0 0 0 0 0 9.5 5.7 0 0 0 0 9.3 0 0 0 21.4 0 0 0 0 0 0 0 0 0 0 9.0 9.3 0 15.1 0 0 0 0 0 0 0 0 0 0 2.8 0 0 0 0 0 0
0 2 27 11 29 51 15 20 10 54 6
0 0 1642.2 0 0 0 85.1 0 0 0 89.0 27.8 0 0 0 378.2 0 0 0 0 83.3 0 0 0 0 0 0 200.0 0 63.1 0 0 0 0 0 0 0 0 0 0 0 0 0 0 0 0 0 0 0 0 0 106.9 0 0 79.5 0 0 0 0 0
0 9 22 13 26 12 5 34 4 38 17 57 16 50
0 0 0 0 418.3 160.8 0 0 0 309.6 0 0 147.7 112.2 0 0 71.1 145.5 0 0 0 0 190.9 0 0 0 65.6 0 0 0 0 0 0 0 308.9 0 0 0 380.3 0 0 0 0 0 0 0 0 0 0 0 334.4 0 0 0 0 0 0 109.8 0 0
0 52 36 30 49 48 43 47 46 7 33
0 0 0 0 0 0 0 137.1 0 0 0 0 0 0 0 0 0 0 0 0 0 0 0 0 0 0 0 0 0 0 402.1 0 0 656.6 0 0 207.6 0 0 0 0 0 0 120.3 0 0 130.2 174.0 387.4 340.6 0 0 198.9 0 0 0 0 0 0 0
0 59 21 32 56 58 23 45 31 25 37 3 35 41 44 55 14
0 0 0 438.9 0 0 0 0 0 0 0 0 0 0 131.4 0 0 0 0 0 0 48.7 0 92.9 0 55.8 0 0 0 0 0 120.8 120.2 0 0 324.3 0 53.7 0 0 0 361.5 0 0 277.3 115.0 0 0 0 0 0 0 0 0 0 136.4 160.3 0 181.1 136.8
**********2024-01-23 13:24:56**********
168878.249 171847.237 1.728 6760.25 9106.795 
0 1 18 40 39 24 42 53 19 8 28
0 2666.0 0 0 0 0 0 0 7.0 0 0 0 0 0 0 0 0 0 9.5 5.7 0 0 0 0 9.3 0 0 0 21.4 0 0 0 0 0 0 0 0 0 0 9.0 9.3 0 15.1 0 0 0 0 0 0 0 0 0 0 2.8 0 0 0 0 0 0
0 2 27 11 29 51 15 20 10 54 6
0 0 1642.2 0 0 0 85.1 0 0 0 89.0 27.8 0 0 0 378.2 0 0 0 0 83.3 0 0 0 0 0 0 200.0 0 63.1 0 0 0 0 0 0 0 0 0 0 0 0 0 0 0 0 0 0 0 0 0 106.9 0 0 79.5 0 0 0 0 0
0 9 22 13 26 12 5 34 4 38 17 57 16 50
0 0 0 0 418.3 160.8 0 0 0 309.6 0 0 147.7 112.2 0 0 71.1 145.5 0 0 0 0 190.9 0 0 0 65.6 0 0 0 0 0 0 0 308.9 0 0 0 380.3 0 0 0 0 0 0 0 0 0 0 0 334.4 0 0 0 0 0 0 109.8 0 0
0 52 36 30 49 48 43 47 46 7 33
0 0 0 0 0 0 0 137.1 0 0 0 0 0 0 0 0 0 0 0 0 0 0 0 0 0 0 0 0 0 0 402.1 0 0 656.6 0 0 207.6 0 0 0 0 0 0 120.3 0 0 130.2 174.0 387.4 340.6 0 0 198.9 0 0 0 0 0 0 0
0 59 21 32 56 58 23 45 31 25 37 3 35 41 44 55 14
0 0 0 438.9 0 0 0 0 0 0 0 0 0 0 131.4 0 0 0 0 0 0 48.7 0 92.9 0 55.8 0 0 0 0 0 120.8 120.2 0 0 324.3 0 53.7 0 0 0 361.5 0 0 277.3 115.0 0 0 0 0 0 0 0 0 0 136.4 160.3 0 181.1 136.8
