142641.322 142633.06 0.006 15.151 15.152 
142633.072 142633.06 0.0 17.974 17.974 
142633.06 142633.072 0.0 16.538 16.538 
142633.06 142633.072 0.0 19.402 19.402 
142633.06 142633.063 0.0 33.63 33.63 
142633.06 142633.063 0.0 18.628 18.628 
0 1
0 20604.0 0 0 0 0 0 0 0 0 0 0 0 0 0
0 3 5 10 13 6 7 11
0 0.0 0.0 2767.6669460129506 0.0 2736.975576804527 2259.412507428293 1333.0283030277615 0.0 0.0 1110.2918415811691 4566.96613798467 0.0 4927.609286643824 0.0
0 8 9 12 14 4 2
0 0.0 10546.97723396699 0.0 1287.775437846653 0.0 0.0 0.0 1499.8308279788162 3710.090201345769 0.0 0.0 1147.0155896256092 0.0 1482.7422483355597
142633.06 142633.063 0.0 14.439 14.439 
0 1
0 20604.0 0 0 0 0 0 0 0 0 0 0 0 0 0
0 3 5 10 13 6 7 11
0 0.0 0.0 2767.6669460129497 0.0 2736.975576804527 2259.4125074282883 1333.0283030277615 0.0 0.0 1110.2918415811691 4566.96613798467 0.0 4927.609286643814 0.0
0 8 9 12 14 4 2
0 0.0 10546.97723396699 0.0 1287.775437846653 0.0 0.0 0.0 1499.8308279788162 3710.090201345769 0.0 0.0 1147.0155896256092 0.0 1482.7422483355597
**********2022-05-23 09:54:42**********
142633.06 142633.185 0.0 13.691 13.691 
0 1
0 20604.0 0 0 0 0 0 0 0 0 0 0 0 0 0
0 12 14 7 2 8 11
0 0.0 10547.0 0.0 0.0 0.0 0.0 1333.0 1499.8 0.0 0.0 4567.0 1147.0 0.0 1482.7
0 4 9 6 13 10 5 3
0 0.0 0.0 2767.7 1287.8 2737.0 2259.4 0.0 0.0 3710.1 1110.3 0.0 0.0 4927.6 0.0
