166014.625 166042.587 0.017 13944.658 13944.665 
0 30 28 43 57 58 52 41
0 0 0 0 0 0 0 0 0 0 0 0 0 0 0 0 0 0 0 0 0 0 0 0 0 0 0 0 653.7106872547 0 461.804171765 0 0 0 0 0 0 0 0 0 0 612.8183157092 0 146.3885870021 0 0 0 0 0 0 0 0 313.3469042198 0 0 0 0 224.685705579 297.2456284702 0
0 3 17 29 16 35 59 4
0 0 0 785.2633161803 660.2036919723 0 0 0 0 0 0 0 0 0 0 0 105.3308420525 220.3731518839 0 0 0 0 0 0 0 0 0 0 0 160.8639045851 0 0 0 0 0 496.4177047107 0 0 0 0 0 0 0 0 0 0 0 0 0 0 0 0 0 0 0 0 0 0 0 281.5473886151
0 2
0 0 2710.0 0 0 0 0 0 0 0 0 0 0 0 0 0 0 0 0 0 0 0 0 0 0 0 0 0 0 0 0 0 0 0 0 0 0 0 0 0 0 0 0 0 0 0 0 0 0 0 0 0 0 0 0 0 0 0 0 0
0 38 20 13 24 32 23 7 31 27
0 0 0 0 0 0 0 165.958258884 0 0 0 0 0 173.2766910285 0 0 0 0 0 0 245.8259434137 0 0 167.8862823305 283.5570744897 0 0 530.9295456075 0 0 0 223.2988190847 239.2189915798 0 0 0 0 0 680.0483935815 0 0 0 0 0 0 0 0 0 0 0 0 0 0 0 0 0 0 0 0 0
0 26 6 34 51 46 40 36 53 8 9
0 0 0 0 0 0 196.460331312 0 208.147204875 538.0869407687 0 0 0 0 0 0 0 0 0 0 0 0 0 0 0 0 107.2496677808 0 0 0 0 0 0 0 516.721544133 0 274.5598230715 0 0 0 268.1027842434 0 0 0 0 0 166.9547211941 0 0 0 0 354.1404596163 0 79.5765230051 0 0 0 0 0 0
0 1
0 2710.0 0 0 0 0 0 0 0 0 0 0 0 0 0 0 0 0 0 0 0 0 0 0 0 0 0 0 0 0 0 0 0 0 0 0 0 0 0 0 0 0 0 0 0 0 0 0 0 0 0 0 0 0 0 0 0 0 0 0
0 10 11 5 25 14 12 49 15
0 0 0 0 0 255.6238560758 0 0 0 0 237.3032105745 72.1109107548 268.6936529242 0 268.7781272933 1041.3807761936 0 0 0 0 0 0 0 0 0 113.502331141 0 0 0 0 0 0 0 0 0 0 0 0 0 0 0 0 0 0 0 0 0 0 0 452.6071350427 0 0 0 0 0 0 0 0 0 0
0 48 50 19 22 33 45
0 0 0 0 0 0 0 0 0 0 0 0 0 0 0 0 0 0 0 164.6362715671 0 0 299.6012265777 0 0 0 0 0 0 0 0 0 0 937.7291764187 0 0 0 0 0 0 0 0 0 0 0 223.2808744818 0 0 532.2830586921 0 552.4693922627 0 0 0 0 0 0 0 0 0
0 18 55 47 21 56 44 42 39 54 37
0 0 0 0 0 0 0 0 0 0 0 0 0 0 0 0 0 0 271.9070179535 0 0 90.7603239687 0 0 0 0 0 0 0 0 0 0 0 0 0 0 0 103.8995373154 0 259.7573649931 0 0 426.1115779878 0 555.9024647257 0 0 262.0908227691 0 0 0 0 0 0 206.7129159974 265.5016956251 267.3562786642 0 0 0
166014.174 166042.587 0.017 13944.658 20787.328 
0 30 28 43 57 58 52 41
0 0 0 0 0 0 0 0 0 0 0 0 0 0 0 0 0 0 0 0 0 0 0 0 0 0 0 0 653.7106872547 0 461.804171765 0 0 0 0 0 0 0 0 0 0 612.8183157092 0 146.3885870021 0 0 0 0 0 0 0 0 313.3469042198 0 0 0 0 224.685705579 297.2456284702 0
0 3 17 29 16 35 59 4
0 0 0 785.2633161803 660.2036919723 0 0 0 0 0 0 0 0 0 0 0 105.3308420525 220.3731518839 0 0 0 0 0 0 0 0 0 0 0 160.8639045851 0 0 0 0 0 496.4177047107 0 0 0 0 0 0 0 0 0 0 0 0 0 0 0 0 0 0 0 0 0 0 0 281.5473886151
0 2
0 0 2710.0 0 0 0 0 0 0 0 0 0 0 0 0 0 0 0 0 0 0 0 0 0 0 0 0 0 0 0 0 0 0 0 0 0 0 0 0 0 0 0 0 0 0 0 0 0 0 0 0 0 0 0 0 0 0 0 0 0
0 38 20 13 24 32 23 7 31 27
0 0 0 0 0 0 0 165.958258884 0 0 0 0 0 173.2766910285 0 0 0 0 0 0 245.8259434137 0 0 167.8862823305 283.5570744897 0 0 530.9295456075 0 0 0 223.2988190847 239.2189915798 0 0 0 0 0 680.0483935815 0 0 0 0 0 0 0 0 0 0 0 0 0 0 0 0 0 0 0 0 0
0 26 6 34 51 46 40 36 53 8 9
0 0 0 0 0 0 196.460331312 0 208.147204875 538.0869407687 0 0 0 0 0 0 0 0 0 0 0 0 0 0 0 0 107.2496677808 0 0 0 0 0 0 0 516.721544133 0 274.5598230715 0 0 0 268.1027842434 0 0 0 0 0 166.9547211941 0 0 0 0 354.1404596163 0 79.5765230051 0 0 0 0 0 0
0 1
0 2710.0 0 0 0 0 0 0 0 0 0 0 0 0 0 0 0 0 0 0 0 0 0 0 0 0 0 0 0 0 0 0 0 0 0 0 0 0 0 0 0 0 0 0 0 0 0 0 0 0 0 0 0 0 0 0 0 0 0 0
0 10 11 5 25 14 12 49 15
0 0 0 0 0 255.6238560758 0 0 0 0 237.3032105745 72.1109107548 268.6936529242 0 268.7781272933 1041.3807761936 0 0 0 0 0 0 0 0 0 113.502331141 0 0 0 0 0 0 0 0 0 0 0 0 0 0 0 0 0 0 0 0 0 0 0 452.6071350427 0 0 0 0 0 0 0 0 0 0
0 48 50 19 22 33 45
0 0 0 0 0 0 0 0 0 0 0 0 0 0 0 0 0 0 0 164.6362715671 0 0 299.6012265777 0 0 0 0 0 0 0 0 0 0 937.7291764187 0 0 0 0 0 0 0 0 0 0 0 223.2808744818 0 0 532.2830586921 0 552.4693922627 0 0 0 0 0 0 0 0 0
0 18 55 47 21 56 44 42 39 54 37
0 0 0 0 0 0 0 0 0 0 0 0 0 0 0 0 0 0 271.9070179535 0 0 90.7603239687 0 0 0 0 0 0 0 0 0 0 0 0 0 0 0 103.8995373154 0 259.7573649931 0 0 426.1115779878 0 555.9024647257 0 0 262.0908227691 0 0 0 0 0 0 206.7129159974 265.5016956251 267.3562786642 0 0 0
