158179.787 158254.133 0.047 253.121 253.121 
0 2 16
0 0 3652.3536768795 0 0 0 0 0 0 0 0 0 0 0 0 0 1074.6463231205 0 0 0 0 0 0 0 0 0 0 0 0 0
0 23 6 26 12 5 28 24 8 19
0 0 0 0 0 639.5934473646 206.8392701873 0 387.3386747997 0 0 0 826.0545959652 0 0 0 0 0 0 531.8578324153 0 0 0 472.4776725776 174.9902966139 0 898.5808528551 0 589.2673572212 0
0 9 22 27 15 20 3 10 14
0 0 0 1290.8356815649 0 0 0 0 0 285.8377674825 591.5221392004 0 0 0 197.2453183568 671.3010807017 0 0 0 0 410.9754751186 0 912.9790010261 0 0 0 0 366.3035365489 0 0
0 1
0 4727.0 0 0 0 0 0 0 0 0 0 0 0 0 0 0 0 0 0 0 0 0 0 0 0 0 0 0 0 0
0 21 25 29 11 17 13 18 4 7
0 0 0 0 216.6922482484 0 0 992.1899513375 0 0 0 713.3625439411 0 483.4657770297 0 0 0 650.3885958044 208.910502281 0 0 801.7421784829 0 0 0 467.26488842 0 0 0 192.983314455
158179.775 158199.01 0.012 937.702 937.702 
0 1
0 4727.0 0 0 0 0 0 0 0 0 0 0 0 0 0 0 0 0 0 0 0 0 0 0 0 0 0 0 0 0
0 2 21 14
0 0 3725.7113170892 0 0 0 0 0 0 0 0 0 0 0 193.3068409513 0 0 0 0 0 0 807.9818419594 0 0 0 0 0 0 0 0
0 11 15 23 20 3 24 7
0 0 0 1282.6566947674 0 0 0 1013.8195092578 0 0 0 728.9137158125 0 0 0 667.0475860435 0 0 0 0 408.3714543024 0 0 456.9512302684 169.2398095481 0 0 0 0 0
0 9 22 26 13 5 12 28 6
0 0 0 0 0 616.6566414807 199.4216954623 0 0 283.1456726121 0 0 796.4310061752 492.4729760755 0 0 0 0 0 0 0 0 904.3803259556 0 0 0 866.3563598154 0 568.1353224232 0
0 27 29 10 25 16 19 8 18 17 4
0 0 0 0 221.4482324479 0 0 0 374.6644143304 0 587.8594405981 0 0 0 0 0 1111.639335015 664.6633929429 213.4956919036 514.4547039925 0 0 0 0 0 477.5204672157 0 364.0353890656 0 197.2189324882
158179.775 158199.01 0.012 937.702 1515.477 
0 1
0 4727.0 0 0 0 0 0 0 0 0 0 0 0 0 0 0 0 0 0 0 0 0 0 0 0 0 0 0 0 0
0 2 21 14
0 0 3725.7113170892 0 0 0 0 0 0 0 0 0 0 0 193.3068409513 0 0 0 0 0 0 807.9818419594 0 0 0 0 0 0 0 0
0 11 15 23 20 3 24 7
0 0 0 1282.6566947674 0 0 0 1013.8195092578 0 0 0 728.9137158125 0 0 0 667.0475860435 0 0 0 0 408.3714543024 0 0 456.9512302684 169.2398095481 0 0 0 0 0
0 9 22 26 13 5 12 28 6
0 0 0 0 0 616.6566414807 199.4216954623 0 0 283.1456726121 0 0 796.4310061752 492.4729760755 0 0 0 0 0 0 0 0 904.3803259556 0 0 0 866.3563598154 0 568.1353224232 0
0 27 29 10 25 16 19 8 18 17 4
0 0 0 0 221.4482324479 0 0 0 374.6644143304 0 587.8594405981 0 0 0 0 0 1111.639335015 664.6633929429 213.4956919036 514.4547039925 0 0 0 0 0 477.5204672157 0 364.0353890656 0 197.2189324882
158179.775 158199.01 0.012 937.702 1729.083 
0 1
0 4727.0 0 0 0 0 0 0 0 0 0 0 0 0 0 0 0 0 0 0 0 0 0 0 0 0 0 0 0 0
0 2 21 14
0 0 3725.7113170892 0 0 0 0 0 0 0 0 0 0 0 193.3068409513 0 0 0 0 0 0 807.9818419594 0 0 0 0 0 0 0 0
0 11 15 23 20 3 24 7
0 0 0 1282.6566947674 0 0 0 1013.8195092578 0 0 0 728.9137158125 0 0 0 667.0475860435 0 0 0 0 408.3714543024 0 0 456.9512302684 169.2398095481 0 0 0 0 0
0 9 22 26 13 5 12 28 6
0 0 0 0 0 616.6566414807 199.4216954623 0 0 283.1456726121 0 0 796.4310061752 492.4729760755 0 0 0 0 0 0 0 0 904.3803259556 0 0 0 866.3563598154 0 568.1353224232 0
0 27 29 10 25 16 19 8 18 17 4
0 0 0 0 221.4482324479 0 0 0 374.6644143304 0 587.8594405981 0 0 0 0 0 1111.639335015 664.6633929429 213.4956919036 514.4547039925 0 0 0 0 0 477.5204672157 0 364.0353890656 0 197.2189324882
158179.77 158199.01 0.012 937.702 2678.391 
0 1
0 4727.0 0 0 0 0 0 0 0 0 0 0 0 0 0 0 0 0 0 0 0 0 0 0 0 0 0 0 0 0
0 2 21 14
0 0 3725.7113170892 0 0 0 0 0 0 0 0 0 0 0 193.3068409513 0 0 0 0 0 0 807.9818419594 0 0 0 0 0 0 0 0
0 11 15 23 20 3 24 7
0 0 0 1282.6566947674 0 0 0 1013.8195092578 0 0 0 728.9137158125 0 0 0 667.0475860435 0 0 0 0 408.3714543024 0 0 456.9512302684 169.2398095481 0 0 0 0 0
0 9 22 26 13 5 12 28 6
0 0 0 0 0 616.6566414807 199.4216954623 0 0 283.1456726121 0 0 796.4310061752 492.4729760755 0 0 0 0 0 0 0 0 904.3803259556 0 0 0 866.3563598154 0 568.1353224232 0
0 27 29 10 25 16 19 8 18 17 4
0 0 0 0 221.4482324479 0 0 0 374.6644143304 0 587.8594405981 0 0 0 0 0 1111.639335015 664.6633929429 213.4956919036 514.4547039925 0 0 0 0 0 477.5204672157 0 364.0353890656 0 197.2189324882
158179.77 158199.01 0.012 937.702 2930.058 
0 1
0 4727.0 0 0 0 0 0 0 0 0 0 0 0 0 0 0 0 0 0 0 0 0 0 0 0 0 0 0 0 0
0 2 21 14
0 0 3725.7113170892 0 0 0 0 0 0 0 0 0 0 0 193.3068409513 0 0 0 0 0 0 807.9818419594 0 0 0 0 0 0 0 0
0 11 15 23 20 3 24 7
0 0 0 1282.6566947674 0 0 0 1013.8195092578 0 0 0 728.9137158125 0 0 0 667.0475860435 0 0 0 0 408.3714543024 0 0 456.9512302684 169.2398095481 0 0 0 0 0
0 9 22 26 13 5 12 28 6
0 0 0 0 0 616.6566414807 199.4216954623 0 0 283.1456726121 0 0 796.4310061752 492.4729760755 0 0 0 0 0 0 0 0 904.3803259556 0 0 0 866.3563598154 0 568.1353224232 0
0 27 29 10 25 16 19 8 18 17 4
0 0 0 0 221.4482324479 0 0 0 374.6644143304 0 587.8594405981 0 0 0 0 0 1111.639335015 664.6633929429 213.4956919036 514.4547039925 0 0 0 0 0 477.5204672157 0 364.0353890656 0 197.2189324882
