163217.5 163223.78 0.004 1944.671 1944.672 
0 2
0 0 7054.0 0 0 0 0 0 0 0 0 0 0 0 0 0 0 0 0 0 0 0 0 0 0 0 0 0 0 0 0 0 0 0 0 0 0 0 0 0 0 0 0 0 0 0 0 0 0 0 0 0 0 0 0 0 0 0 0 0
0 1
0 7054.0 0 0 0 0 0 0 0 0 0 0 0 0 0 0 0 0 0 0 0 0 0 0 0 0 0 0 0 0 0 0 0 0 0 0 0 0 0 0 0 0 0 0 0 0 0 0 0 0 0 0 0 0 0 0 0 0 0 0
0 3 4 42 12 20 8 31 48
0 0 0 1400.0844643554 1289.6737764324 0 0 0 338.2385764715 0 0 0 399.759404712 0 0 0 0 0 0 0 376.5035829379 0 0 0 0 0 0 0 0 0 0 398.3165679821 0 0 0 0 0 0 0 0 0 0 754.404226343 0 0 0 0 0 947.7659816526 0 0 0 0 0 0 0 0 0 0 0
0 44 5 32 53 51 43 54
0 0 0 0 0 467.7730897306 0 0 0 0 0 0 0 0 0 0 0 0 0 0 0 0 0 0 0 0 0 0 0 0 0 0 448.4409726276 0 0 0 0 0 0 0 0 0 0 283.5838494832 948.6617104424 0 0 0 0 0 0 599.3791641389 0 138.2126188122 394.4279395693 0 0 0 0 0
0 21 24 17 15 23 52 33 25
0 0 0 0 0 0 0 0 0 0 0 0 0 0 0 2045.8444037915 0 410.673097163 0 0 0 170.6362784466 0 327.2485922549 505.1120121758 181.8937476716 0 0 0 0 0 0 0 1417.3051566058 0 0 0 0 0 0 0 0 0 0 0 0 0 0 0 0 0 0 547.7455798282 0 0 0 0 0 0 0
0 56 18 58 7 11 35 29 45 34 22
0 0 0 0 0 0 0 284.0534275909 0 0 0 128.9866948541 0 0 0 0 0 0 503.0089959014 0 0 0 582.4254232635 0 0 0 0 0 0 297.8563929429 0 0 0 0 873.5526419208 1070.3291427493 0 0 0 0 0 0 0 0 0 374.0697331954 0 0 0 0 0 0 0 0 0 0 493.1586389838 0 664.1808933072 0
0 49 13 46 10 30 28 50
0 0 0 0 0 0 0 0 0 0 438.8202215355 0 0 317.2419727054 0 0 0 0 0 0 0 0 0 0 0 0 0 0 1051.0943918234 0 1016.6690255444 0 0 0 0 0 0 0 0 0 0 0 0 0 0 0 291.0534058456 0 0 825.6089839708 1051.4455713697 0 0 0 0 0 0 0 0 0
0 57 27 40 39 6 38 37 59
0 0 0 0 0 0 404.7041665074 0 0 0 0 0 0 0 0 0 0 0 0 0 0 0 0 0 0 0 0 1121.4729638638 0 0 0 0 0 0 0 0 0 194.3262219596 1138.025144256 465.7255006317 489.3339929532 0 0 0 0 0 0 0 0 0 0 0 0 0 0 0 0 327.9000134773 0 577.5153826357
0 9 41 14 36 47 16 55 26 19
0 0 0 0 0 0 0 0 0 790.9176035906 0 0 0 0 463.1364601934 0 209.6414237838 0 0 293.7692847257 0 0 0 0 0 0 186.4357628712 0 0 0 0 0 0 0 0 0 449.0687343866 0 0 0 0 1171.7118894554 0 0 0 0 0 378.2499475584 0 0 0 0 0 0 0 463.0774624051 0 0 0 0
